DIRECTORIO;SECUENCIA_P;ORDEN;HOGAR;REGIS;P7480S1;P7480S1A1;P7480S3;P7480S3A1;P7480S4;P7480S4A1;P7480S5;P7480S5A1;P7480S6;P7480S6A1;P7480S7;P7480S7A1;P7480S8;P7480S8A1;P7480S9;P7480S9A1;P7480S10;P7480S10A1;P7480S11;P7480S11A1;AREA;MES;DPTO;fex_c_2011
6037206;1;1;1;90;2;;1;2;2;;2;;2;;2;;2;;2;;2;;2;;05;12;05;1296.0920571
6037206;1;2;1;90;2;;1;5;2;;2;;2;;2;;2;;2;;2;;2;;05;12;05;1296.0920571
6037207;1;1;1;90;2;;1;2;2;;2;;2;;2;;2;;2;;2;;2;;05;12;05;1451.2911784
6037207;1;2;1;90;2;;1;24;2;;1;10;2;;2;;1;20;2;;2;;2;;05;12;05;1451.2911784
6037207;1;3;1;90;2;;1;3;2;;1;4;2;;2;;2;;2;;2;;2;;05;12;05;1451.2911784
6037207;1;4;1;90;2;;1;18;2;;1;30;2;;2;;2;;2;;2;;2;;05;12;05;1451.2911784
6037207;1;5;1;90;2;;1;10;2;;1;24;2;;2;;2;;2;;2;;2;;05;12;05;1451.2911784
6037209;1;1;1;90;2;;1;21;2;;2;;2;;2;;2;;2;;2;;2;;05;12;05;1193.1034902
6037209;1;2;1;90;2;;1;8;2;;2;;2;;2;;2;;2;;2;;2;;05;12;05;1193.1034902
6037210;1;1;1;90;2;;2;;2;;2;;2;;2;;2;;2;;2;;2;;05;12;05;1155.4021972
6037210;1;2;1;90;2;;1;20;2;;2;;2;;2;;2;;2;;2;;2;;05;12;05;1155.4021972
6037210;1;3;1;90;2;;1;10;2;;2;;2;;2;;2;;2;;2;;2;;05;12;05;1155.4021972
6037211;1;1;1;90;2;;1;18;2;;2;;2;;2;;2;;2;;2;;2;;05;12;05;1094.94295
6037211;1;2;1;90;2;;2;;2;;2;;2;;2;;2;;2;;2;;2;;05;12;05;1094.94295
6037211;1;3;1;90;2;;2;;2;;2;;2;;2;;2;;2;;2;;2;;05;12;05;1094.94295
6037212;1;1;1;90;2;;1;10;2;;2;;2;;2;;2;;2;;2;;2;;05;12;05;1078.5893
6037212;1;2;1;90;2;;1;18;2;;2;;2;;2;;2;;2;;2;;2;;05;12;05;1078.5893
6037212;1;3;1;90;2;;1;2;2;;2;;2;;2;;2;;2;;2;;2;;05;12;05;1078.5893
6037212;1;4;1;90;2;;1;20;2;;2;;2;;2;;2;;2;;2;;2;;05;12;05;1078.5893
6037213;1;1;1;90;2;;1;42;2;;2;;2;;2;;2;;2;;2;;2;;05;12;05;1211.9829563
6037213;1;2;1;90;2;;1;7;2;;2;;2;;2;;2;;2;;2;;2;;05;12;05;1211.9829563
6037213;1;3;1;90;2;;1;4;2;;2;;2;;2;;2;;2;;2;;1;4;05;12;05;1211.9829563
6037214;1;1;1;90;2;;1;7;2;;1;2;2;;2;;2;;2;;2;;2;;05;12;05;1253.5627375
6037214;1;2;1;90;2;;1;21;2;;2;;2;;2;;2;;2;;2;;1;8;05;12;05;1253.5627375
6037215;1;1;1;90;2;;1;28;2;;1;35;2;;2;;2;;2;;2;;2;;05;12;05;1628.732793
6037215;1;2;1;90;2;;1;21;2;;1;28;2;;2;;2;;2;;2;;2;;05;12;05;1628.732793
6037216;1;1;1;90;2;;1;10;2;;2;;2;;2;;2;;2;;2;;2;;05;12;05;1372.9049543
6037217;1;1;1;90;2;;1;21;2;;2;;2;;2;;2;;2;;2;;2;;05;12;05;1365.4612961
6037218;1;1;1;90;2;;1;24;2;;2;;2;;2;;2;;2;;2;;2;;05;12;05;1296.0920571
6037218;1;2;1;90;2;;1;14;2;;2;;2;;2;;2;;2;;2;;2;;05;12;05;1296.0920571
6037219;1;1;1;90;2;;1;35;2;;2;;2;;2;;2;;2;;2;;2;;05;12;05;1261.0063958
6037219;1;2;1;90;2;;1;7;2;;2;;2;;2;;2;;2;;2;;2;;05;12;05;1261.0063958
6037220;1;1;1;90;2;;2;;2;;2;;2;;2;;2;;2;;2;;2;;05;12;05;1642.4708113
6037220;1;2;1;90;2;;1;30;2;;1;30;2;;2;;2;;2;;2;;2;;05;12;05;1642.4708113
6037221;1;1;1;90;2;;1;20;2;;2;;2;;2;;2;;2;;2;;2;;05;12;05;1372.9049543
6037222;1;1;1;90;2;;1;14;2;;2;;2;;2;;2;;2;;2;;2;;05;12;05;1136.5227312
6037222;1;2;1;90;2;;1;14;2;;2;;2;;2;;2;;2;;2;;2;;05;12;05;1136.5227312
6037223;1;1;1;90;2;;1;20;2;;2;;2;;2;;2;;2;;2;;2;;05;12;05;1253.5627375
6037223;1;2;1;90;2;;2;;2;;2;;2;;2;;2;;2;;2;;2;;05;12;05;1253.5627375
6037224;1;1;1;90;2;;1;2;2;;2;;2;;2;;2;;2;;2;;2;;05;12;05;1296.0920571
6037224;1;2;1;90;2;;1;20;2;;2;;2;;2;;2;;2;;2;;2;;05;12;05;1296.0920571
6037225;1;1;1;90;2;;1;14;2;;2;;2;;2;;2;;2;;2;;2;;05;12;05;1365.4612961
6037226;1;1;1;90;2;;1;11;2;;2;;2;;2;;2;;2;;2;;2;;05;12;05;932.55461846
6037226;1;2;1;90;2;;2;;2;;2;;2;;2;;2;;2;;2;;2;;05;12;05;932.55461846
6037226;1;3;1;90;2;;1;20;2;;2;;2;;2;;2;;2;;2;;2;;05;12;05;932.55461846
6037226;1;4;1;90;2;;2;;2;;2;;2;;2;;2;;2;;2;;2;;05;12;05;932.55461846
6037226;1;5;1;90;2;;1;2;2;;2;;2;;2;;2;;2;;2;;2;;05;12;05;932.55461846
6037226;1;6;1;90;2;;2;;2;;2;;2;;2;;1;2;2;;2;;2;;05;12;05;932.55461846
6037227;1;1;1;90;2;;1;20;2;;1;30;2;;2;;2;;2;;2;;2;;05;12;05;1530.2828685
6037227;1;2;1;90;2;;1;2;2;;1;10;2;;2;;2;;2;;2;;1;20;05;12;05;1530.2828685
6037227;1;3;1;90;2;;2;;2;;2;;2;;2;;2;;2;;2;;2;;05;12;05;1530.2828685
6037229;1;1;1;90;2;;1;20;2;;1;10;2;;2;;2;;2;;2;;2;;05;12;05;1460.9136295
6037229;1;2;1;90;2;;1;12;2;;2;;2;;2;;2;;2;;2;;2;;05;12;05;1460.9136295
6037229;1;4;1;90;2;;1;18;2;;2;;2;;2;;2;;2;;2;;2;;05;12;05;1460.9136295
6037229;1;5;1;90;2;;1;16;2;;2;;2;;2;;2;;2;;2;;2;;05;12;05;1460.9136295
6037231;1;1;1;90;2;;2;;2;;1;5;2;;2;;2;;2;;2;;2;;05;12;05;1585.600668
6037231;1;3;1;90;2;;1;28;2;;1;16;2;;2;;2;;2;;2;;2;;05;12;05;1585.600668
6037232;1;1;1;90;2;;1;10;2;;2;;2;;2;;2;;2;;2;;2;;05;12;05;1571.8626497
6037232;1;2;1;90;2;;1;20;2;;2;;2;;2;;2;;2;;2;;2;;05;12;05;1571.8626497
6037233;1;1;1;90;2;;1;12;2;;2;;2;;2;;2;;2;;2;;2;;05;12;05;1136.5227312
6037233;1;2;1;90;2;;1;10;2;;2;;2;;2;;2;;2;;2;;2;;05;12;05;1136.5227312
6037235;1;1;1;90;2;;1;4;2;;2;;2;;2;;2;;2;;2;;2;;05;12;05;1155.4021972
6037235;1;2;1;90;2;;1;20;2;;2;;2;;2;;2;;2;;2;;2;;05;12;05;1155.4021972
6037235;1;3;1;90;2;;1;2;2;;2;;2;;2;;2;;2;;2;;2;;05;12;05;1155.4021972
6037236;1;1;1;90;2;;1;21;2;;1;28;2;;2;;2;;2;;2;;2;;05;12;05;1789.6773011
6037236;1;2;1;90;2;;1;7;2;;2;;2;;2;;2;;2;;2;;2;;05;12;05;1789.6773011
6037237;1;1;1;90;2;;1;1;2;;2;;2;;2;;2;;2;;2;;2;;05;12;05;1211.9829563
6037237;1;2;1;90;2;;1;18;2;;2;;2;;2;;2;;2;;2;;2;;05;12;05;1211.9829563
6037237;1;3;1;90;2;;2;;2;;2;;2;;2;;2;;2;;2;;2;;05;12;05;1211.9829563
6037238;1;1;1;90;2;;1;10;2;;2;;2;;2;;2;;2;;2;;2;;05;12;05;1151.523709
6037238;1;2;1;90;2;;2;;2;;2;;2;;2;;2;;2;;2;;2;;05;12;05;1151.523709
6037238;1;3;1;90;2;;2;;2;;2;;2;;2;;2;;2;;2;;2;;05;12;05;1151.523709
6037239;1;1;1;90;2;;1;20;2;;2;;2;;2;;2;;2;;2;;2;;05;12;05;1113.822416
6037239;1;2;1;90;2;;2;;2;;2;;2;;2;;2;;2;;2;;2;;05;12;05;1113.822416
6037239;1;3;1;90;2;;2;;2;;2;;2;;2;;2;;2;;2;;2;;05;12;05;1113.822416
6037239;1;4;1;90;2;;2;;2;;2;;2;;2;;2;;2;;2;;2;;05;12;05;1113.822416
6037240;1;1;1;90;2;;1;15;2;;2;;2;;2;;2;;2;;2;;2;;05;12;05;1296.0920571
6037240;1;2;1;90;2;;1;24;2;;2;;2;;2;;2;;2;;2;;2;;05;12;05;1296.0920571
6037241;1;1;1;90;2;;1;35;2;;2;;2;;2;;2;;2;;2;;1;2;05;12;05;1063.332643
6037241;1;2;1;90;2;;2;;2;;2;;2;;2;;2;;2;;2;;2;;05;12;05;1063.332643
6037241;1;3;1;90;2;;2;;2;;2;;2;;2;;2;;2;;2;;2;;05;12;05;1063.332643
6037241;1;4;1;90;2;;1;14;2;;2;;2;;2;;2;;2;;2;;2;;05;12;05;1063.332643
6037241;1;5;1;90;2;;1;21;2;;2;;2;;2;;2;;2;;2;;2;;05;12;05;1063.332643
6037241;1;6;1;90;2;;2;;2;;2;;2;;2;;2;;2;;2;;2;;05;12;05;1063.332643
6037242;1;1;1;90;2;;1;30;2;;2;;1;20;2;;2;;2;;2;;2;;05;12;05;1410.9181416
6037242;1;2;1;90;2;;1;5;2;;2;;2;;2;;2;;2;;2;;2;;05;12;05;1410.9181416
6037243;1;1;1;90;2;;2;;2;;2;;2;;2;;2;;2;;2;;2;;05;12;05;1211.9829563
6037243;1;2;1;90;2;;1;20;2;;2;;2;;2;;2;;2;;2;;2;;05;12;05;1211.9829563
6037243;1;3;1;90;2;;2;;2;;2;;2;;2;;2;;2;;2;;2;;05;12;05;1211.9829563
6037244;1;1;1;90;2;;1;10;2;;1;10;2;;2;;2;;2;;2;;2;;05;12;05;1750.4222404
6037244;1;2;1;90;2;;1;20;2;;1;40;2;;2;;2;;2;;2;;1;10;05;12;05;1750.4222404
6037244;1;3;1;90;2;;1;10;2;;2;;2;;2;;2;;2;;2;;2;;05;12;05;1750.4222404
6037244;1;4;1;90;2;;1;10;2;;2;;2;;2;;2;;2;;2;;2;;05;12;05;1750.4222404
6037245;1;1;1;90;2;;1;20;2;;2;;2;;2;;2;;2;;2;;2;;05;12;05;1136.5227312
6037245;1;2;1;90;2;;1;14;2;;2;;2;;2;;2;;2;;2;;2;;05;12;05;1136.5227312
6037246;1;1;1;90;2;;1;30;2;;1;30;2;;2;;2;;2;;2;;1;6;05;12;05;1571.8626497
6037246;1;2;1;90;2;;1;20;2;;1;35;2;;2;;2;;2;;2;;2;;05;12;05;1571.8626497
6037247;1;1;1;90;2;;1;14;2;;2;;2;;2;;2;;2;;2;;2;;05;12;05;1314.9715231
6037247;1;2;1;90;2;;1;20;2;;2;;2;;2;;2;;2;;2;;2;;05;12;05;1314.9715231
6037247;1;3;1;90;2;;2;;2;;2;;2;;2;;2;;2;;2;;2;;05;12;05;1314.9715231
6037248;1;1;1;90;2;;2;;2;;2;;2;;2;;2;;2;;2;;2;;05;12;05;1652.4051566
6037248;1;2;1;90;2;;1;28;2;;1;40;2;;2;;2;;2;;2;;2;;05;12;05;1652.4051566
6037248;1;5;1;90;2;;1;14;2;;1;7;2;;2;;2;;2;;2;;2;;05;12;05;1652.4051566
6037249;1;1;1;90;2;;2;;2;;2;;2;;2;;2;;2;;2;;2;;05;12;05;1476.1702864
6037249;1;2;1;90;2;;1;35;2;;1;20;2;;2;;2;;2;;2;;2;;05;12;05;1476.1702864
6037250;1;1;1;90;2;;1;20;2;;2;;2;;2;;2;;2;;2;;2;;05;12;05;1365.4612961
6037251;1;1;1;90;2;;1;7;2;;2;;2;;2;;1;3;1;5;2;;2;;05;12;05;1113.822416
6037251;1;2;1;90;2;;1;35;2;;2;;2;;2;;2;;2;;2;;2;;05;12;05;1113.822416
6037251;1;3;1;90;2;;1;7;2;;2;;2;;2;;1;9;2;;2;;2;;05;12;05;1113.822416
6037251;1;4;1;90;2;;1;7;2;;2;;2;;2;;2;;2;;2;;2;;05;12;05;1113.822416
6037252;1;1;1;90;2;;1;14;2;;2;;2;;2;;1;2;2;;2;;2;;05;12;05;1150.2607494
6037252;1;2;1;90;2;;1;14;2;;2;;2;;2;;1;2;2;;2;;2;;05;12;05;1150.2607494
6037253;1;1;1;90;2;;1;18;2;;2;;2;;2;;2;;2;;2;;2;;05;12;05;2017.2603313
6037253;1;2;1;90;2;;2;;2;;2;;2;;2;;2;;2;;2;;2;;05;12;05;2017.2603313
6037253;1;6;1;90;2;;2;;2;;2;;2;;2;;2;;2;;2;;2;;05;12;05;2017.2603313
6037254;1;1;1;90;2;;1;14;2;;2;;2;;2;;2;;2;;2;;2;;05;12;05;1211.9829563
6037254;1;2;1;90;2;;1;3;2;;2;;2;;2;;2;;2;;2;;2;;05;12;05;1211.9829563
6037254;1;3;1;90;2;;1;8;2;;2;;2;;2;;2;;2;;2;;2;;05;12;05;1211.9829563
6037255;1;1;1;90;2;;1;21;2;;1;50;2;;2;;2;;2;;2;;2;;05;12;05;1691.5167608
6037255;1;2;1;90;2;;1;2;2;;1;28;2;;2;;2;;2;;2;;2;;05;12;05;1691.5167608
6037255;1;4;1;90;2;;1;21;2;;1;84;2;;2;;2;;2;;2;;2;;05;12;05;1691.5167608
6037256;1;1;1;90;2;;1;42;2;;2;;1;7;2;;2;;2;;2;;2;;05;12;05;1238.1586259
6037256;1;2;1;90;2;;2;;2;;2;;2;;2;;2;;2;;2;;2;;05;12;05;1238.1586259
6037256;1;3;1;90;2;;1;7;2;;2;;2;;2;;2;;2;;2;;2;;05;12;05;1238.1586259
6037256;1;4;1;90;2;;2;;2;;2;;2;;2;;2;;1;14;2;;2;;05;12;05;1238.1586259
6037257;1;1;1;90;2;;2;;1;14;2;;2;;2;;2;;2;;2;;2;;05;12;05;1225.7209745
6037257;1;2;1;90;2;;1;12;2;;2;;2;;2;;2;;2;;2;;2;;05;12;05;1225.7209745
6037257;1;3;1;90;2;;1;12;2;;2;;2;;2;;2;;2;;2;;2;;05;12;05;1225.7209745
6037258;1;1;1;90;2;;2;;2;;2;;2;;2;;2;;2;;2;;2;;05;12;05;1432.1223282
6037258;1;2;1;90;2;;1;12;2;;1;8;2;;2;;2;;2;;2;;2;;05;12;05;1432.1223282
6037258;1;3;1;90;2;;1;5;2;;2;;2;;2;;2;;2;;2;;2;;05;12;05;1432.1223282
6037258;2;1;2;90;2;;1;15;2;;1;30;2;;2;;2;;2;;2;;2;;05;12;05;1432.1223282
6037259;1;1;1;90;2;;2;;2;;2;;2;;2;;2;;2;;2;;2;;05;12;05;1155.4021972
6037259;1;2;1;90;2;;1;28;2;;2;;2;;2;;2;;2;;2;;2;;05;12;05;1155.4021972
6037259;1;3;1;90;2;;1;14;2;;2;;2;;2;;2;;2;;2;;2;;05;12;05;1155.4021972
6037263;1;1;1;90;2;;1;70;2;;2;;1;30;2;;2;;2;;2;;2;;05;12;05;1399.2280787
6037263;1;2;1;90;2;;2;;2;;2;;2;;2;;2;;2;;2;;2;;05;12;05;1399.2280787
6037264;1;1;1;90;2;;1;2;2;;2;;2;;2;;2;;2;;2;;2;;05;12;05;1142.6137173
6037264;1;2;1;90;2;;1;30;2;;2;;2;;2;;2;;2;;2;;2;;05;12;05;1142.6137173
6037264;1;3;1;90;2;;2;;2;;2;;2;;2;;2;;2;;2;;2;;05;12;05;1142.6137173
6037264;1;4;1;90;2;;1;10;2;;2;;2;;2;;2;;2;;2;;2;;05;12;05;1142.6137173
6037265;1;1;1;90;2;;1;1;2;;2;;2;;2;;2;;2;;2;;2;;05;12;05;1571.8626497
6037265;1;2;1;90;2;;1;30;2;;2;;2;;2;;2;;2;;2;;2;;05;12;05;1571.8626497
6037266;1;1;1;90;2;;1;2;2;;2;;2;;2;;2;;2;;2;;2;;05;12;05;1352.7304552
6037266;1;2;1;90;2;;1;12;2;;2;;2;;2;;2;;2;;2;;2;;05;12;05;1352.7304552
6037266;1;3;1;90;2;;1;30;2;;2;;2;;2;;2;;2;;2;;2;;05;12;05;1352.7304552
6037266;1;4;1;90;2;;2;;2;;2;;2;;2;;2;;2;;2;;2;;05;12;05;1352.7304552
6037266;1;5;1;90;2;;2;;2;;2;;2;;2;;2;;2;;2;;2;;05;12;05;1352.7304552
6037267;1;1;1;90;2;;1;10;2;;2;;2;;2;;2;;2;;2;;2;;05;12;05;1253.5627375
6037267;1;2;1;90;2;;1;1;2;;2;;2;;2;;2;;2;;2;;2;;05;12;05;1253.5627375
6037269;1;1;1;90;2;;2;;2;;2;;2;;2;;2;;2;;2;;2;;05;12;05;1293.6238801
6037269;1;2;1;90;2;;1;20;2;;2;;2;;2;;2;;2;;2;;2;;05;12;05;1293.6238801
6037269;1;3;1;90;2;;1;12;2;;2;;2;;2;;2;;2;;2;;2;;05;12;05;1293.6238801
6037270;1;1;1;90;2;;1;20;2;;2;;1;14;2;;2;;2;;2;;2;;05;12;05;1253.5627375
6037270;1;2;1;90;2;;1;9;2;;2;;2;;2;;2;;2;;2;;2;;05;12;05;1253.5627375
6037272;1;1;1;90;2;;1;35;2;;2;;2;;2;;2;;1;7;2;;2;;05;12;05;1269.7689328
6037273;1;1;1;90;2;;1;30;2;;2;;2;;2;;2;;2;;2;;2;;05;12;05;1261.0063958
6037273;1;2;1;90;2;;1;25;2;;2;;2;;2;;2;;2;;2;;2;;05;12;05;1261.0063958
6037274;1;1;1;90;2;;1;70;2;;1;40;2;;2;;2;;2;;2;;2;;05;12;05;1296.0920571
6037274;1;2;1;90;2;;2;;2;;2;;2;;2;;2;;2;;2;;2;;05;12;05;1296.0920571
6037276;1;1;1;90;2;;1;7;2;;2;;2;;2;;2;;2;;2;;2;;05;12;05;1248.4212897
6037277;1;1;1;90;2;;1;14;2;;2;;2;;2;;2;;2;;2;;2;;05;12;05;1552.9831837
6037278;1;1;1;90;2;;1;4;2;;2;;2;;2;;2;;2;;2;;2;;05;12;05;1113.822416
6037278;1;2;1;90;2;;1;35;2;;2;;2;;2;;2;;2;;2;;2;;05;12;05;1113.822416
6037278;1;3;1;90;2;;1;21;2;;2;;2;;2;;2;;2;;2;;2;;05;12;05;1113.822416
6037278;1;4;1;90;2;;2;;2;;2;;2;;2;;2;;2;;2;;2;;05;12;05;1113.822416
6037279;1;1;1;90;2;;1;2;2;;2;;2;;2;;2;;2;;2;;2;;05;12;05;1269.7689328
6037280;1;1;1;90;2;;1;10;2;;1;15;2;;2;;2;;2;;2;;2;;05;12;05;1598.185774
6037280;1;2;1;90;2;;1;2;2;;1;10;2;;2;;2;;2;;2;;2;;05;12;05;1598.185774
6037280;1;4;1;90;2;;1;21;2;;1;12;2;;2;;2;;2;;2;;2;;05;12;05;1598.185774
6037281;1;1;1;90;2;;1;5;2;;2;;2;;2;;2;;2;;2;;2;;05;12;05;1108.6809682
6037281;1;2;1;90;2;;1;3;2;;2;;2;;2;;2;;2;;2;;2;;05;12;05;1108.6809682
6037281;1;3;1;90;2;;1;5;2;;2;;2;;2;;2;;2;;2;;2;;05;12;05;1108.6809682
6037282;1;1;1;90;2;;1;2;2;;2;;1;10;2;;2;;2;;2;;2;;05;12;05;1135.170059
6037282;1;2;1;90;2;;1;26;2;;2;;1;32;2;;2;;2;;2;;2;;05;12;05;1135.170059
6037282;1;3;1;90;2;;2;;2;;2;;2;;2;;2;;2;;2;;2;;05;12;05;1135.170059
6037282;1;4;1;90;2;;1;1;2;;2;;1;5;2;;2;;2;;2;;2;;05;12;05;1135.170059
6037283;1;1;1;90;2;;2;;2;;2;;2;;2;;2;;2;;2;;2;;05;12;05;1253.5627375
6037283;1;2;1;90;2;;1;12;2;;2;;2;;2;;2;;2;;2;;2;;05;12;05;1253.5627375
6037284;1;1;1;90;2;;1;2;2;;2;;2;;2;;2;;2;;2;;2;;05;12;05;1365.4612961
6037285;1;1;1;90;2;;1;8;2;;2;;2;;2;;2;;2;;2;;2;;05;12;05;1471.3773889
6037285;1;2;1;90;2;;1;11;2;;1;20;2;;2;;2;;2;;2;;2;;05;12;05;1471.3773889
6037286;1;1;1;90;2;;1;12;2;;2;;2;;2;;2;;2;;2;;2;;05;12;05;1571.8626497
6037286;1;2;1;90;2;;1;15;2;;2;;2;;2;;2;;2;;2;;2;;05;12;05;1571.8626497
6037287;1;1;1;90;2;;1;14;2;;2;;2;;2;;2;;2;;2;;2;;05;12;05;1157.8703742
6037287;1;2;1;90;2;;1;18;2;;2;;2;;2;;2;;2;;2;;2;;05;12;05;1157.8703742
6037288;1;1;1;90;2;;1;12;2;;2;;2;;2;;2;;2;;2;;2;;05;12;05;1571.8626497
6037288;1;2;1;90;2;;1;16;2;;2;;2;;2;;2;;2;;2;;2;;05;12;05;1571.8626497
6037289;1;1;1;90;2;;1;28;2;;2;;2;;2;;2;;2;;2;;2;;05;12;05;1274.7444141
6037289;1;2;1;90;2;;1;14;2;;2;;2;;2;;2;;2;;2;;2;;05;12;05;1274.7444141
6037290;1;1;1;90;2;;1;12;2;;2;;2;;2;;2;;2;;2;;2;;05;12;05;1253.5627375
6037290;1;2;1;90;2;;1;14;2;;2;;2;;2;;2;;2;;2;;2;;05;12;05;1253.5627375
6037291;1;1;1;90;2;;1;42;2;;2;;2;;2;;2;;2;;2;;2;;05;12;05;1372.9049543
6037292;1;1;1;90;2;;1;42;2;;2;;2;;2;;2;;2;;2;;2;;05;12;05;1331.3251731
6037292;1;2;1;90;2;;1;7;2;;2;;2;;2;;1;2;2;;2;;1;10;05;12;05;1331.3251731
6037293;1;1;1;90;2;;2;;2;;1;7;2;;2;;2;;2;;2;;2;;05;12;05;1571.8626497
6037293;1;2;1;90;2;;1;28;2;;1;35;2;;2;;2;;2;;2;;2;;05;12;05;1571.8626497
6037294;1;1;1;90;2;;1;7;2;;2;;2;;2;;2;;2;;2;;2;;05;12;05;1253.5627375
6037294;1;2;1;90;2;;1;7;2;;2;;2;;2;;2;;2;;2;;2;;05;12;05;1253.5627375
6037296;1;1;1;90;2;;1;21;2;;1;14;2;;2;;2;;2;;2;;2;;05;12;05;2007.4919525
6037296;1;2;1;90;2;;2;;2;;2;;2;;2;;2;;2;;2;;2;;05;12;05;2007.4919525
6037297;1;1;1;90;2;;1;24;2;;2;;2;;2;;2;;2;;2;;2;;05;12;05;1372.9049543
6037298;1;1;1;90;2;;1;21;2;;2;;2;;2;;2;;2;;2;;2;;05;12;05;1391.7844204
6037298;1;2;1;90;2;;2;;2;;2;;2;;2;;1;2;2;;2;;2;;05;12;05;1391.7844204
6037301;1;1;1;90;2;;1;30;2;;2;;2;;2;;2;;2;;2;;2;;05;12;05;1086.0329583
6037301;1;2;1;90;2;;1;7;2;;2;;2;;2;;1;3;2;;2;;1;24;05;12;05;1086.0329583
6037301;1;3;1;90;2;;1;7;2;;2;;2;;2;;2;;2;;2;;2;;05;12;05;1086.0329583
6037301;1;4;1;90;2;;2;;2;;2;;2;;2;;2;;2;;2;;2;;05;12;05;1086.0329583
6037302;1;1;1;90;2;;2;;2;;2;;2;;2;;2;;2;;2;;2;;05;12;05;1316.0685162
6037302;1;2;1;90;2;;1;1;2;;2;;2;;2;;2;;2;;2;;2;;05;12;05;1316.0685162
6037302;1;3;1;90;2;;1;7;2;;2;;2;;2;;2;;2;;2;;2;;05;12;05;1316.0685162
6037302;1;4;1;90;2;;1;3;2;;2;;2;;2;;2;;2;;2;;2;;05;12;05;1316.0685162
6037303;1;1;1;90;2;;1;20;2;;2;;1;2;2;;2;;2;;2;;2;;05;12;05;1391.7844204
6037303;1;2;1;90;2;;2;;2;;2;;2;;2;;2;;2;;2;;2;;05;12;05;1391.7844204
6037304;1;1;1;90;2;;1;35;2;;2;;2;;2;;2;;2;;2;;2;;05;12;05;1372.9049543
6037305;1;1;1;90;2;;1;20;2;;2;;2;;2;;2;;2;;2;;2;;05;12;05;1091.9764897
6037305;1;2;1;90;2;;1;14;2;;2;;2;;2;;2;;2;;2;;2;;05;12;05;1091.9764897
6037305;1;3;1;90;2;;1;14;2;;2;;2;;2;;2;;1;4;2;;2;;05;12;05;1091.9764897
6037305;1;4;1;90;2;;2;;2;;2;;2;;2;;2;;2;;2;;2;;05;12;05;1091.9764897
6037305;1;5;1;90;2;;1;20;2;;2;;2;;2;;2;;2;;2;;2;;05;12;05;1091.9764897
6037305;1;6;1;90;2;;1;7;2;;2;;2;;2;;2;;2;;2;;2;;05;12;05;1091.9764897
6037306;1;1;1;90;2;;2;;2;;2;;2;;2;;2;;2;;2;;2;;05;12;05;1399.2280787
6037306;1;2;1;90;2;;1;20;2;;2;;1;30;2;;2;;2;;2;;2;;05;12;05;1399.2280787
6037308;1;1;1;90;2;;2;;2;;2;;2;;2;;2;;2;;2;;2;;05;12;05;1267.3007558
6037308;1;2;1;90;2;;1;15;2;;1;5;2;;2;;1;3;2;;2;;2;;05;12;05;1267.3007558
6037309;1;1;1;90;2;;1;20;2;;2;;2;;2;;2;;2;;2;;2;;05;12;05;1141.6641789
6037309;1;2;1;90;2;;1;20;2;;2;;2;;2;;2;;2;;2;;2;;05;12;05;1141.6641789
6037309;1;3;1;90;2;;1;15;2;;2;;2;;2;;2;;2;;2;;2;;05;12;05;1141.6641789
6037310;1;1;1;90;2;;1;4;2;;2;;2;;2;;2;;2;;2;;2;;05;12;05;1135.170059
6037310;1;2;1;90;2;;1;5;2;;2;;2;;2;;2;;2;;2;;2;;05;12;05;1135.170059
6037310;1;3;1;90;2;;1;1;2;;2;;2;;2;;2;;2;;2;;2;;05;12;05;1135.170059
6037310;1;4;1;90;2;;2;;2;;2;;2;;2;;2;;2;;2;;2;;05;12;05;1135.170059
6037311;1;1;1;90;2;;2;;2;;2;;2;;2;;2;;2;;2;;2;;05;12;05;1253.5627375
6037311;1;2;1;90;2;;1;4;2;;2;;2;;2;;2;;2;;2;;2;;05;12;05;1253.5627375
6037312;1;1;1;90;2;;1;10;2;;2;;2;;2;;2;;2;;2;;2;;05;12;05;1234.6832715
6037313;1;1;1;90;2;;1;24;2;;1;24;2;;2;;2;;2;;2;;2;;05;12;05;1566.7212019
6037315;1;1;1;90;2;;1;7;2;;2;;2;;2;;2;;2;;2;;2;;05;12;05;1529.1284293
6037315;1;2;1;90;2;;1;20;2;;1;10;2;;2;;2;;2;;2;;2;;05;12;05;1529.1284293
6037315;1;3;1;90;2;;2;;2;;2;;2;;2;;2;;2;;2;;2;;05;12;05;1529.1284293
6037315;1;4;1;90;2;;1;6;2;;1;12;1;8;2;;2;;2;;2;;2;;05;12;05;1529.1284293
6037315;1;5;1;90;2;;1;14;2;;2;;2;;2;;2;;2;;2;;2;;05;12;05;1529.1284293
6037315;1;7;1;90;2;;1;8;2;;1;9;2;;2;;2;;2;;2;;2;;05;12;05;1529.1284293
6037316;1;1;1;90;2;;1;20;2;;2;;2;;2;;1;10;2;;2;;2;;05;12;05;1088.706229
6037316;1;2;1;90;2;;2;;2;;2;;2;;2;;2;;2;;2;;2;;05;12;05;1088.706229
6037316;1;3;1;90;2;;1;20;2;;2;;2;;2;;2;;2;;2;;2;;05;12;05;1088.706229
6037316;1;4;1;90;2;;1;20;2;;2;;2;;2;;2;;2;;2;;2;;05;12;05;1088.706229
6037316;1;5;1;90;2;;1;10;2;;2;;2;;2;;2;;2;;2;;2;;05;12;05;1088.706229
6037316;1;6;1;90;2;;1;30;2;;2;;2;;2;;2;;2;;2;;2;;05;12;05;1088.706229
6037317;1;1;1;90;2;;2;;2;;2;;2;;2;;2;;2;;2;;2;;05;12;05;1057.2416569
6037317;1;2;1;90;2;;1;18;2;;2;;2;;2;;2;;2;;2;;2;;05;12;05;1057.2416569
6037317;1;3;1;90;2;;2;;2;;2;;2;;2;;2;;2;;2;;2;;05;12;05;1057.2416569
6037317;1;4;1;90;2;;2;;2;;2;;2;;2;;2;;2;;2;;2;;05;12;05;1057.2416569
6037318;1;1;1;90;2;;1;20;2;;1;50;2;;2;;2;;2;;2;;2;;05;12;05;1452.4979229
6037319;1;1;1;90;2;;1;30;2;;2;;2;;2;;2;;2;;2;;2;;05;12;05;1253.5627375
6037319;1;2;1;90;2;;1;30;2;;2;;2;;2;;2;;2;;2;;2;;05;12;05;1253.5627375
6037320;1;1;1;90;2;;1;16;2;;2;;2;;2;;2;;2;;2;;2;;05;12;05;1234.6832715
6037321;1;1;1;90;2;;1;14;2;;2;;2;;2;;2;;2;;2;;2;;05;12;05;1109.9439278
6037321;1;2;1;90;2;;2;;2;;2;;2;;2;;2;;2;;2;;2;;05;12;05;1109.9439278
6037321;1;3;1;90;2;;1;5;2;;2;;2;;2;;2;;2;;2;;2;;05;12;05;1109.9439278
6037321;1;4;1;90;2;;1;7;2;;2;;2;;2;;2;;2;;2;;2;;05;12;05;1109.9439278
6037323;1;1;1;90;2;;1;44;2;;2;;2;;2;;2;;2;;2;;2;;05;12;05;1530.5722527
6037323;1;2;1;90;2;;1;7;2;;2;;2;;2;;2;;2;;2;;2;;05;12;05;1530.5722527
6037323;1;3;1;90;2;;1;7;2;;2;;2;;2;;2;;2;;2;;2;;05;12;05;1530.5722527
6037324;1;1;1;90;2;;1;14;2;;2;;2;;2;;2;;2;;2;;1;15;05;12;05;1267.3007558
6037324;1;2;1;90;2;;1;2;2;;2;;2;;2;;2;;2;;2;;2;;05;12;05;1267.3007558
6037325;1;1;1;90;2;;1;14;2;;2;;2;;2;;2;;2;;2;;2;;05;12;05;1432.1223282
6037325;1;2;1;90;2;;1;42;2;;2;;2;;2;;2;;2;;2;;2;;05;12;05;1432.1223282
6037325;1;3;1;90;2;;1;5;2;;1;89;2;;2;;2;;2;;2;;2;;05;12;05;1432.1223282
6037325;1;4;1;90;2;;1;1;2;;1;72;2;;2;;2;;2;;2;;2;;05;12;05;1432.1223282
6037326;1;1;1;90;2;;1;35;2;;1;48;2;;2;;2;;2;;2;;2;;05;12;05;1497.7005132
6037326;1;2;1;90;2;;1;7;2;;2;;2;;2;;2;;2;;2;;2;;05;12;05;1497.7005132
6037326;1;3;1;90;2;;1;14;2;;1;24;2;;2;;2;;2;;2;;2;;05;12;05;1497.7005132
6037328;1;1;1;90;2;;1;20;2;;2;;2;;2;;2;;2;;2;;2;;05;12;05;1193.1034902
6037328;1;2;1;90;2;;1;20;2;;2;;2;;2;;2;;2;;2;;2;;05;12;05;1193.1034902
6037329;1;1;1;90;2;;1;20;2;;2;;2;;2;;2;;2;;2;;2;;05;12;05;1289.7453919
6037329;1;2;1;90;2;;1;10;2;;1;10;2;;2;;2;;2;;2;;2;;05;12;05;1289.7453919
6037329;1;3;1;90;2;;1;30;2;;2;;2;;2;;2;;2;;2;;2;;05;12;05;1289.7453919
6037330;1;1;1;90;2;;1;18;2;;2;;2;;2;;2;;2;;2;;2;;05;12;05;1365.4612961
6037331;1;1;1;90;2;;1;10;2;;2;;2;;2;;2;;2;;2;;2;;05;12;05;1305.0020488
6037333;1;1;1;90;2;;1;40;2;;2;;2;;2;;2;;2;;2;;2;;05;12;05;1268.7619483
6037333;1;2;1;90;2;;1;4;2;;2;;2;;2;;1;20;2;;2;;2;;05;12;05;1268.7619483
6037333;1;3;1;90;2;;1;10;2;;2;;2;;2;;2;;2;;2;;2;;05;12;05;1268.7619483
6037333;1;4;1;90;2;;1;10;2;;2;;2;;2;;2;;2;;2;;2;;05;12;05;1268.7619483
6037334;1;1;1;90;2;;1;12;2;;2;;2;;2;;2;;2;;2;;2;;05;12;05;1094.94295
6037334;1;2;1;90;2;;2;;2;;2;;2;;2;;2;;2;;2;;2;;05;12;05;1094.94295
6037334;1;3;1;90;2;;2;;2;;2;;2;;2;;2;;2;;2;;2;;05;12;05;1094.94295
6037335;1;1;1;90;2;;1;16;2;;2;;2;;2;;2;;2;;2;;2;;05;12;05;1211.9829563
6037335;1;2;1;90;2;;2;;2;;2;;2;;2;;2;;2;;2;;2;;05;12;05;1211.9829563
6037335;1;3;1;90;2;;2;;2;;2;;2;;2;;2;;2;;2;;2;;05;12;05;1211.9829563
6037336;1;1;1;90;2;;1;40;2;;1;30;2;;2;;2;;2;;2;;2;;05;12;05;1451.0017942
6037336;1;2;1;90;2;;1;24;2;;1;20;2;;2;;2;;2;;2;;2;;05;12;05;1451.0017942
6037336;1;4;1;90;2;;2;;2;;2;;2;;2;;2;;2;;2;;1;10;05;12;05;1451.0017942
6037336;1;5;1;90;2;;1;10;2;;2;;2;;2;;2;;2;;2;;1;6;05;12;05;1451.0017942
6037336;1;6;1;90;2;;2;;2;;2;;2;;2;;2;;2;;2;;2;;05;12;05;1451.0017942
6037337;1;1;1;90;2;;1;6;2;;2;;2;;2;;2;;2;;2;;2;;05;12;05;1500.4805845
6037337;1;2;1;90;2;;2;;2;;2;;2;;2;;2;;2;;2;;2;;05;12;05;1500.4805845
6037337;1;3;1;90;2;;1;6;2;;1;12;2;;2;;2;;2;;2;;2;;05;12;05;1500.4805845
6037337;1;5;1;90;2;;2;;2;;2;;2;;2;;2;;2;;2;;2;;05;12;05;1500.4805845
6037338;1;1;1;90;2;;1;12;2;;2;;2;;2;;2;;2;;2;;2;;05;12;05;1448.8401777
6037338;1;2;1;90;2;;1;4;2;;2;;2;;2;;2;;2;;2;;2;;05;12;05;1448.8401777
6037338;1;3;1;90;2;;1;10;2;;1;8;2;;2;;2;;2;;2;;2;;05;12;05;1448.8401777
6037338;1;5;1;90;2;;2;;2;;1;9;2;;2;;2;;2;;2;;2;;05;12;05;1448.8401777
6037339;1;1;1;90;2;;1;7;2;;2;;2;;2;;2;;2;;2;;2;;05;12;05;1155.4021972
6037339;1;2;1;90;2;;1;42;2;;2;;2;;2;;2;;2;;2;;2;;05;12;05;1155.4021972
6037339;1;3;1;90;2;;1;7;2;;2;;2;;2;;2;;2;;2;;2;;05;12;05;1155.4021972
6037340;1;1;1;90;2;;1;10;2;;2;;2;;2;;2;;2;;2;;2;;05;12;05;1001.9238574
6037340;1;2;1;90;2;;1;10;2;;2;;2;;2;;2;;2;;2;;2;;05;12;05;1001.9238574
6037340;1;3;1;90;2;;1;12;2;;2;;2;;2;;2;;2;;2;;2;;05;12;05;1001.9238574
6037340;1;4;1;90;2;;1;20;2;;2;;2;;2;;2;;2;;2;;2;;05;12;05;1001.9238574
6037340;1;5;1;90;2;;2;;2;;2;;2;;2;;2;;2;;2;;2;;05;12;05;1001.9238574
6037341;1;1;1;90;2;;1;20;2;;2;;2;;2;;2;;2;;2;;2;;05;12;05;1372.9049543
6037342;1;1;1;90;2;;1;20;2;;2;;2;;2;;2;;2;;2;;2;;05;12;05;1372.9049543
6037343;1;1;1;90;2;;1;10;2;;1;50;2;;2;;2;;2;;2;;2;;05;12;05;1770.7978351
6037344;1;1;1;90;2;;1;18;2;;1;16;2;;2;;2;;2;;2;;2;;05;12;05;1219.4266146
6037344;1;2;1;90;2;;1;5;2;;2;;2;;2;;2;;2;;2;;2;;05;12;05;1219.4266146
6037344;1;3;1;90;2;;1;3;2;;2;;2;;2;;1;4;2;;2;;2;;05;12;05;1219.4266146
6037345;1;1;1;90;2;;1;14;2;;2;;2;;2;;2;;2;;2;;2;;05;12;05;1372.9049543
6037346;1;1;1;90;2;;1;10;2;;2;;2;;2;;2;;2;;2;;2;;05;12;05;1317.8990491
6037346;1;2;1;90;2;;1;1;2;;2;;2;;2;;2;;2;;2;;2;;05;12;05;1317.8990491
6037346;1;3;1;90;2;;1;20;2;;1;30;2;;2;;2;;2;;2;;2;;05;12;05;1317.8990491
6037346;1;5;1;90;2;;2;;2;;2;;2;;2;;2;;2;;2;;2;;05;12;05;1317.8990491
6037347;1;1;1;90;2;;1;16;2;;1;18;2;;2;;2;;2;;2;;2;;05;12;05;2107.9772133
6037347;1;2;1;90;2;;1;10;2;;1;12;2;;2;;2;;2;;2;;2;;05;12;05;2107.9772133
6037348;1;1;1;90;2;;2;;2;;2;;2;;2;;2;;2;;2;;2;;05;12;05;1253.5627375
6037348;1;2;1;90;2;;1;26;2;;2;;2;;2;;2;;2;;2;;2;;05;12;05;1253.5627375
6037349;1;1;1;90;2;;1;14;2;;2;;2;;2;;2;;2;;2;;2;;05;12;05;1429.7976077
6037349;1;2;1;90;2;;2;;2;;2;;2;;2;;2;;2;;2;;2;;05;12;05;1429.7976077
6037349;1;3;1;90;2;;1;10;2;;2;;2;;2;;2;;2;;2;;2;;05;12;05;1429.7976077
6037350;1;1;1;90;2;;1;16;2;;2;;2;;2;;2;;2;;2;;2;;05;12;05;1053.3631687
6037350;1;2;1;90;2;;1;18;2;;2;;2;;2;;2;;2;;2;;2;;05;12;05;1053.3631687
6037350;1;3;1;90;2;;2;;2;;2;;2;;2;;2;;2;;2;;2;;05;12;05;1053.3631687
6037350;1;4;1;90;2;;2;;2;;2;;2;;2;;2;;2;;2;;2;;05;12;05;1053.3631687
6037351;1;1;1;90;2;;1;16;2;;1;30;2;;2;;2;;2;;2;;2;;05;12;05;1740.5964155
6037351;1;2;1;90;2;;2;;2;;2;;2;;2;;2;;2;;2;;2;;05;12;05;1740.5964155
6037351;1;3;1;90;2;;1;12;2;;1;10;2;;2;;2;;2;;2;;2;;05;12;05;1740.5964155
6037351;1;4;1;90;2;;1;30;2;;1;20;2;;2;;2;;2;;2;;2;;05;12;05;1740.5964155
6037351;1;7;1;90;2;;1;10;2;;2;;2;;2;;2;;2;;2;;2;;05;12;05;1740.5964155
6037351;1;8;1;90;2;;1;16;2;;2;;2;;2;;2;;2;;2;;2;;05;12;05;1740.5964155
6037351;1;9;1;90;2;;1;10;2;;2;;2;;2;;2;;2;;2;;2;;05;12;05;1740.5964155
6037352;1;1;1;90;2;;1;14;2;;1;14;2;;2;;2;;2;;2;;2;;05;12;05;1552.9831837
6037354;1;1;1;90;2;;1;10;2;;2;;2;;2;;2;;2;;2;;2;;05;12;05;1170.403175
6037354;1;2;1;90;2;;1;30;2;;2;;2;;2;;2;;2;;2;;2;;05;12;05;1170.403175
6037354;1;3;1;90;2;;1;14;2;;2;;2;;2;;2;;2;;2;;2;;05;12;05;1170.403175
6037354;1;4;1;90;2;;1;10;2;;2;;2;;2;;2;;2;;2;;2;;05;12;05;1170.403175
6037355;1;1;1;90;2;;1;28;2;;1;20;2;;2;;2;;2;;2;;2;;05;12;05;868.53020111
6037355;1;2;1;90;2;;1;14;2;;2;;2;;2;;2;;2;;2;;2;;05;12;05;868.53020111
6037355;1;3;1;90;2;;1;30;2;;1;18;2;;2;;2;;2;;2;;2;;05;12;05;868.53020111
6037355;1;4;1;90;2;;1;16;2;;2;;2;;2;;2;;2;;2;;2;;05;12;05;868.53020111
6037355;1;5;1;90;2;;1;12;2;;2;;2;;2;;2;;2;;2;;2;;05;12;05;868.53020111
6037355;1;6;1;90;2;;1;18;2;;2;;2;;2;;2;;2;;2;;2;;05;12;05;868.53020111
6037356;1;1;1;90;2;;1;5;2;;2;;2;;2;;2;;2;;2;;2;;05;12;05;1157.8703742
6037356;1;2;1;90;2;;1;28;2;;2;;1;48;2;;2;;2;;2;;2;;05;12;05;1157.8703742
6037357;1;1;1;90;2;;1;24;2;;2;;2;;2;;2;;2;;2;;2;;05;12;05;1254.5122759
6037357;1;2;1;90;2;;2;;2;;2;;2;;2;;2;;2;;2;;2;;05;12;05;1254.5122759
6037357;1;3;1;90;2;;1;14;2;;2;;2;;2;;2;;2;;2;;2;;05;12;05;1254.5122759
6037358;1;1;1;90;2;;1;30;2;;1;30;2;;2;;2;;2;;2;;2;;05;12;05;1572.152034
6037358;1;2;1;90;2;;1;21;2;;2;;2;;2;;2;;2;;2;;2;;05;12;05;1572.152034
6037361;1;1;1;90;2;;1;42;2;;2;;2;;2;;2;;2;;2;;2;;05;12;05;1858.552255
6037361;1;2;1;90;2;;1;14;2;;2;;2;;2;;2;;1;24;2;;2;;05;12;05;1858.552255
6037361;1;3;1;90;2;;1;7;2;;2;;2;;2;;2;;1;14;2;;2;;05;12;05;1858.552255
6037361;1;4;1;90;2;;1;21;2;;1;70;2;;2;;2;;2;;2;;2;;05;12;05;1858.552255
6037361;1;7;1;90;2;;2;;2;;2;;2;;2;;2;;2;;2;;2;;05;12;05;1858.552255
6037362;1;1;1;90;2;;1;14;2;;1;21;2;;2;;2;;2;;2;;2;;05;12;05;1459.9640912
6037362;1;2;1;90;2;;1;10;2;;1;18;2;;2;;2;;2;;2;;2;;05;12;05;1459.9640912
6037362;1;4;1;90;2;;1;35;2;;1;28;2;;2;;2;;2;;2;;2;;05;12;05;1459.9640912
6037363;1;1;1;90;2;;1;28;2;;2;;2;;2;;2;;2;;2;;2;;05;12;05;1265.9480836
6037363;1;2;1;90;2;;1;2;2;;2;;2;;2;;2;;2;;2;;2;;05;12;05;1265.9480836
6037363;1;3;1;90;2;;1;7;2;;2;;2;;2;;1;2;2;;2;;2;;05;12;05;1265.9480836
6037363;1;4;1;90;2;;1;7;2;;2;;2;;2;;2;;2;;2;;2;;05;12;05;1265.9480836
6037364;1;1;1;90;2;;1;20;2;;2;;1;10;2;;2;;2;;2;;2;;05;12;05;1282.4999666
6037364;1;2;1;90;2;;2;;2;;2;;2;;2;;2;;2;;2;;2;;05;12;05;1282.4999666
6037364;1;3;1;90;2;;1;10;2;;2;;2;;2;;2;;2;;2;;2;;05;12;05;1282.4999666
6037364;1;5;1;90;2;;1;10;2;;1;20;1;20;2;;2;;2;;2;;2;;05;12;05;1282.4999666
6037366;1;1;1;90;2;;2;;2;;2;;2;;2;;2;;2;;2;;2;;05;12;05;1306.2089861
6037366;1;2;1;90;2;;1;23;2;;2;;1;30;2;;2;;2;;2;;2;;05;12;05;1306.2089861
6037366;1;3;1;90;2;;2;;2;;2;;1;5;2;;2;;2;;2;;2;;05;12;05;1306.2089861
6037366;1;4;1;90;2;;1;12;2;;2;;1;24;2;;2;;2;;2;;2;;05;12;05;1306.2089861
6037367;1;1;1;90;2;;1;28;2;;1;18;2;;2;;2;;2;;2;;2;;05;12;05;1391.7844204
6037367;1;2;1;90;2;;2;;2;;2;;2;;2;;2;;2;;2;;2;;05;12;05;1391.7844204
6037369;1;1;1;90;2;;1;1;2;;2;;2;;2;;2;;2;;2;;2;;05;12;05;1269.7689328
6037372;1;1;1;90;2;;1;18;2;;2;;2;;2;;2;;2;;2;;2;;05;12;05;1372.9049543
6037373;1;1;1;90;2;;2;;2;;2;;2;;2;;2;;2;;2;;2;;05;12;05;1170.403175
6037373;1;2;1;90;2;;1;28;2;;2;;2;;2;;2;;2;;2;;2;;05;12;05;1170.403175
6037373;1;3;1;90;2;;1;1;2;;2;;2;;2;;2;;2;;2;;2;;05;12;05;1170.403175
6037373;1;4;1;90;2;;1;6;2;;2;;2;;2;;2;;2;;2;;2;;05;12;05;1170.403175
6037374;1;1;1;90;2;;1;7;2;;1;14;2;;2;;2;;2;;2;;1;5;05;12;05;1197.9315168
6037374;1;2;1;90;2;;1;20;2;;2;;2;;2;;2;;2;;2;;2;;05;12;05;1197.9315168
6037374;1;3;1;90;2;;1;14;2;;2;;2;;2;;2;;2;;2;;2;;05;12;05;1197.9315168
6037375;1;1;1;90;2;;1;7;2;;2;;2;;2;;2;;2;;2;;2;;05;12;05;1193.1034902
6037375;1;2;1;90;2;;1;7;2;;2;;2;;2;;2;;2;;2;;2;;05;12;05;1193.1034902
6037376;1;1;1;90;2;;1;20;2;;2;;2;;2;;2;;2;;2;;2;;05;12;05;1410.6638864
6037376;1;2;1;90;2;;1;4;2;;2;;2;;2;;2;;2;;2;;2;;05;12;05;1410.6638864
6037376;1;3;1;90;2;;1;7;2;;2;;2;;2;;2;;2;;2;;2;;05;12;05;1410.6638864
6037377;1;1;1;90;2;;1;16;2;;2;;2;;2;;2;;1;5;2;;2;;05;12;05;1253.5627375
6037377;1;2;1;90;2;;1;7;2;;2;;2;;2;;2;;1;5;2;;2;;05;12;05;1253.5627375
6037378;1;1;1;90;2;;1;3;2;;2;;2;;2;;2;;2;;2;;2;;05;12;05;1473.7021094
6037378;1;2;1;90;2;;1;28;1;35;1;84;1;90;2;;2;;2;;2;;2;;05;12;05;1473.7021094
6037378;1;3;1;90;2;;1;14;2;;2;;2;;2;;2;;2;;2;;2;;05;12;05;1473.7021094
6037379;1;1;1;90;2;;1;45;2;;2;;2;;2;;2;;2;;2;;2;;05;12;05;1571.8626497
6037379;1;2;1;90;2;;1;55;2;;2;;2;;2;;2;;2;;2;;2;;05;12;05;1571.8626497
6037380;1;1;1;90;2;;1;1;2;;2;;2;;2;;2;;2;;2;;2;;05;12;05;1391.7844204
6037380;1;2;1;90;2;;1;14;2;;2;;2;;2;;2;;2;;2;;2;;05;12;05;1391.7844204
6037381;1;1;1;90;2;;1;3;2;;2;;2;;2;;2;;2;;2;;2;;05;12;05;1184.1934986
6037381;1;2;1;90;2;;1;10;2;;2;;2;;2;;2;;2;;2;;2;;05;12;05;1184.1934986
6037381;1;3;1;90;2;;1;8;2;;2;;2;;2;;2;;2;;2;;2;;05;12;05;1184.1934986
6037382;1;1;1;90;2;;1;14;2;;2;;2;;2;;2;;2;;2;;2;;05;12;05;1253.5627375
6037382;1;2;1;90;2;;1;7;2;;2;;2;;2;;2;;2;;2;;2;;05;12;05;1253.5627375
6037383;1;1;1;90;2;;1;4;2;;1;10;2;;2;;2;;2;;2;;2;;05;12;05;1155.4021972
6037383;1;2;1;90;2;;1;14;2;;1;20;2;;2;;2;;2;;2;;2;;05;12;05;1155.4021972
6037383;1;3;1;90;2;;1;3;2;;2;;2;;2;;2;;2;;2;;2;;05;12;05;1155.4021972
6037384;1;1;1;90;2;;1;3;2;;2;;2;;2;;2;;2;;2;;2;;05;12;05;1140.1455403
6037384;1;2;1;90;2;;1;42;2;;2;;1;21;2;;2;;2;;2;;2;;05;12;05;1140.1455403
6037384;1;3;1;90;2;;1;4;2;;2;;2;;2;;2;;2;;2;;2;;05;12;05;1140.1455403
6037384;1;4;1;90;2;;2;;2;;2;;2;;2;;2;;2;;2;;2;;05;12;05;1140.1455403
6037384;1;5;1;90;2;;1;3;2;;2;;2;;2;;2;;2;;2;;2;;05;12;05;1140.1455403
6037385;1;1;1;90;2;;1;42;2;;2;;2;;2;;2;;2;;2;;2;;05;12;05;1094.94295
6037385;1;2;1;90;2;;2;;2;;2;;2;;2;;2;;2;;2;;2;;05;12;05;1094.94295
6037385;1;3;1;90;2;;1;7;2;;2;;2;;2;;2;;2;;2;;2;;05;12;05;1094.94295
6037386;1;1;1;90;2;;1;7;2;;2;;2;;2;;2;;2;;2;;2;;05;12;05;1320.2588986
6037386;1;2;1;90;2;;1;42;2;;2;;2;;2;;2;;2;;2;;2;;05;12;05;1320.2588986
6037386;1;3;1;90;2;;1;4;2;;2;;2;;2;;2;;2;;2;;2;;05;12;05;1320.2588986
6037386;1;4;1;90;2;;1;2;2;;2;;2;;2;;1;2;2;;2;;2;;05;12;05;1320.2588986
6037386;1;5;1;90;2;;1;4;2;;2;;2;;2;;1;6;2;;2;;2;;05;12;05;1320.2588986
6037386;1;7;1;90;2;;1;14;2;;1;14;2;;2;;2;;2;;2;;2;;05;12;05;1320.2588986
6037387;1;1;1;90;2;;1;21;2;;2;;2;;2;;2;;2;;2;;2;;05;12;05;1372.9049543
6037388;1;1;1;90;2;;1;21;2;;2;;2;;2;;2;;2;;2;;2;;05;12;05;1391.7844204
6037388;1;2;1;90;2;;2;;2;;2;;2;;2;;2;;2;;2;;2;;05;12;05;1391.7844204
6037389;1;1;1;90;2;;1;21;2;;1;21;2;;2;;2;;2;;2;;2;;05;12;05;1890.4519462
6037389;1;5;1;90;2;;2;;2;;2;;2;;2;;2;;2;;2;;2;;05;12;05;1890.4519462
6037390;1;1;1;90;2;;2;;2;;2;;2;;2;;2;;2;;2;;2;;05;12;05;1254.5122759
6037390;1;2;1;90;2;;1;49;2;;2;;2;;2;;2;;2;;2;;2;;05;12;05;1254.5122759
6037390;1;3;1;90;2;;1;7;2;;2;;2;;2;;2;;2;;2;;2;;05;12;05;1254.5122759
6037391;1;1;1;90;2;;1;3;2;;2;;2;;2;;2;;2;;2;;2;;05;12;05;1269.7689328
6037392;1;1;1;90;2;;1;20;2;;2;;2;;2;;2;;2;;2;;2;;05;12;05;1365.4612961
6037393;1;1;1;90;2;;2;;2;;2;;2;;2;;2;;2;;2;;2;;05;12;05;1792.0020216
6037393;1;2;1;90;2;;1;31;2;;1;12;2;;2;;2;;2;;2;;2;;05;12;05;1792.0020216
6037393;1;3;1;90;2;;2;;2;;2;;2;;2;;2;;2;;2;;2;;05;12;05;1792.0020216
6037394;1;1;1;90;1;2;1;14;2;;2;;2;;2;;2;;2;;2;;2;;05;12;05;1269.7689328
6037395;1;1;1;90;2;;1;20;2;;2;;2;;2;;2;;2;;2;;2;;05;12;05;1296.0920571
6037395;1;2;1;90;2;;1;14;2;;2;;2;;2;;2;;2;;2;;2;;05;12;05;1296.0920571
6037397;1;1;1;90;2;;1;18;2;;2;;2;;2;;2;;2;;2;;2;;05;12;05;1391.7844204
6037397;1;2;1;90;2;;2;;2;;2;;2;;2;;2;;2;;2;;2;;05;12;05;1391.7844204
6037398;1;1;1;90;2;;1;48;2;;1;50;1;48;2;;2;;2;;2;;2;;05;12;05;1234.6832715
6037399;1;1;1;90;2;;1;20;2;;2;;2;;2;;2;;2;;2;;2;;05;12;05;1323.8815148
6037399;1;2;1;90;2;;1;20;2;;2;;2;;2;;2;;2;;2;;1;20;05;12;05;1323.8815148
6037400;1;1;1;90;2;;1;12;2;;2;;2;;2;;2;;2;;2;;2;;05;12;05;1296.0920571
6037400;1;2;1;90;2;;2;;2;;2;;2;;2;;2;;2;;2;;2;;05;12;05;1296.0920571
6037402;1;1;1;90;2;;1;40;2;;2;;2;;2;;2;;2;;2;;2;;05;12;05;1372.9049543
6037403;1;1;1;90;2;;2;;2;;2;;2;;2;;2;;2;;2;;2;;05;12;05;1314.9715231
6037403;1;2;1;90;2;;1;30;2;;2;;2;;2;;2;;2;;2;;2;;05;12;05;1314.9715231
6037403;1;3;1;90;2;;1;18;2;;2;;2;;2;;2;;2;;2;;2;;05;12;05;1314.9715231
6037404;1;1;1;90;2;;1;30;2;;2;;2;;2;;2;;2;;2;;2;;05;12;05;1253.5627375
6037404;1;2;1;90;2;;1;8;2;;2;;2;;2;;2;;2;;2;;2;;05;12;05;1253.5627375
6037405;1;1;1;90;2;;1;5;2;;1;6;2;;2;;2;;2;;2;;2;;05;12;05;1571.8626497
6037405;1;2;1;90;2;;1;15;2;;1;20;2;;2;;2;;2;;2;;2;;05;12;05;1571.8626497
6037406;1;1;1;90;2;;1;20;2;;1;30;2;;2;;2;;2;;2;;2;;05;12;05;1784.5358533
6037407;1;1;1;90;2;;1;5;2;;2;;2;;2;;2;;2;;2;;2;;05;12;05;1365.4612961
6037408;1;1;1;90;2;;1;30;2;;2;;2;;2;;2;;2;;2;;2;;05;12;05;1444.7074342
6037408;1;2;1;90;2;;1;10;2;;2;;2;;2;;2;;2;;2;;2;;05;12;05;1444.7074342
6037408;2;1;2;90;2;;1;20;2;;2;;2;;2;;2;;2;;2;;2;;05;12;05;1444.7074342
6037408;3;1;3;90;2;;1;24;2;;2;;2;;2;;2;;2;;2;;2;;05;12;05;1444.7074342
6037408;3;2;3;90;2;;1;8;2;;2;;2;;2;;2;;2;;2;;2;;05;12;05;1444.7074342
6037409;1;1;1;90;2;;1;3;2;;2;;2;;2;;2;;2;;2;;2;;05;12;05;1269.7689328
6037410;1;1;1;90;2;;1;7;2;;2;;2;;2;;2;;2;;2;;2;;05;12;05;1314.9715231
6037410;1;2;1;90;2;;2;;1;14;2;;2;;2;;2;;2;;2;;2;;05;12;05;1314.9715231
6037410;1;3;1;90;2;;1;5;2;;2;;2;;2;;2;;2;;2;;2;;05;12;05;1314.9715231
6037411;1;1;1;90;2;;1;7;2;;1;14;2;;1;4;2;;2;;2;;2;;05;12;05;1418.3843099
6037411;1;2;1;90;2;;1;20;2;;1;40;2;;2;;2;;2;;2;;2;;05;12;05;1418.3843099
6037411;1;4;1;90;2;;1;14;2;;1;14;2;;2;;2;;2;;2;;2;;05;12;05;1418.3843099
6037411;1;5;1;90;2;;2;;2;;2;;2;;2;;2;;2;;2;;2;;05;12;05;1418.3843099
6037412;1;1;1;90;2;;1;14;2;;2;;2;;2;;2;;2;;2;;2;;05;12;05;1471.3773889
6037412;1;2;1;90;2;;1;30;2;;1;12;2;;2;;2;;2;;2;;2;;05;12;05;1471.3773889
6037415;1;1;1;90;2;;1;35;2;;2;;2;;2;;1;24;2;;1;10;2;;05;12;05;1279.8858618
6037415;1;2;1;90;2;;1;7;2;;2;;2;;2;;2;;2;;2;;2;;05;12;05;1279.8858618
6037415;1;3;1;90;2;;1;5;2;;2;;2;;2;;2;;2;;2;;2;;05;12;05;1279.8858618
6037416;1;1;1;90;2;;2;;2;;2;;2;;2;;2;;2;;2;;2;;05;12;05;1296.0920571
6037416;1;2;1;90;2;;1;20;2;;1;2;2;;2;;2;;2;;2;;1;3;05;12;05;1296.0920571
6037417;1;1;1;90;2;;1;4;2;;2;;2;;2;;2;;2;;2;;2;;05;12;05;1296.0920571
6037417;1;2;1;90;2;;1;14;2;;2;;2;;2;;2;;2;;2;;2;;05;12;05;1296.0920571
6037418;1;1;1;90;2;;2;;2;;1;20;2;;2;;2;;2;;2;;2;;05;12;05;1452.4979229
6037419;1;1;1;90;2;;1;14;2;;2;;2;;2;;2;;2;;2;;2;;05;12;05;1141.6641789
6037419;1;2;1;90;2;;1;5;2;;2;;2;;2;;2;;2;;2;;2;;05;12;05;1141.6641789
6037419;1;3;1;90;2;;1;4;2;;2;;2;;2;;2;;2;;2;;2;;05;12;05;1141.6641789
6037420;1;1;1;90;2;;1;7;2;;2;;2;;2;;2;;2;;2;;2;;05;12;05;1272.4422035
6037420;1;2;1;90;2;;1;14;2;;2;;2;;2;;2;;2;;2;;2;;05;12;05;1272.4422035
6037420;1;3;1;90;2;;1;7;2;;2;;2;;2;;2;;2;;2;;2;;05;12;05;1272.4422035
6037421;1;1;1;90;2;;1;5;2;;2;;2;;2;;2;;2;;2;;2;;05;12;05;1157.8703742
6037421;1;2;1;90;2;;1;72;2;;2;;2;;2;;2;;2;;2;;2;;05;12;05;1157.8703742
6037422;1;1;1;90;2;;1;20;2;;2;;1;5;2;;2;;2;;2;;1;4;05;12;05;1234.6832715
6037423;1;1;1;90;2;;1;30;2;;1;20;2;;2;;2;;2;;2;;2;;05;12;05;1587.9590936
6037423;1;2;1;90;2;;1;10;2;;2;;2;;2;;2;;2;;2;;2;;05;12;05;1587.9590936
6037423;1;3;1;90;2;;1;10;2;;2;;2;;2;;2;;2;;2;;2;;05;12;05;1587.9590936
6037423;1;4;1;90;2;;2;;2;;2;;2;;2;;2;;2;;2;;2;;05;12;05;1587.9590936
6037423;1;5;1;90;2;;1;15;2;;1;8;1;10;2;;2;;2;;2;;2;;05;12;05;1587.9590936
6037423;1;6;1;90;2;;1;15;2;;1;10;2;;2;;2;;2;;2;;2;;05;12;05;1587.9590936
6037424;1;1;1;90;2;;1;6;2;;2;;2;;2;;2;;2;;2;;2;;05;12;05;1018.1300527
6037424;1;2;1;90;2;;1;30;1;20;2;;1;40;2;;2;;2;;2;;2;;05;12;05;1018.1300527
6037424;1;3;1;90;2;;1;15;2;;2;;2;;2;;2;;2;;2;;2;;05;12;05;1018.1300527
6037424;1;4;1;90;2;;1;15;2;;2;;2;;2;;2;;2;;2;;2;;05;12;05;1018.1300527
6037425;1;1;1;90;2;;1;30;2;;2;;2;;2;;2;;2;;2;;2;;05;12;05;1331.3251731
6037425;1;2;1;90;2;;1;10;2;;2;;2;;2;;2;;2;;2;;2;;05;12;05;1331.3251731
6037426;1;1;1;90;2;;1;10;2;;1;12;2;;2;;2;;2;;2;;2;;05;12;05;1485.1154071
6037426;1;2;1;90;2;;1;30;2;;1;30;2;;2;;2;;2;;2;;2;;05;12;05;1485.1154071
6037427;1;1;1;90;2;;1;21;2;;1;30;2;;2;;2;;2;;2;;2;;05;12;05;1552.9831837
6037428;1;1;1;90;2;;2;;2;;2;;2;;2;;2;;2;;2;;2;;05;12;05;2007.4919525
6037428;1;2;1;90;2;;1;28;2;;1;30;2;;2;;2;;2;;2;;2;;05;12;05;2007.4919525
6037429;1;1;1;90;2;;1;10;2;;2;;2;;2;;2;;2;;2;;2;;05;12;05;996.78240965
6037429;1;2;1;90;2;;1;1;2;;2;;2;;2;;2;;2;;2;;2;;05;12;05;996.78240965
6037429;1;3;1;90;2;;1;2;2;;2;;2;;2;;2;;2;;2;;2;;05;12;05;996.78240965
6037429;1;4;1;90;2;;1;20;2;;2;;2;;2;;2;;2;;2;;2;;05;12;05;996.78240965
6037430;1;1;1;90;2;;1;12;2;;2;;2;;2;;2;;2;;2;;2;;05;12;05;1323.8815148
6037430;1;2;1;90;2;;2;;2;;2;;2;;2;;2;;2;;2;;2;;05;12;05;1323.8815148
6037431;1;1;1;90;2;;1;20;2;;2;;2;;2;;2;;2;;2;;2;;05;12;05;1193.1034902
6037431;1;2;1;90;2;;2;;2;;2;;2;;2;;2;;2;;2;;2;;05;12;05;1193.1034902
6037432;1;1;1;90;2;;2;;2;;2;;2;;2;;2;;2;;2;;2;;05;12;05;1253.5627375
6037432;1;2;1;90;2;;1;20;2;;2;;2;;2;;2;;2;;2;;2;;05;12;05;1253.5627375
6037434;1;1;1;90;2;;1;28;2;;1;21;2;;2;;2;;2;;2;;2;;05;12;05;996.78240965
6037434;1;2;1;90;2;;1;7;2;;2;;2;;2;;2;;2;;2;;2;;05;12;05;996.78240965
6037434;1;3;1;90;2;;1;21;2;;2;;2;;2;;2;;2;;2;;2;;05;12;05;996.78240965
6037434;1;4;1;90;2;;1;21;2;;2;;2;;2;;2;;2;;2;;2;;05;12;05;996.78240965
6037435;1;1;1;90;2;;2;;2;;2;;2;;2;;2;;2;;2;;2;;05;12;05;1155.4021972
6037435;1;2;1;90;2;;1;9;2;;2;;2;;2;;2;;2;;2;;2;;05;12;05;1155.4021972
6037435;1;3;1;90;2;;1;1;2;;2;;2;;2;;2;;2;;2;;2;;05;12;05;1155.4021972
6037436;1;1;1;90;2;;2;;2;;2;;2;;2;;2;;2;;2;;2;;05;12;05;1176.7498403
6037436;1;2;1;90;2;;1;6;2;;2;;2;;2;;2;;2;;2;;2;;05;12;05;1176.7498403
6037436;1;3;1;90;2;;2;;2;;2;;2;;2;;2;;2;;2;;2;;05;12;05;1176.7498403
6037437;1;1;1;90;2;;2;;2;;2;;2;;2;;2;;2;;2;;2;;05;12;05;1267.3007558
6037437;1;2;1;90;2;;1;14;2;;2;;2;;2;;2;;2;;2;;2;;05;12;05;1267.3007558
6037438;1;1;1;90;2;;1;10;2;;2;;2;;2;;2;;2;;2;;2;;05;12;05;1219.4266146
6037438;1;2;1;90;2;;1;16;2;;1;3;2;;2;;2;;2;;2;;2;;05;12;05;1219.4266146
6037438;1;3;1;90;2;;2;;2;;2;;2;;2;;2;;2;;2;;2;;05;12;05;1219.4266146
6037439;1;1;1;90;2;;2;;2;;2;;2;;2;;2;;2;;2;;2;;05;12;05;1197.9315168
6037439;1;2;1;90;2;;1;15;2;;2;;2;;2;;2;;2;;2;;2;;05;12;05;1197.9315168
6037439;1;3;1;90;2;;1;9;1;3;2;;2;;2;;2;;2;;2;;2;;05;12;05;1197.9315168
6037441;1;1;1;90;2;;1;6;2;;2;;2;;2;;2;;2;;2;;2;;05;12;05;1365.4612961
6037442;1;1;1;90;2;;1;21;2;;2;;2;;2;;2;;2;;2;;2;;05;12;05;1151.523709
6037442;1;2;1;90;2;;1;21;2;;2;;2;;2;;2;;2;;2;;2;;05;12;05;1151.523709
6037442;1;3;1;90;2;;1;14;2;;2;;2;;2;;2;;2;;2;;2;;05;12;05;1151.523709
6037444;1;1;1;90;2;;1;6;2;;1;5;2;;2;;2;;2;;2;;2;;05;12;05;1452.4979229
6037445;1;1;1;90;2;;1;30;2;;2;;2;;2;;2;;2;;2;;2;;05;12;05;1151.523709
6037445;1;2;1;90;2;;1;10;2;;2;;2;;2;;2;;2;;2;;2;;05;12;05;1151.523709
6037445;1;3;1;90;2;;1;15;2;;2;;2;;2;;2;;2;;2;;2;;05;12;05;1151.523709
6037446;1;1;1;90;2;;1;6;2;;2;;2;;2;;2;;2;;2;;2;;05;12;05;1365.4612961
6037448;1;1;1;90;2;;2;;2;;2;;2;;2;;2;;2;;2;;2;;05;12;05;1261.31829
6037448;1;2;1;90;2;;1;20;2;;2;;2;;2;;2;;2;;2;;2;;05;12;05;1261.31829
6037448;1;3;1;90;2;;1;20;2;;2;;2;;2;;2;;2;;2;;2;;05;12;05;1261.31829
6037448;1;4;1;90;2;;1;20;2;;2;;2;;2;;2;;2;;2;;2;;05;12;05;1261.31829
6037449;1;1;1;90;2;;1;14;2;;2;;2;;2;;2;;2;;2;;2;;05;12;05;1039.6251505
6037449;1;2;1;90;2;;1;16;2;;2;;2;;2;;2;;2;;2;;2;;05;12;05;1039.6251505
6037449;1;3;1;90;2;;1;14;2;;2;;2;;2;;2;;2;;2;;2;;05;12;05;1039.6251505
6037449;1;4;1;90;2;;1;10;2;;2;;2;;2;;2;;2;;2;;2;;05;12;05;1039.6251505
6037450;1;1;1;90;2;;2;;2;;2;;2;;2;;2;;1;2;2;;2;;05;12;05;1748.0975199
6037450;1;2;1;90;2;;1;35;2;;1;30;2;;2;;2;;2;;2;;2;;05;12;05;1748.0975199
6037450;1;3;1;90;2;;1;5;2;;2;;2;;2;;2;;2;;2;;2;;05;12;05;1748.0975199
6037451;1;1;1;90;2;;2;;2;;1;14;2;;2;;2;;2;;2;;2;;05;12;05;1380.6605069
6037451;1;3;1;90;2;;1;35;2;;1;20;2;;2;;2;;2;;2;;2;;05;12;05;1380.6605069
6037451;1;4;1;90;2;;2;;2;;2;;2;;2;;2;;2;;2;;2;;05;12;05;1380.6605069
6037452;1;1;1;90;2;;1;30;2;;1;30;2;;2;;2;;2;;2;;2;;05;12;05;1459.9640912
6037452;1;2;1;90;2;;2;;2;;2;;2;;2;;2;;2;;2;;2;;05;12;05;1459.9640912
6037452;1;3;1;90;2;;1;14;2;;1;21;2;;2;;2;;2;;2;;2;;05;12;05;1459.9640912
6037453;1;1;1;90;2;;1;14;2;;2;;2;;2;;2;;2;;2;;2;;05;12;05;1296.0920571
6037453;1;2;1;90;2;;1;40;2;;2;;2;;2;;2;;2;;2;;2;;05;12;05;1296.0920571
6037454;1;1;1;90;2;;1;5;2;;2;;2;;2;;2;;2;;2;;2;;05;12;05;1269.7689328
6037455;1;1;1;90;2;;1;25;2;;1;5;2;;2;;2;;2;;2;;2;;05;12;05;983.0443914
6037455;1;2;1;90;2;;2;;2;;2;;2;;2;;2;;2;;2;;2;;05;12;05;983.0443914
6037455;1;3;1;90;2;;1;6;2;;1;2;2;;2;;2;;2;;2;;2;;05;12;05;983.0443914
6037455;1;4;1;90;2;;1;5;2;;2;;2;;2;;2;;2;;2;;2;;05;12;05;983.0443914
6037456;1;1;1;90;2;;2;;2;;2;;2;;2;;2;;2;;2;;2;;05;12;05;1155.4021972
6037456;1;2;1;90;2;;1;21;2;;1;7;2;;2;;2;;2;;2;;2;;05;12;05;1155.4021972
6037456;1;3;1;90;2;;1;14;2;;2;;2;;2;;2;;2;;2;;2;;05;12;05;1155.4021972
6037457;1;1;1;90;2;;1;35;2;;2;;2;;2;;2;;2;;2;;2;;05;12;05;1253.5627375
6037457;1;2;1;90;2;;1;18;2;;2;;2;;2;;1;4;2;;2;;2;;05;12;05;1253.5627375
6037458;1;1;1;90;2;;1;14;2;;2;;2;;2;;2;;2;;2;;2;;05;12;05;1263.4222676
6037458;1;2;1;90;2;;1;7;2;;2;;2;;2;;2;;2;;2;;2;;05;12;05;1263.4222676
6037459;1;1;1;90;2;;2;;2;;2;;2;;2;;2;;2;;2;;2;;05;12;05;1296.0920571
6037459;1;2;1;90;2;;2;;2;;2;;2;;2;;2;;2;;2;;2;;05;12;05;1296.0920571
6037461;1;1;1;90;2;;1;7;2;;2;;2;;2;;2;;2;;2;;2;;05;12;05;1365.4612961
6037462;1;1;1;90;2;;1;20;2;;2;;2;;2;;2;;2;;2;;2;;05;12;05;1372.9049543
6037463;1;1;1;90;2;;1;13;2;;1;30;2;;2;;2;;2;;2;;2;;05;12;05;1485.1154071
6037463;1;2;1;90;2;;2;;2;;1;5;2;;2;;2;;2;;2;;2;;05;12;05;1485.1154071
6037464;1;1;1;90;2;;1;30;2;;2;;2;;2;;2;;2;;2;;2;;05;12;05;1121.2660743
6037464;1;2;1;90;2;;1;12;2;;2;;2;;2;;2;;2;;2;;2;;05;12;05;1121.2660743
6037464;1;3;1;90;2;;2;;2;;2;;2;;2;;2;;2;;2;;2;;05;12;05;1121.2660743
6037464;1;4;1;90;2;;1;14;2;;2;;2;;2;;2;;2;;2;;2;;05;12;05;1121.2660743
6037465;1;1;1;90;2;;1;10;2;;2;;2;;2;;2;;2;;2;;2;;05;12;05;1552.9831837
6037466;1;1;1;90;2;;1;32;2;;2;;2;;2;;2;;2;;2;;2;;05;12;05;1350.2046391
6037466;1;2;1;90;2;;1;16;2;;2;;2;;2;;2;;2;;2;;2;;05;12;05;1350.2046391
6037466;1;3;1;90;2;;2;;2;;2;;2;;2;;2;;2;;2;;2;;05;12;05;1350.2046391
6037467;1;1;1;90;2;;1;14;2;;2;;2;;2;;2;;2;;2;;2;;05;12;05;1384.3407621
6037467;1;2;1;90;2;;1;14;2;;2;;2;;2;;2;;2;;2;;2;;05;12;05;1384.3407621
6037468;1;1;1;90;2;;1;10;2;;2;;2;;2;;2;;2;;2;;2;;05;12;05;1372.9049543
6037469;1;1;1;90;2;;1;12;2;;2;;2;;2;;2;;2;;2;;2;;05;12;05;1219.2791599
6037469;1;2;1;90;2;;1;18;2;;2;;2;;2;;2;;2;;2;;2;;05;12;05;1219.2791599
6037469;1;3;1;90;2;;1;20;2;;2;;2;;2;;2;;2;;2;;2;;05;12;05;1219.2791599
6037470;1;1;1;90;2;;1;7;2;;1;50;2;;2;;2;;2;;2;;2;;05;12;05;1059.7098339
6037470;1;2;1;90;2;;2;;2;;1;30;2;;2;;2;;2;;2;;2;;05;12;05;1059.7098339
6037470;1;3;1;90;2;;2;;2;;2;;2;;2;;1;6;2;;2;;2;;05;12;05;1059.7098339
6037471;1;1;1;90;2;;1;20;2;;2;;2;;2;;2;;2;;2;;2;;05;12;05;1372.9049543
6037472;1;1;1;90;2;;1;7;2;;1;14;2;;2;;2;;2;;2;;2;;05;12;05;1611.0827743
6037472;1;2;1;90;2;;1;35;2;;1;30;2;;2;;2;;2;;2;;2;;05;12;05;1611.0827743
6037472;1;3;1;90;2;;2;;2;;2;;2;;2;;2;;2;;2;;2;;05;12;05;1611.0827743
6037472;1;4;1;90;2;;2;;2;;1;14;2;;2;;2;;2;;2;;2;;05;12;05;1611.0827743
6037472;1;6;1;90;2;;1;30;2;;1;40;2;;2;;2;;2;;2;;2;;05;12;05;1611.0827743
6037472;1;8;1;90;2;;1;7;2;;2;;2;;2;;2;;2;;2;;2;;05;12;05;1611.0827743
6037473;1;1;1;90;2;;2;;2;;2;;2;;2;;2;;2;;2;;2;;05;12;05;1322.7270757
6037473;1;2;1;90;2;;1;20;2;;2;;2;;2;;2;;2;;2;;2;;05;12;05;1322.7270757
6037473;1;3;1;90;2;;1;20;2;;1;30;1;30;2;;2;;2;;2;;2;;05;12;05;1322.7270757
6037473;1;4;1;90;2;;2;;2;;2;;2;;2;;2;;2;;2;;2;;05;12;05;1322.7270757
6037473;1;5;1;90;2;;2;;2;;1;20;2;;2;;2;;2;;2;;2;;05;12;05;1322.7270757
6037474;1;1;1;90;2;;2;;2;;2;;2;;2;;2;;2;;2;;2;;05;12;05;1254.5122759
6037474;1;2;1;90;2;;2;;2;;2;;2;;2;;2;;2;;2;;2;;05;12;05;1254.5122759
6037474;1;3;1;90;2;;1;15;2;;2;;2;;2;;2;;2;;2;;2;;05;12;05;1254.5122759
6037475;1;1;1;90;2;;1;30;2;;2;;2;;2;;2;;2;;2;;2;;05;12;05;1331.3251731
6037475;1;2;1;90;2;;1;15;2;;2;;2;;2;;2;;2;;2;;2;;05;12;05;1331.3251731
6037476;1;1;1;90;2;;1;15;2;;2;;2;;2;;2;;2;;2;;2;;05;12;05;1216.8109828
6037476;1;2;1;90;2;;1;30;2;;2;;2;;2;;2;;2;;2;;2;;05;12;05;1216.8109828
6037476;1;3;1;90;2;;1;15;2;;2;;2;;2;;2;;2;;2;;2;;05;12;05;1216.8109828
6037476;1;4;1;90;2;;1;20;2;;2;;2;;2;;2;;2;;2;;2;;05;12;05;1216.8109828
6037477;1;1;1;90;2;;2;;2;;2;;2;;2;;2;;2;;2;;2;;05;12;05;1322.4151814
6037477;1;2;1;90;2;;1;84;2;;2;;2;;2;;2;;2;;2;;2;;05;12;05;1322.4151814
6037477;1;3;1;90;2;;1;2;2;;2;;2;;2;;1;5;2;;2;;2;;05;12;05;1322.4151814
6037478;1;1;1;90;2;;1;28;2;;2;;2;;2;;2;;2;;2;;2;;05;12;05;1418.1075447
6037478;1;2;1;90;2;;1;28;2;;2;;2;;2;;2;;2;;2;;2;;05;12;05;1418.1075447
6037478;1;3;1;90;2;;1;2;2;;2;;2;;2;;2;;2;;2;;2;;05;12;05;1418.1075447
6037479;1;1;1;90;2;;1;16;2;;2;;1;8;2;;2;;2;;2;;2;;05;12;05;1418.1075447
6037479;1;2;1;90;2;;2;;2;;2;;2;;2;;2;;2;;2;;2;;05;12;05;1418.1075447
6037479;1;3;1;90;2;;2;;2;;2;;2;;2;;2;;2;;2;;2;;05;12;05;1418.1075447
6037480;1;1;1;90;2;;1;20;2;;2;;2;;2;;2;;2;;2;;2;;05;12;05;1372.9049543
6037481;1;1;1;90;2;;2;;2;;2;;2;;2;;2;;2;;2;;2;;05;12;05;1333.8509891
6037481;1;2;1;90;2;;1;14;2;;2;;2;;2;;2;;2;;2;;2;;05;12;05;1333.8509891
6037481;1;3;1;90;2;;2;;2;;2;;2;;2;;2;;2;;2;;2;;05;12;05;1333.8509891
6037481;1;4;1;90;2;;2;;2;;2;;2;;2;;2;;2;;2;;2;;05;12;05;1333.8509891
6037482;1;1;1;90;2;;2;;2;;2;;2;;2;;2;;2;;2;;2;;05;12;05;1142.4662626
6037482;1;2;1;90;2;;1;16;2;;2;;2;;2;;2;;2;;2;;2;;05;12;05;1142.4662626
6037482;1;3;1;90;2;;2;;2;;2;;2;;2;;2;;2;;2;;2;;05;12;05;1142.4662626
6037482;1;4;1;90;2;;1;18;2;;2;;2;;2;;2;;2;;2;;2;;05;12;05;1142.4662626
6037483;1;1;1;90;2;;1;6;2;;2;;2;;2;;2;;2;;2;;2;;05;12;05;1254.5122759
6037483;1;2;1;90;2;;1;20;2;;2;;2;;2;;2;;2;;2;;2;;05;12;05;1254.5122759
6037483;1;3;1;90;2;;2;;2;;2;;2;;2;;2;;2;;2;;2;;05;12;05;1254.5122759
6037484;1;1;1;90;2;;1;10;2;;2;;2;;2;;2;;2;;2;;2;;05;12;05;1234.6832715
6037485;1;1;1;90;2;;2;;2;;2;;2;;2;;2;;2;;2;;2;;05;12;05;1471.3773889
6037485;1;2;1;90;2;;1;12;2;;1;14;1;16;2;;2;;2;;2;;2;;05;12;05;1471.3773889
6037486;1;1;1;90;2;;1;28;2;;1;42;2;;2;;2;;2;;2;;2;;05;12;05;1549.1623345
6037486;1;2;1;90;2;;1;14;2;;1;14;2;;2;;2;;2;;2;;2;;05;12;05;1549.1623345
6037486;1;3;1;90;2;;1;14;2;;1;7;2;;2;;2;;2;;2;;2;;05;12;05;1549.1623345
6037486;1;4;1;90;2;;1;10;2;;1;28;2;;2;;2;;2;;2;;2;;05;12;05;1549.1623345
6037487;1;1;1;90;2;;1;20;2;;2;;2;;2;;2;;2;;2;;2;;05;12;05;1253.5627375
6037487;1;2;1;90;2;;1;10;2;;2;;2;;2;;2;;2;;2;;2;;05;12;05;1253.5627375
6037488;1;1;1;90;2;;1;24;2;;2;;2;;2;;2;;2;;2;;2;;05;12;05;1193.1034902
6037488;1;2;1;90;2;;1;2;2;;2;;2;;2;;2;;2;;2;;2;;05;12;05;1193.1034902
6037489;1;1;1;90;2;;1;14;2;;2;;2;;2;;2;;2;;2;;2;;05;12;05;1314.9715231
6037489;1;2;1;90;2;;1;28;2;;2;;2;;2;;2;;2;;2;;2;;05;12;05;1314.9715231
6037489;1;3;1;90;2;;1;7;2;;2;;2;;2;;2;;2;;2;;2;;05;12;05;1314.9715231
6037490;1;1;1;90;2;;1;21;2;;2;;2;;2;;2;;1;4;2;;2;;05;12;05;1365.4612961
6037491;1;1;1;90;2;;1;11;2;;2;;2;;2;;2;;2;;2;;2;;05;12;05;1155.4021972
6037491;1;2;1;90;2;;2;;2;;2;;2;;2;;2;;2;;2;;2;;05;12;05;1155.4021972
6037491;1;3;1;90;2;;1;10;2;;2;;2;;2;;2;;2;;2;;2;;05;12;05;1155.4021972
6037492;1;1;1;90;2;;1;16;2;;2;;2;;2;;2;;2;;2;;2;;05;12;05;1471.3773889
6037492;1;2;1;90;2;;1;30;2;;1;30;2;;2;;2;;2;;2;;2;;05;12;05;1471.3773889
6037494;1;1;1;90;2;;1;14;2;;2;;2;;2;;2;;2;;2;;2;;05;12;05;1298.7653278
6037494;1;2;1;90;2;;1;14;2;;2;;2;;2;;2;;2;;2;;2;;05;12;05;1298.7653278
6037494;1;3;1;90;2;;1;14;2;;2;;2;;2;;1;1;2;;2;;2;;05;12;05;1298.7653278
6037494;1;4;1;90;2;;1;21;2;;2;;2;;2;;2;;2;;2;;2;;05;12;05;1298.7653278
6037497;1;1;1;90;2;;1;12;2;;2;;2;;2;;2;;2;;2;;2;;05;12;05;1372.9049543
6037498;1;1;1;90;2;;1;3;2;;2;;2;;2;;2;;2;;2;;1;2;05;12;05;1136.5227312
6037498;1;2;1;90;2;;1;1;2;;2;;2;;2;;2;;2;;2;;2;;05;12;05;1136.5227312
6037499;1;1;1;90;2;;1;20;2;;2;;2;;2;;2;;2;;2;;2;;05;12;05;1253.5627375
6037499;1;2;1;90;2;;1;20;2;;2;;2;;2;;2;;2;;2;;2;;05;12;05;1253.5627375
6037500;1;1;1;90;2;;1;10;2;;2;;2;;2;;2;;2;;2;;2;;05;12;05;1384.3407621
6037500;1;2;1;90;2;;1;12;2;;2;;2;;2;;2;;2;;2;;2;;05;12;05;1384.3407621
6037502;1;1;1;90;2;;1;3;2;;2;;2;;2;;2;;2;;2;;2;;05;12;05;1184.1934986
6037502;1;2;1;90;2;;1;72;2;;2;;2;;2;;2;;2;;2;;2;;05;12;05;1184.1934986
6037502;1;3;1;90;2;;1;2;2;;2;;2;;2;;2;;2;;2;;2;;05;12;05;1184.1934986
6037504;1;1;1;90;2;;1;42;2;;2;;2;;2;;2;;2;;2;;2;;05;12;05;1116.1431383
6037504;1;2;1;90;2;;2;;2;;2;;2;;2;;2;;2;;2;;2;;05;12;05;1116.1431383
6037504;1;3;1;90;2;;1;7;2;;2;;2;;2;;2;;2;;2;;2;;05;12;05;1116.1431383
6037507;1;1;1;90;2;;1;10;2;;2;;2;;2;;2;;2;;2;;2;;05;12;05;1314.9715231
6037507;1;2;1;90;2;;1;30;2;;2;;2;;2;;2;;2;;2;;2;;05;12;05;1314.9715231
6037507;1;3;1;90;2;;1;24;2;;2;;2;;2;;2;;2;;2;;2;;05;12;05;1314.9715231
6037508;1;1;1;90;2;;1;12;2;;2;;2;;2;;2;;2;;2;;2;;05;12;05;1789.6773011
6037508;1;2;1;90;2;;1;22;2;;1;25;2;;2;;2;;2;;2;;2;;05;12;05;1789.6773011
6037509;1;1;1;90;2;;1;4;2;;2;;2;;2;;2;;1;10;2;;2;;05;12;05;1030.7151588
6037509;1;2;1;90;2;;1;35;2;;2;;2;;1;20;2;;2;;2;;2;;05;12;05;1030.7151588
6037509;1;3;1;90;2;;1;7;2;;2;;2;;2;;2;;2;;2;;2;;05;12;05;1030.7151588
6037509;1;4;1;90;2;;2;;2;;2;;2;;2;;2;;2;;2;;2;;05;12;05;1030.7151588
6037509;1;5;1;90;2;;1;7;2;;2;;2;;2;;2;;2;;2;;2;;05;12;05;1030.7151588
6037510;1;1;1;90;2;;1;14;2;;2;;2;;2;;2;;1;6;2;;1;2;05;12;05;1323.8815148
6037510;1;2;1;90;2;;1;14;2;;2;;2;;2;;1;2;1;6;2;;1;2;05;12;05;1323.8815148
6037511;1;1;1;90;2;;1;20;2;;2;;2;;2;;2;;2;;2;;1;6;05;12;05;1365.4612961
6037512;1;1;1;90;2;;1;2;2;;1;3;2;;2;;2;;2;;2;;2;;05;12;05;2303.3809337
6037512;1;2;1;90;2;;1;21;2;;1;29;2;;2;;2;;2;;2;;2;;05;12;05;2303.3809337
6037512;1;6;1;90;2;;1;4;2;;1;10;2;;2;;2;;2;;2;;2;;05;12;05;2303.3809337
6037512;1;7;1;90;2;;2;;2;;1;1;2;;2;;2;;2;;2;;2;;05;12;05;2303.3809337
6037513;1;1;1;90;2;;1;5;2;;2;;2;;2;;2;;1;5;2;;2;;05;12;05;1296.0920571
6037513;1;2;1;90;2;;1;20;2;;2;;2;;2;;2;;2;;2;;2;;05;12;05;1296.0920571
6037514;1;1;1;90;2;;1;21;2;;2;;2;;2;;2;;2;;2;;2;;05;12;05;1391.7844204
6037514;1;2;1;90;2;;1;1;2;;2;;2;;2;;2;;2;;2;;2;;05;12;05;1391.7844204
6037515;1;1;1;90;2;;1;5;2;;2;;2;;2;;2;;2;;2;;2;;05;12;05;1305.0020488
6037517;1;1;1;90;2;;1;20;2;;2;;2;;2;;2;;1;10;2;;2;;05;12;05;1116.290593
6037517;1;2;1;90;2;;1;40;2;;2;;2;;2;;2;;2;;2;;2;;05;12;05;1116.290593
6037517;1;3;1;90;2;;2;;2;;2;;2;;2;;2;;2;;2;;2;;05;12;05;1116.290593
6037519;1;1;1;90;2;;1;8;2;;2;;2;;2;;1;3;2;;2;;2;;05;12;05;1230.8624223
6037519;1;2;1;90;2;;1;30;2;;2;;2;;2;;2;;2;;2;;2;;05;12;05;1230.8624223
6037519;1;3;1;90;2;;1;20;2;;2;;2;;2;;2;;2;;2;;2;;05;12;05;1230.8624223
6037519;1;4;1;90;2;;1;20;2;;2;;2;;2;;2;;2;;2;;2;;05;12;05;1230.8624223
6037520;1;1;1;90;2;;2;;2;;2;;2;;2;;2;;2;;2;;2;;05;12;05;1314.9715231
6037520;1;2;1;90;2;;1;21;2;;2;;2;;2;;2;;2;;2;;2;;05;12;05;1314.9715231
6037520;1;3;1;90;2;;2;;2;;2;;2;;2;;2;;2;;2;;2;;05;12;05;1314.9715231
6037521;1;1;1;90;1;20;2;;2;;2;;2;;2;;2;;2;;2;;2;;05;12;05;1234.6832715
6037522;1;1;1;90;2;;2;;2;;2;;2;;2;;2;;1;6;2;;2;;05;12;05;1296.0920571
6037522;1;2;1;90;2;;1;25;2;;2;;2;;2;;2;;2;;2;;2;;05;12;05;1296.0920571
6037523;1;1;1;90;2;;2;;2;;2;;2;;2;;2;;2;;2;;2;;05;12;05;1789.6773011
6037523;1;2;1;90;2;;1;8;2;;1;20;2;;2;;2;;2;;2;;2;;05;12;05;1789.6773011
6037524;1;1;1;90;2;;1;15;2;;1;72;2;;2;;2;;2;;2;;2;;05;12;05;1571.8626497
6037524;1;2;1;90;2;;1;84;2;;1;44;2;;2;;2;;2;;2;;2;;05;12;05;1571.8626497
6037525;1;1;1;90;2;;1;5;2;;1;3;2;;2;;2;;2;;2;;2;;05;12;05;1549.1623345
6037525;1;2;1;90;2;;1;8;2;;1;19;2;;2;;2;;2;;2;;2;;05;12;05;1549.1623345
6037525;1;3;1;90;2;;1;2;2;;1;1;2;;2;;2;;2;;2;;2;;05;12;05;1549.1623345
6037525;1;5;1;90;2;;2;;2;;2;;2;;2;;2;;2;;2;;2;;05;12;05;1549.1623345
6037526;1;1;1;90;2;;1;8;2;;2;;2;;2;;2;;2;;2;;2;;05;12;05;1234.6832715
6037527;1;1;1;90;2;;2;;2;;2;;2;;2;;2;;2;;2;;2;;05;12;05;1211.9829563
6037527;1;2;1;90;2;;1;10;2;;2;;2;;2;;2;;2;;2;;2;;05;12;05;1211.9829563
6037527;1;3;1;90;2;;1;2;2;;2;;2;;2;;2;;2;;2;;2;;05;12;05;1211.9829563
6037528;1;1;1;90;2;;2;;2;;2;;2;;2;;2;;2;;2;;2;;05;12;05;1193.1034902
6037528;1;2;1;90;2;;1;7;2;;2;;2;;2;;2;;2;;2;;2;;05;12;05;1193.1034902
6037529;1;1;1;90;2;;1;35;2;;2;;2;;2;;2;;2;;2;;2;;05;12;05;1162.8458555
6037529;1;2;1;90;2;;2;;2;;2;;2;;2;;2;;2;;2;;2;;05;12;05;1162.8458555
6037529;1;3;1;90;2;;1;7;2;;2;;2;;2;;1;3;2;;2;;2;;05;12;05;1162.8458555
6037530;1;1;1;90;2;;1;20;2;;1;20;2;;2;;2;;2;;2;;2;;05;12;05;1789.6773011
6037530;1;2;1;90;2;;1;20;2;;1;30;2;;2;;2;;2;;2;;2;;05;12;05;1789.6773011
6037531;1;1;1;90;2;;1;20;2;;2;;1;50;2;;2;;2;;2;;2;;05;12;05;1211.9829563
6037531;1;2;1;90;2;;1;10;2;;2;;2;;2;;2;;2;;2;;2;;05;12;05;1211.9829563
6037531;1;3;1;90;2;;2;;2;;2;;2;;2;;2;;2;;2;;2;;05;12;05;1211.9829563
6037532;1;1;1;90;2;;1;10;2;;2;;2;;2;;2;;2;;2;;1;5;05;12;05;1253.5627375
6037532;1;2;1;90;2;;1;10;2;;2;;1;5;2;;2;;2;;2;;1;5;05;12;05;1253.5627375
6037533;1;1;1;90;2;;1;20;2;;2;;2;;2;;2;;2;;2;;2;;05;12;05;1365.4612961
6037534;1;1;1;90;2;;1;30;2;;1;30;2;;2;;2;;2;;2;;2;;05;12;05;1466.2359411
6037535;1;1;1;90;2;;1;28;2;;2;;2;;2;;2;;2;;2;;2;;05;12;05;1415.7461682
6037535;1;2;1;90;2;;1;3;2;;2;;2;;2;;2;;2;;2;;2;;05;12;05;1415.7461682
6037535;1;3;1;90;2;;1;7;2;;1;84;2;;2;;2;;2;;2;;2;;05;12;05;1415.7461682
6037536;1;1;1;90;2;;2;;2;;2;;2;;2;;2;;2;;2;;2;;05;12;05;1830.9647473
6037536;1;2;1;90;2;;1;30;2;;2;;2;;2;;2;;2;;2;;2;;05;12;05;1830.9647473
6037536;1;3;1;90;2;;2;;2;;1;20;2;;2;;2;;2;;2;;2;;05;12;05;1830.9647473
6037536;1;6;1;90;2;;2;;2;;2;;2;;2;;2;;2;;2;;2;;05;12;05;1830.9647473
6037536;1;7;1;90;2;;1;20;2;;2;;2;;2;;2;;2;;2;;2;;05;12;05;1830.9647473
6037537;1;1;1;90;2;;1;20;2;;2;;2;;2;;2;;2;;2;;2;;05;12;05;1296.0920571
6037537;1;2;1;90;2;;1;40;2;;2;;2;;2;;2;;2;;2;;2;;05;12;05;1296.0920571
6037538;1;1;1;90;2;;1;15;2;;2;;2;;2;;2;;2;;2;;2;;05;12;05;1059.7098339
6037538;1;2;1;90;2;;1;30;2;;2;;2;;2;;2;;2;;2;;2;;05;12;05;1059.7098339
6037538;1;3;1;90;2;;1;6;2;;2;;2;;2;;2;;2;;2;;2;;05;12;05;1059.7098339
6037539;1;1;1;90;2;;1;15;2;;1;49;2;;2;;2;;2;;2;;2;;05;12;05;1650.2263638
6037539;1;2;1;90;2;;1;21;2;;1;72;2;;2;;2;;2;;2;;2;;05;12;05;1650.2263638
6037539;1;4;1;90;2;;1;14;2;;1;5;2;;2;;2;;2;;2;;2;;05;12;05;1650.2263638
6037539;1;5;1;90;2;;1;3;2;;2;;2;;2;;2;;2;;2;;2;;05;12;05;1650.2263638
6037540;1;1;1;90;2;;1;28;2;;2;;2;;2;;2;;2;;2;;2;;05;12;05;1151.523709
6037540;1;2;1;90;2;;1;2;2;;2;;2;;2;;2;;2;;2;;2;;05;12;05;1151.523709
6037540;1;3;1;90;2;;1;12;2;;1;24;1;12;2;;2;;2;;2;;2;;05;12;05;1151.523709
6037541;1;1;1;90;2;;2;;2;;2;;2;;2;;2;;2;;2;;2;;05;12;05;1234.6832715
6037543;1;1;1;90;2;;2;;2;;2;;2;;2;;2;;2;;2;;2;;05;12;05;1296.0920571
6037543;1;2;1;90;2;;1;10;2;;2;;2;;2;;2;;2;;2;;2;;05;12;05;1296.0920571
6037544;1;1;1;90;2;;2;;2;;2;;2;;2;;2;;2;;2;;2;;05;12;05;1296.0920571
6037544;1;2;1;90;2;;1;18;2;;2;;1;40;2;;2;;2;;2;;2;;05;12;05;1296.0920571
6037545;1;1;1;90;2;;2;;2;;2;;2;;2;;2;;2;;2;;2;;05;12;05;1307.5278648
6037545;1;2;1;90;2;;2;;2;;2;;2;;2;;2;;2;;2;;2;;05;12;05;1307.5278648
6037545;1;3;1;90;2;;2;;2;;2;;2;;2;;2;;2;;2;;2;;05;12;05;1307.5278648
6037546;1;1;1;90;2;;2;;2;;2;;2;;2;;2;;2;;2;;2;;05;12;05;1432.1223282
6037546;1;2;1;90;2;;1;14;2;;2;;2;;2;;2;;2;;2;;2;;05;12;05;1432.1223282
6037546;1;3;1;90;2;;2;;2;;2;;2;;2;;2;;2;;2;;2;;05;12;05;1432.1223282
6037546;1;4;1;90;2;;2;;2;;2;;2;;2;;2;;2;;2;;2;;05;12;05;1432.1223282
6037547;1;1;1;90;2;;1;3;2;;2;;2;;2;;2;;2;;2;;1;6;05;12;05;1184.1934986
6037547;1;2;1;90;2;;2;;2;;2;;2;;2;;2;;2;;2;;2;;05;12;05;1184.1934986
6037547;1;3;1;90;2;;2;;2;;2;;2;;2;;2;;2;;2;;2;;05;12;05;1184.1934986
6037548;1;1;1;90;2;;1;3;2;;2;;2;;2;;2;;2;;2;;2;;05;12;05;1296.0920571
6037548;1;2;1;90;2;;1;20;2;;2;;2;;2;;2;;2;;2;;2;;05;12;05;1296.0920571
6037549;1;1;1;90;2;;1;30;2;;2;;2;;2;;2;;2;;2;;2;;05;12;05;1399.2280787
6037549;1;2;1;90;2;;1;20;2;;2;;2;;2;;2;;2;;2;;2;;05;12;05;1399.2280787
6037550;1;1;1;90;2;;1;14;2;;2;;2;;2;;2;;2;;2;;2;;05;12;05;1391.7844204
6037550;1;2;1;90;2;;1;16;2;;2;;2;;2;;2;;2;;2;;2;;05;12;05;1391.7844204
6037551;1;1;1;90;2;;1;20;2;;2;;2;;2;;2;;2;;2;;2;;05;12;05;1162.8458555
6037551;1;2;1;90;2;;1;12;2;;2;;2;;2;;2;;2;;2;;2;;05;12;05;1162.8458555
6037551;1;3;1;90;2;;1;10;2;;2;;2;;2;;2;;2;;2;;2;;05;12;05;1162.8458555
6037553;1;1;1;90;2;;1;14;2;;2;;2;;2;;2;;2;;2;;2;;05;12;05;1413.2428622
6037553;1;2;1;90;2;;1;18;2;;2;;2;;2;;2;;2;;2;;2;;05;12;05;1413.2428622
6037553;1;3;1;90;2;;1;14;2;;2;;2;;2;;2;;2;;2;;2;;05;12;05;1413.2428622
6037554;1;1;1;90;2;;1;14;2;;1;12;2;;2;;2;;2;;2;;2;;05;12;05;1373.2168486
6037554;1;2;1;90;2;;1;10;2;;1;10;2;;2;;2;;2;;2;;2;;05;12;05;1373.2168486
6037554;1;3;1;90;2;;1;12;2;;2;;2;;2;;2;;2;;2;;2;;05;12;05;1373.2168486
6037555;1;1;1;90;2;;1;14;2;;2;;2;;2;;2;;2;;2;;2;;05;12;05;1253.5627375
6037555;1;2;1;90;2;;2;;2;;2;;2;;2;;2;;2;;2;;2;;05;12;05;1253.5627375
6037556;1;1;1;90;2;;1;12;2;;2;;2;;2;;2;;2;;2;;2;;05;12;05;1141.6641789
6037556;1;2;1;90;2;;1;16;2;;2;;2;;2;;2;;2;;2;;2;;05;12;05;1141.6641789
6037556;1;3;1;90;2;;1;10;2;;2;;2;;2;;2;;2;;2;;2;;05;12;05;1141.6641789
6037558;1;1;1;90;2;;1;14;2;;2;;2;;2;;2;;2;;2;;2;;05;12;05;1269.7689328
6037559;1;1;1;90;2;;1;14;2;;2;;2;;2;;2;;2;;2;;2;;05;12;05;1253.5627375
6037559;1;2;1;90;2;;1;4;2;;2;;2;;2;;2;;1;1;2;;2;;05;12;05;1253.5627375
6037560;1;1;1;90;2;;1;7;2;;1;7;2;;2;;2;;2;;2;;2;;05;12;05;1269.7689328
6037562;1;1;1;90;2;;1;60;2;;1;50;2;;2;;2;;2;;2;;2;;05;12;05;1024.6241726
6037562;1;2;1;90;2;;2;;2;;2;;2;;2;;2;;2;;2;;2;;05;12;05;1024.6241726
6037562;1;3;1;90;2;;2;;2;;2;;2;;2;;2;;2;;2;;2;;05;12;05;1024.6241726
6037563;1;1;1;90;2;;1;21;2;;1;24;2;;2;;2;;2;;2;;2;;05;12;05;1136.5227312
6037563;1;2;1;90;2;;1;7;2;;2;;2;;2;;2;;2;;2;;2;;05;12;05;1136.5227312
6037564;1;1;1;90;2;;1;14;2;;2;;2;;2;;2;;2;;2;;2;;05;12;05;1269.7689328
6037565;1;1;1;90;2;;1;30;2;;2;;2;;2;;2;;2;;2;;2;;05;12;05;1598.185774
6037565;1;2;1;90;2;;1;14;2;;1;20;2;;2;;2;;2;;2;;2;;05;12;05;1598.185774
6037565;1;4;1;90;2;;1;7;2;;1;14;2;;2;;2;;2;;2;;2;;05;12;05;1598.185774
6037566;1;1;1;90;2;;1;24;2;;2;;2;;2;;2;;2;;2;;2;;05;12;05;1274.7444141
6037566;1;2;1;90;2;;1;20;2;;2;;2;;2;;2;;2;;2;;2;;05;12;05;1274.7444141
6037567;1;1;1;90;2;;1;30;2;;1;14;2;;2;;2;;2;;2;;2;;05;12;05;1540.2523428
6037567;1;2;1;90;2;;1;14;2;;1;20;2;;2;;2;;2;;2;;2;;05;12;05;1540.2523428
6037567;1;3;1;90;2;;1;7;2;;1;2;2;;2;;2;;2;;2;;2;;05;12;05;1540.2523428
6037567;1;4;1;90;2;;1;7;2;;1;7;2;;2;;1;2;2;;2;;1;4;05;12;05;1540.2523428
6037567;1;5;1;90;2;;1;14;2;;1;20;2;;2;;2;;2;;2;;2;;05;12;05;1540.2523428
6037568;1;1;1;90;2;;1;14;2;;2;;2;;2;;2;;2;;2;;2;;05;12;05;1155.4021972
6037568;1;2;1;90;2;;1;30;2;;1;14;2;;2;;2;;2;;2;;2;;05;12;05;1155.4021972
6037568;1;3;1;90;2;;1;14;2;;2;;2;;2;;2;;2;;2;;2;;05;12;05;1155.4021972
6037570;1;1;1;90;2;;1;20;2;;2;;2;;2;;2;;2;;2;;2;;05;12;05;1365.4612961
6037571;1;1;1;90;2;;1;6;2;;2;;2;;2;;2;;2;;2;;2;;05;12;05;1365.4612961
6037572;1;1;1;90;2;;1;10;2;;2;;2;;2;;2;;2;;2;;2;;05;12;05;1113.822416
6037572;1;2;1;90;2;;2;;2;;2;;2;;2;;2;;2;;2;;2;;05;12;05;1113.822416
6037572;1;3;1;90;2;;2;;2;;2;;2;;2;;2;;2;;2;;2;;05;12;05;1113.822416
6037572;1;4;1;90;2;;2;;2;;2;;2;;2;;2;;2;;2;;2;;05;12;05;1113.822416
6037573;1;1;1;90;2;;2;;2;;2;;2;;2;;2;;2;;2;;2;;05;12;05;1094.94295
6037573;1;2;1;90;2;;1;3;2;;2;;2;;2;;2;;2;;2;;2;;05;12;05;1094.94295
6037573;1;3;1;90;2;;2;;2;;2;;2;;2;;2;;2;;2;;2;;05;12;05;1094.94295
6037574;1;1;1;90;2;;1;2;2;;2;;2;;2;;2;;2;;2;;2;;05;12;05;1078.5893
6037574;1;2;1;90;2;;1;15;2;;2;;2;;2;;2;;2;;2;;2;;05;12;05;1078.5893
6037574;1;3;1;90;2;;1;10;2;;2;;2;;2;;2;;2;;2;;2;;05;12;05;1078.5893
6037574;1;4;1;90;2;;1;6;2;;2;;2;;2;;2;;2;;2;;2;;05;12;05;1078.5893
6037575;1;1;1;90;2;;1;1;2;;2;;2;;2;;2;;2;;2;;2;;05;12;05;1296.0920571
6037575;1;2;1;90;2;;1;14;2;;2;;1;10;2;;2;;2;;2;;2;;05;12;05;1296.0920571
6037576;1;1;1;90;2;;1;2;2;;2;;2;;2;;2;;2;;2;;2;;05;12;05;1230.8624223
6037576;1;2;1;90;2;;1;24;2;;2;;2;;2;;2;;2;;2;;2;;05;12;05;1230.8624223
6037576;1;3;1;90;2;;2;;2;;2;;2;;2;;2;;2;;2;;2;;05;12;05;1230.8624223
6037576;1;4;1;90;2;;1;4;2;;2;;2;;2;;2;;2;;2;;2;;05;12;05;1230.8624223
6037577;1;1;1;90;2;;1;28;2;;1;60;2;;2;;2;;2;;2;;2;;05;12;05;1478.8210472
6037577;1;2;1;90;2;;1;14;2;;1;21;2;;2;;2;;2;;2;;2;;05;12;05;1478.8210472
6037578;1;1;1;90;2;;1;14;2;;1;21;2;;2;;2;;2;;2;;2;;05;12;05;1571.8626497
6037578;1;2;1;90;2;;1;28;2;;1;35;2;;2;;2;;2;;2;;2;;05;12;05;1571.8626497
6037579;1;1;1;90;2;;1;14;2;;2;;2;;2;;2;;2;;2;;2;;05;12;05;1365.4612961
6037580;1;1;1;90;2;;2;;2;;2;;2;;2;;2;;2;;2;;2;;05;12;05;1269.7689328
6037581;1;1;1;90;2;;1;12;2;;2;;2;;2;;2;;2;;2;;2;;05;12;05;1391.7844204
6037581;1;2;1;90;2;;2;;2;;2;;2;;2;;2;;2;;2;;2;;05;12;05;1391.7844204
6037582;1;1;1;90;2;;1;14;2;;2;;2;;2;;2;;2;;2;;2;;05;12;05;1157.8703742
6037582;1;2;1;90;2;;1;28;2;;2;;2;;2;;2;;2;;2;;2;;05;12;05;1157.8703742
6037583;1;1;1;90;2;;1;2;2;;2;;2;;2;;2;;2;;2;;2;;05;12;05;1253.5627375
6037583;1;2;1;90;2;;1;21;2;;2;;2;;2;;2;;2;;2;;1;1;05;12;05;1253.5627375
6037584;1;1;1;90;2;;1;7;2;;2;;2;;2;;2;;2;;2;;2;;05;12;05;1018.1300527
6037584;1;2;1;90;2;;1;21;2;;2;;2;;2;;2;;2;;2;;2;;05;12;05;1018.1300527
6037584;1;3;1;90;2;;1;3;2;;2;;2;;2;;1;20;2;;2;;2;;05;12;05;1018.1300527
6037584;1;4;1;90;2;;1;14;2;;2;;2;;2;;2;;2;;2;;2;;05;12;05;1018.1300527
6037585;1;1;1;90;2;;1;7;2;;1;7;2;;2;;2;;2;;2;;2;;05;12;05;1571.8626497
6037585;1;2;1;90;2;;1;35;2;;1;40;2;;2;;2;;2;;2;;2;;05;12;05;1571.8626497
6037586;1;1;1;90;2;;1;30;2;;2;;1;20;2;;2;;2;;2;;2;;05;12;05;1431.9540833
6037586;1;2;1;90;2;;1;12;2;;2;;2;;2;;2;;2;;2;;2;;05;12;05;1431.9540833
6037586;2;1;2;90;2;;1;12;2;;2;;2;;2;;2;;2;;2;;2;;05;12;05;1431.9540833
6037586;3;1;3;90;2;;1;30;2;;1;30;2;;2;;2;;2;;2;;2;;05;12;05;1431.9540833
6037586;3;2;3;90;2;;1;16;2;;1;20;2;;2;;2;;2;;2;;2;;05;12;05;1431.9540833
6037586;4;1;4;90;2;;1;24;2;;2;;2;;2;;2;;2;;2;;2;;05;12;05;1431.9540833
6037586;4;2;4;90;2;;1;24;2;;2;;2;;2;;2;;2;;2;;2;;05;12;05;1431.9540833
6037587;1;1;1;90;2;;1;1;2;;1;3;2;;2;;2;;2;;2;;2;;05;12;05;1429.7976077
6037587;1;2;1;90;2;;1;25;2;;1;25;2;;2;;2;;2;;2;;2;;05;12;05;1429.7976077
6037587;1;3;1;90;2;;1;2;2;;1;1;2;;2;;2;;2;;2;;2;;05;12;05;1429.7976077
6037588;1;1;1;90;2;;1;14;2;;2;;2;;2;;2;;2;;2;;2;;05;12;05;1253.5627375
6037588;1;2;1;90;2;;1;4;2;;2;;2;;2;;2;;2;;2;;2;;05;12;05;1253.5627375
6037589;1;1;1;90;2;;2;;2;;2;;2;;2;;2;;2;;2;;2;;05;12;05;1429.7976077
6037589;1;2;1;90;2;;1;26;2;;1;50;2;;2;;2;;2;;2;;2;;05;12;05;1429.7976077
6037589;1;3;1;90;2;;1;5;2;;1;1;2;;2;;2;;2;;2;;2;;05;12;05;1429.7976077
6037591;1;1;1;90;2;;1;16;2;;2;;2;;2;;2;;2;;2;;2;;05;12;05;1193.1034902
6037591;1;2;1;90;2;;2;;2;;2;;2;;2;;2;;2;;2;;2;;05;12;05;1193.1034902
6037592;1;1;1;90;2;;2;;2;;2;;2;;2;;2;;2;;2;;2;;05;12;05;1195.6293063
6037592;1;2;1;90;2;;1;24;2;;2;;2;;2;;2;;2;;2;;2;;05;12;05;1195.6293063
6037592;1;3;1;90;2;;2;;2;;2;;2;;2;;2;;2;;2;;2;;05;12;05;1195.6293063
6037592;1;4;1;90;2;;2;;2;;2;;2;;2;;2;;2;;2;;2;;05;12;05;1195.6293063
6037594;1;1;1;90;2;;1;10;2;;2;;2;;2;;2;;2;;2;;2;;05;12;05;1296.0920571
6037594;1;2;1;90;2;;1;30;2;;2;;2;;2;;2;;2;;2;;2;;05;12;05;1296.0920571
6037595;1;1;1;90;2;;2;;2;;2;;2;;2;;2;;2;;2;;2;;05;12;05;1253.5627375
6037595;1;2;1;90;2;;1;20;2;;2;;2;;2;;2;;2;;2;;2;;05;12;05;1253.5627375
6037596;1;1;1;90;2;;1;35;2;;2;;2;;2;;2;;2;;2;;2;;05;12;05;1372.9049543
6037597;1;1;1;90;2;;1;20;2;;2;;2;;2;;2;;2;;2;;2;;05;12;05;1296.0920571
6037597;1;2;1;90;2;;1;20;2;;2;;2;;2;;2;;2;;2;;2;;05;12;05;1296.0920571
6037598;1;1;1;90;2;;1;20;2;;2;;2;;2;;2;;2;;2;;2;;05;12;05;1038.3621909
6037598;1;2;1;90;2;;1;20;2;;2;;2;;2;;1;10;2;;2;;2;;05;12;05;1038.3621909
6037598;1;3;1;90;2;;2;;2;;2;;2;;2;;2;;2;;2;;2;;05;12;05;1038.3621909
6037599;1;1;1;90;2;;1;28;2;;2;;2;;2;;2;;2;;2;;2;;05;12;05;1296.0920571
6037599;1;2;1;90;2;;1;56;2;;2;;2;;2;;2;;2;;2;;2;;05;12;05;1296.0920571
6037600;1;1;1;90;2;;1;4;2;;1;8;2;;2;;2;;2;;2;;2;;05;12;05;1478.8210472
6037600;1;2;1;90;2;;2;;2;;1;12;2;;2;;2;;2;;2;;2;;05;12;05;1478.8210472
6037601;1;1;1;90;2;;1;14;2;;2;;2;;2;;2;;2;;2;;2;;05;12;05;1365.4612961
6037602;1;1;1;90;2;;1;28;2;;2;;2;;2;;2;;2;;2;;2;;05;12;05;1219.2791599
6037602;1;2;1;90;2;;1;2;2;;2;;2;;2;;2;;2;;2;;2;;05;12;05;1219.2791599
6037602;1;3;1;90;2;;1;7;2;;2;;2;;2;;2;;2;;2;;2;;05;12;05;1219.2791599
6037603;1;1;1;90;2;;1;12;2;;2;;2;;2;;2;;2;;2;;2;;05;12;05;1399.2280787
6037603;1;2;1;90;2;;2;;2;;2;;2;;2;;2;;2;;2;;2;;05;12;05;1399.2280787
6037604;1;1;1;90;2;;1;2;2;;2;;2;;2;;2;;2;;2;;2;;05;12;05;1219.2791599
6037604;1;2;1;90;2;;1;10;2;;2;;2;;2;;2;;2;;2;;2;;05;12;05;1219.2791599
6037604;1;3;1;90;2;;1;10;2;;2;;2;;2;;2;;2;;2;;2;;05;12;05;1219.2791599
6037605;1;1;1;90;2;;1;12;2;;2;;2;;2;;2;;2;;2;;2;;05;12;05;1296.0920571
6037605;1;2;1;90;2;;1;30;1;20;2;;2;;2;;2;;2;;2;;2;;05;12;05;1296.0920571
6037606;1;1;1;90;2;;1;8;2;;2;;2;;2;;2;;2;;2;;2;;05;12;05;1234.6832715
6037607;1;1;1;90;2;;1;12;2;;1;20;2;;2;;2;;2;;2;;2;;05;12;05;1372.9049543
6037608;1;1;1;90;2;;1;10;2;;2;;2;;2;;2;;2;;2;;2;;05;12;05;1897.6062202
6037608;1;2;1;90;2;;1;12;2;;2;;2;;2;;2;;2;;2;;2;;05;12;05;1897.6062202
6037609;1;1;1;90;2;;2;;2;;2;;2;;2;;2;;2;;2;;2;;05;12;05;1219.2791599
6037609;1;2;1;90;2;;1;20;2;;2;;2;;2;;2;;2;;2;;2;;05;12;05;1219.2791599
6037609;1;3;1;90;2;;1;6;2;;2;;2;;2;;2;;2;;2;;2;;05;12;05;1219.2791599
6037610;1;1;1;90;2;;1;15;2;;2;;2;;2;;2;;2;;2;;2;;05;12;05;1410.6638864
6037610;1;2;1;90;2;;1;30;2;;2;;2;;2;;2;;2;;2;;2;;05;12;05;1410.6638864
6037610;1;3;1;90;2;;1;12;2;;2;;2;;2;;2;;2;;2;;2;;05;12;05;1410.6638864
6037611;1;1;1;90;2;;1;16;2;;2;;2;;2;;2;;2;;2;;2;;05;12;05;1254.5122759
6037611;1;2;1;90;2;;1;20;2;;2;;2;;2;;2;;2;;2;;2;;05;12;05;1254.5122759
6037611;1;3;1;90;2;;2;;2;;2;;2;;2;;2;;2;;2;;2;;05;12;05;1254.5122759
6037612;1;1;1;90;2;;1;7;2;;2;;2;;2;;2;;2;;2;;2;;05;12;05;1376.5277634
6037612;1;2;1;90;2;;2;;2;;2;;2;;2;;2;;2;;2;;2;;05;12;05;1376.5277634
6037612;1;3;1;90;2;;1;7;2;;2;;2;;2;;2;;2;;2;;2;;05;12;05;1376.5277634
6037612;1;4;1;90;2;;1;14;2;;2;;2;;2;;2;;2;;2;;2;;05;12;05;1376.5277634
6037614;1;1;1;90;2;;1;30;2;;2;;2;;2;;2;;2;;2;;2;;05;12;05;1296.0920571
6037614;1;2;1;90;2;;1;14;2;;2;;2;;2;;2;;2;;2;;2;;05;12;05;1296.0920571
6037616;1;1;1;90;2;;1;16;2;;2;;2;;2;;2;;2;;2;;2;;05;12;05;1234.6832715
6037617;1;1;1;90;2;;1;3;2;;2;;2;;2;;2;;2;;2;;2;;05;12;05;1113.822416
6037617;1;2;1;90;2;;1;3;2;;1;2;2;;2;;2;;2;;2;;2;;05;12;05;1113.822416
6037617;1;3;1;90;2;;2;;2;;2;;2;;2;;2;;2;;2;;2;;05;12;05;1113.822416
6037617;1;4;1;90;2;;1;5;2;;2;;2;;2;;2;;2;;2;;2;;05;12;05;1113.822416
6037618;1;1;1;90;2;;1;14;2;;2;;2;;2;;2;;2;;2;;2;;05;12;05;983.0443914
6037618;1;2;1;90;2;;1;4;2;;2;;2;;2;;2;;2;;2;;1;2;05;12;05;983.0443914
6037618;1;3;1;90;2;;1;5;2;;2;;2;;2;;2;;2;;2;;2;;05;12;05;983.0443914
6037618;1;4;1;90;2;;2;;2;;2;;2;;2;;2;;2;;2;;2;;05;12;05;983.0443914
6037619;1;1;1;90;2;;1;21;2;;1;45;2;;2;;2;;2;;2;;2;;05;12;05;1770.7978351
6037620;1;1;1;90;2;;2;;2;;1;21;2;;2;;2;;2;;2;;2;;05;12;05;1689.1920403
6037620;1;2;1;90;2;;1;10;2;;1;21;2;;2;;2;;2;;2;;2;;05;12;05;1689.1920403
6037621;1;1;1;90;2;;1;7;2;;2;;2;;2;;2;;2;;2;;2;;05;12;05;1552.9831837
6037622;1;1;1;90;2;;1;14;2;;1;20;2;;2;;2;;2;;2;;2;;05;12;05;1452.4979229
6037623;1;1;1;90;2;;2;;2;;2;;2;;2;;2;;2;;2;;2;;05;12;05;1429.7976077
6037623;1;2;1;90;2;;1;35;2;;1;20;2;;2;;2;;2;;2;;2;;05;12;05;1429.7976077
6037623;1;3;1;90;2;;2;;2;;2;;2;;2;;1;1;2;;2;;2;;05;12;05;1429.7976077
6037624;1;1;1;90;2;;1;20;2;;2;;2;;2;;2;;2;;2;;2;;05;12;05;1365.4612961
6037625;1;1;1;90;2;;1;40;2;;1;20;2;;2;;2;;2;;2;;2;;05;12;05;1571.8626497
6037625;1;2;1;90;2;;1;14;2;;2;;2;;2;;2;;2;;2;;2;;05;12;05;1571.8626497
6037626;1;1;1;90;2;;1;28;2;;2;;2;;2;;2;;2;;2;;2;;05;12;05;1269.7689328
6037627;1;1;1;90;2;;1;4;2;;2;;2;;2;;2;;2;;2;;2;;05;12;05;1155.4021972
6037627;1;2;1;90;2;;1;48;2;;2;;2;;2;;2;;2;;2;;2;;05;12;05;1155.4021972
6037627;1;3;1;90;2;;1;40;2;;2;;2;;2;;2;;2;;2;;2;;05;12;05;1155.4021972
6037628;1;1;1;90;2;;1;7;2;;2;;2;;2;;2;;2;;2;;2;;05;12;05;1269.7689328
6037629;1;1;1;90;2;;2;;2;;2;;2;;2;;2;;2;;2;;2;;05;12;05;840.68843813
6037629;1;2;1;90;2;;1;49;2;;1;7;2;;2;;2;;2;;2;;2;;05;12;05;840.68843813
6037629;1;3;1;90;2;;1;7;2;;2;;2;;2;;2;;2;;2;;2;;05;12;05;840.68843813
6037629;1;4;1;90;2;;1;5;2;;2;;2;;2;;2;;2;;2;;2;;05;12;05;840.68843813
6037629;1;5;1;90;2;;1;35;2;;2;;2;;2;;2;;2;;2;;2;;05;12;05;840.68843813
6037629;1;6;1;90;2;;1;35;2;;2;;2;;2;;2;;2;;2;;2;;05;12;05;840.68843813
6037629;1;7;1;90;2;;1;14;2;;2;;2;;2;;2;;2;;2;;2;;05;12;05;840.68843813
6037630;1;1;1;90;2;;1;30;2;;2;;2;;2;;2;;2;;2;;2;;05;12;05;1116.290593
6037630;1;2;1;90;2;;1;6;2;;2;;2;;2;;2;;2;;2;;2;;05;12;05;1116.290593
6037630;1;3;1;90;2;;2;;2;;2;;2;;2;;2;;2;;2;;2;;05;12;05;1116.290593
6037631;1;1;1;90;2;;1;28;2;;1;35;2;;2;;2;;2;;2;;2;;05;12;05;1379.3078347
6037631;1;2;1;90;2;;1;7;2;;2;;2;;2;;1;2;2;;2;;2;;05;12;05;1379.3078347
6037631;1;3;1;90;2;;1;7;2;;2;;2;;2;;2;;2;;2;;2;;05;12;05;1379.3078347
6037631;1;4;1;90;2;;1;7;2;;1;28;2;;2;;2;;2;;2;;2;;05;12;05;1379.3078347
6037631;1;5;1;90;2;;1;21;2;;1;21;2;;2;;2;;2;;2;;1;4;05;12;05;1379.3078347
6037633;1;1;1;90;2;;2;;2;;2;;2;;2;;2;;2;;2;;2;;05;12;05;1314.9715231
6037633;1;2;1;90;2;;1;35;2;;2;;2;;2;;2;;2;;2;;2;;05;12;05;1314.9715231
6037633;1;3;1;90;2;;1;14;2;;2;;2;;2;;2;;2;;2;;2;;05;12;05;1314.9715231
6037634;1;1;1;90;2;;1;28;2;;1;21;2;;2;;2;;2;;2;;2;;05;12;05;1454.8226434
6037634;1;2;1;90;2;;1;21;2;;1;21;2;;2;;1;4;2;;2;;2;;05;12;05;1454.8226434
6037635;1;1;1;90;2;;1;28;2;;2;;2;;2;;2;;2;;2;;2;;05;12;05;1279.8858618
6037635;1;2;1;90;2;;1;2;2;;2;;2;;2;;2;;2;;2;;2;;05;12;05;1279.8858618
6037635;1;3;1;90;2;;1;21;2;;2;;2;;2;;1;10;2;;2;;2;;05;12;05;1279.8858618
6037636;1;1;1;90;2;;2;;2;;2;;2;;2;;2;;2;;2;;2;;05;12;05;1635.9447061
6037636;1;2;1;90;2;;1;12;2;;2;;2;;2;;2;;2;;2;;2;;05;12;05;1635.9447061
6037636;1;3;1;90;2;;1;10;2;;1;14;2;;2;;2;;2;;2;;2;;05;12;05;1635.9447061
6037636;1;4;1;90;2;;1;18;2;;1;16;2;;2;;2;;2;;2;;2;;05;12;05;1635.9447061
6037636;1;5;1;90;2;;2;;2;;2;;2;;2;;2;;2;;2;;2;;05;12;05;1635.9447061
6037639;1;1;1;90;2;;1;8;2;;2;;2;;2;;2;;2;;2;;2;;05;12;05;1334.1052444
6037639;1;3;1;90;2;;2;;2;;2;;2;;2;;2;;2;;2;;2;;05;12;05;1334.1052444
6037639;1;4;1;90;2;;2;;2;;2;;2;;2;;2;;2;;2;;2;;05;12;05;1334.1052444
6037640;1;1;1;90;2;;1;12;2;;2;;2;;2;;2;;2;;2;;2;;05;12;05;1113.822416
6037640;1;2;1;90;2;;1;4;2;;2;;2;;2;;2;;2;;2;;2;;05;12;05;1113.822416
6037640;1;3;1;90;2;;1;5;2;;2;;2;;2;;2;;2;;2;;2;;05;12;05;1113.822416
6037640;1;4;1;90;2;;1;3;2;;2;;2;;2;;2;;2;;2;;2;;05;12;05;1113.822416
6037641;1;1;1;90;2;;2;;2;;2;;2;;2;;2;;2;;2;;2;;05;12;05;1234.6832715
6037642;1;1;1;90;2;;2;;2;;2;;2;;2;;2;;2;;2;;2;;05;12;05;1471.3773889
6037642;1;2;1;90;2;;2;;2;;2;;2;;2;;2;;2;;2;;2;;05;12;05;1471.3773889
6037643;1;1;1;90;2;;2;;2;;2;;2;;2;;2;;2;;2;;2;;05;12;05;1366.9224886
6037643;1;2;1;90;2;;1;30;2;;1;15;1;30;2;;2;;2;;2;;2;;05;12;05;1366.9224886
6037643;1;3;1;90;2;;1;24;2;;1;20;1;24;2;;2;;2;;2;;2;;05;12;05;1366.9224886
6037644;1;1;1;90;2;;1;21;2;;2;;2;;2;;2;;2;;2;;2;;05;12;05;1225.7209745
6037644;1;2;1;90;2;;1;21;2;;2;;2;;2;;1;3;2;;2;;1;30;05;12;05;1225.7209745
6037644;1;3;1;90;2;;1;14;2;;2;;2;;2;;2;;2;;2;;2;;05;12;05;1225.7209745
6037645;1;1;1;90;2;;2;;2;;2;;2;;2;;2;;2;;2;;2;;05;12;05;1252.0440988
6037645;1;2;1;90;2;;1;1;2;;2;;2;;2;;2;;2;;2;;2;;05;12;05;1252.0440988
6037645;1;3;1;90;2;;1;1;2;;2;;2;;2;;2;;2;;2;;2;;05;12;05;1252.0440988
6037645;1;4;1;90;2;;2;;2;;2;;2;;2;;2;;2;;2;;2;;05;12;05;1252.0440988
6037646;1;1;1;90;2;;1;12;2;;2;;2;;2;;2;;1;13;2;;2;;05;12;05;1193.1034902
6037646;1;2;1;90;2;;1;2;2;;2;;2;;2;;2;;2;;2;;2;;05;12;05;1193.1034902
6037647;1;1;1;90;2;;1;2;2;;2;;2;;2;;2;;2;;2;;2;;05;12;05;1225.7209745
6037647;1;2;1;90;2;;1;3;2;;2;;2;;2;;2;;2;;2;;2;;05;12;05;1225.7209745
6037647;1;3;1;90;2;;1;3;2;;2;;2;;2;;2;;2;;2;;2;;05;12;05;1225.7209745
6037648;1;1;1;90;2;;1;14;2;;2;;2;;2;;2;;2;;2;;2;;05;12;05;1372.9049543
6037649;1;1;1;90;2;;1;10;2;;2;;2;;2;;2;;2;;2;;2;;05;12;05;1296.0920571
6037649;1;2;1;90;2;;2;;2;;2;;2;;2;;2;;2;;2;;2;;05;12;05;1296.0920571
6037650;1;1;1;90;2;;1;3;2;;2;;2;;2;;2;;2;;2;;2;;05;12;05;1118.9638637
6037650;1;2;1;90;2;;2;;2;;2;;2;;2;;2;;2;;2;;2;;05;12;05;1118.9638637
6037650;1;3;1;90;2;;1;21;2;;2;;2;;2;;2;;2;;2;;2;;05;12;05;1118.9638637
6037650;1;4;1;90;2;;1;10;2;;2;;2;;2;;2;;2;;2;;2;;05;12;05;1118.9638637
6037650;1;5;1;90;2;;1;1;2;;2;;2;;2;;2;;2;;2;;2;;05;12;05;1118.9638637
6037651;1;1;1;90;2;;1;5;2;;2;;2;;2;;2;;2;;2;;2;;05;12;05;1314.9715231
6037651;1;2;1;90;2;;1;20;2;;2;;2;;2;;2;;2;;2;;2;;05;12;05;1314.9715231
6037651;1;3;1;90;2;;2;;2;;1;2;2;;2;;2;;2;;2;;2;;05;12;05;1314.9715231
6037652;1;1;1;90;2;;1;21;2;;2;;2;;2;;2;;2;;2;;2;;05;12;05;1373.2168486
6037652;1;2;1;90;2;;2;;2;;2;;2;;2;;2;;2;;2;;2;;05;12;05;1373.2168486
6037652;1;3;1;90;2;;2;;2;;2;;2;;2;;2;;2;;2;;2;;05;12;05;1373.2168486
6037653;1;1;1;90;2;;1;12;1;5;2;;2;;2;;2;;2;;2;;2;;05;12;05;1234.6832715
6037654;1;1;1;90;2;;1;10;2;;2;;2;;2;;1;3;2;;2;;2;;05;12;05;1136.5227312
6037654;1;2;1;90;2;;1;3;2;;2;;2;;2;;2;;2;;2;;2;;05;12;05;1136.5227312
6037655;1;1;1;90;2;;1;14;2;;2;;2;;2;;2;;2;;2;;2;;05;12;05;1132.701882
6037655;1;2;1;90;2;;1;40;2;;2;;2;;2;;2;;2;;2;;2;;05;12;05;1132.701882
6037655;1;3;1;90;2;;1;8;2;;2;;2;;2;;2;;2;;2;;2;;05;12;05;1132.701882
6037655;1;4;1;90;2;;1;7;2;;2;;2;;2;;1;1;2;;2;;2;;05;12;05;1132.701882
6037655;1;5;1;90;2;;2;;2;;2;;2;;2;;2;;2;;2;;2;;05;12;05;1132.701882
6037656;1;1;1;90;2;;1;20;2;;2;;2;;2;;2;;2;;2;;2;;05;12;05;1122.7847129
6037656;1;2;1;90;2;;1;20;2;;2;;2;;2;;2;;2;;2;;2;;05;12;05;1122.7847129
6037657;1;1;1;90;2;;1;20;2;;2;;2;;2;;1;9;2;;2;;2;;05;12;05;1267.3007558
6037657;1;2;1;90;2;;1;10;2;;2;;2;;2;;2;;2;;2;;2;;05;12;05;1267.3007558
6037658;1;1;1;90;2;;1;30;2;;2;;2;;2;;2;;2;;2;;2;;05;12;05;1094.94295
6037658;1;2;1;90;2;;1;30;2;;2;;2;;2;;1;8;2;;2;;2;;05;12;05;1094.94295
6037658;1;3;1;90;2;;1;20;2;;2;;2;;2;;2;;2;;2;;2;;05;12;05;1094.94295
6037659;1;1;1;90;2;;1;30;2;;2;;2;;2;;2;;2;;2;;2;;05;12;05;1253.5627375
6037659;1;2;1;90;2;;1;10;2;;2;;2;;2;;2;;2;;2;;2;;05;12;05;1253.5627375
6037660;1;1;1;90;2;;1;30;2;;2;;2;;2;;2;;2;;2;;2;;05;12;05;1121.2660743
6037660;1;2;1;90;2;;1;10;2;;2;;2;;2;;2;;2;;2;;2;;05;12;05;1121.2660743
6037660;1;3;1;90;2;;1;20;2;;2;;2;;2;;2;;2;;2;;2;;05;12;05;1121.2660743
6037660;1;4;1;90;2;;1;10;2;;2;;2;;2;;2;;2;;2;;2;;05;12;05;1121.2660743
6037661;1;1;1;90;2;;2;;2;;2;;2;;2;;2;;2;;2;;2;;05;12;05;1157.8703742
6037661;1;2;1;90;2;;1;20;2;;2;;2;;2;;2;;2;;2;;2;;05;12;05;1157.8703742
6037662;1;1;1;90;2;;1;28;2;;1;16;2;;2;;2;;2;;2;;2;;05;12;05;1890.1625619
6037662;1;2;1;90;2;;1;10;2;;2;;2;;2;;2;;2;;2;;2;;05;12;05;1890.1625619
6037663;1;1;1;90;2;;1;21;2;;2;;2;;2;;2;;2;;2;;2;;05;12;05;1399.2280787
6037663;1;2;1;90;2;;1;21;2;;2;;2;;2;;2;;2;;2;;2;;05;12;05;1399.2280787
6037667;1;1;1;90;2;;1;20;2;;2;;2;;2;;2;;2;;2;;2;;05;12;05;1234.6832715
6037668;1;1;1;90;2;;1;30;2;;2;;2;;2;;2;;2;;2;;2;;05;12;05;1289.7453919
6037668;1;2;1;90;2;;1;10;2;;2;;2;;2;;2;;2;;2;;2;;05;12;05;1289.7453919
6037668;1;3;1;90;2;;1;10;2;;2;;2;;2;;2;;2;;2;;2;;05;12;05;1289.7453919
6037669;1;1;1;90;2;;1;14;2;;2;;2;;2;;2;;2;;2;;2;;05;12;05;1372.9049543
6037670;1;1;1;90;2;;1;15;2;;1;20;2;;2;;2;;2;;2;;2;;05;12;05;1473.7021094
6037670;1;2;1;90;2;;1;2;2;;1;40;2;;2;;2;;2;;2;;2;;05;12;05;1473.7021094
6037670;1;4;1;90;2;;1;21;2;;1;7;2;;2;;2;;2;;2;;2;;05;12;05;1473.7021094
6037671;1;1;1;90;2;;2;;2;;1;10;2;;2;;2;;2;;2;;2;;05;12;05;1004.3920345
6037671;1;2;1;90;2;;1;21;2;;1;70;2;;2;;2;;2;;2;;2;;05;12;05;1004.3920345
6037671;1;3;1;90;2;;2;;2;;2;;2;;2;;2;;2;;2;;2;;05;12;05;1004.3920345
6037671;1;4;1;90;2;;1;3;2;;2;;2;;2;;2;;2;;2;;2;;05;12;05;1004.3920345
6037673;1;1;1;90;2;;1;14;2;;2;;2;;2;;2;;2;;2;;2;;05;12;05;1254.5122759
6037673;1;2;1;90;2;;1;7;2;;2;;2;;2;;2;;2;;2;;2;;05;12;05;1254.5122759
6037673;1;3;1;90;2;;1;20;2;;2;;2;;2;;2;;2;;2;;2;;05;12;05;1254.5122759
6037674;1;1;1;90;2;;1;14;2;;2;;2;;2;;2;;2;;2;;2;;05;12;05;1253.5627375
6037674;1;2;1;90;2;;1;14;2;;2;;2;;2;;2;;2;;2;;2;;05;12;05;1253.5627375
6037675;1;1;1;90;2;;1;20;2;;2;;2;;2;;2;;2;;2;;2;;05;12;05;1372.9049543
6037676;1;1;1;90;2;;2;;2;;2;;2;;2;;2;;1;20;2;;2;;05;12;05;1296.0920571
6037676;1;2;1;90;2;;1;2;2;;2;;2;;2;;2;;2;;2;;2;;05;12;05;1296.0920571
6037677;1;1;1;90;2;;2;;2;;2;;2;;2;;2;;2;;2;;2;;05;12;05;1473.7021094
6037677;1;2;1;90;2;;1;20;2;;2;;2;;2;;2;;2;;2;;2;;05;12;05;1473.7021094
6037677;1;3;1;90;2;;2;;2;;2;;2;;2;;2;;2;;2;;2;;05;12;05;1473.7021094
6037678;1;1;1;90;2;;1;1;2;;1;1;2;;2;;2;;2;;2;;2;;05;12;05;1585.600668
6037678;1;2;1;90;2;;1;20;2;;1;40;2;;2;;2;;2;;2;;2;;05;12;05;1585.600668
6037679;1;1;1;90;2;;1;12;2;;2;;2;;2;;2;;2;;2;;2;;05;12;05;1136.5227312
6037679;1;2;1;90;2;;1;2;2;;2;;2;;2;;2;;2;;2;;2;;05;12;05;1136.5227312
6037680;1;1;1;90;2;;1;20;2;;2;;2;;2;;2;;2;;2;;2;;05;12;05;1511.4034025
6037680;1;2;1;90;2;;1;2;2;;2;;2;;2;;2;;2;;2;;2;;05;12;05;1511.4034025
6037682;1;1;1;90;2;;1;20;2;;2;;2;;2;;2;;2;;2;;2;;05;12;05;1350.2046391
6037682;1;2;1;90;2;;1;16;2;;2;;2;;2;;2;;2;;2;;2;;05;12;05;1350.2046391
6037682;1;3;1;90;2;;2;;2;;2;;2;;2;;2;;2;;2;;2;;05;12;05;1350.2046391
6037683;1;1;1;90;2;;1;30;2;;2;;1;30;2;;2;;2;;2;;2;;05;12;05;1399.2280787
6037683;1;2;1;90;2;;2;;2;;2;;2;;2;;2;;2;;2;;2;;05;12;05;1399.2280787
6037684;1;1;1;90;2;;1;30;2;;2;;2;;2;;2;;2;;2;;2;;05;12;05;1157.8703742
6037684;1;2;1;90;2;;1;10;2;;2;;2;;2;;2;;2;;2;;2;;05;12;05;1157.8703742
6037685;1;1;1;90;2;;1;20;2;;2;;2;;2;;2;;2;;2;;2;;05;12;05;1234.6832715
6037686;1;1;1;90;2;;1;16;2;;2;;2;;2;;2;;2;;2;;2;;05;12;05;1571.8626497
6037686;1;2;1;90;2;;1;10;2;;2;;2;;2;;2;;2;;2;;2;;05;12;05;1571.8626497
6037687;1;1;1;90;2;;1;10;2;;2;;2;;2;;2;;2;;2;;2;;05;12;05;1263.4222676
6037687;1;2;1;90;2;;1;10;2;;2;;2;;2;;2;;2;;2;;2;;05;12;05;1263.4222676
6037688;1;1;1;90;2;;1;20;2;;2;;2;;2;;2;;2;;2;;2;;05;12;05;1149.1078372
6037688;1;2;1;90;2;;1;30;2;;2;;2;;2;;2;;2;;2;;2;;05;12;05;1149.1078372
6037688;1;3;1;90;2;;1;15;2;;2;;2;;2;;2;;2;;2;;2;;05;12;05;1149.1078372
6037689;1;1;1;90;2;;1;24;2;;2;;2;;2;;2;;2;;2;;2;;05;12;05;1257.4398018
6037689;1;2;1;90;2;;1;30;2;;1;30;2;;2;;2;;2;;2;;2;;05;12;05;1257.4398018
6037689;1;4;1;90;2;;1;10;2;;2;;2;;2;;2;;2;;2;;2;;05;12;05;1257.4398018
6037689;1;5;1;90;2;;1;6;2;;2;;2;;2;;2;;2;;2;;2;;05;12;05;1257.4398018
6037690;1;1;1;90;2;;1;24;2;;2;;2;;2;;2;;2;;2;;2;;05;12;05;1322.4151814
6037690;1;2;1;90;2;;1;24;2;;2;;2;;2;;2;;2;;2;;2;;05;12;05;1322.4151814
6037690;1;3;1;90;2;;1;12;2;;2;;2;;2;;2;;2;;2;;2;;05;12;05;1322.4151814
6037691;1;1;1;90;2;;1;7;2;;1;40;2;;2;;2;;2;;2;;2;;05;12;05;1373.2168486
6037691;1;2;1;90;2;;1;28;2;;1;40;2;;2;;2;;1;5;2;;2;;05;12;05;1373.2168486
6037691;1;3;1;90;2;;1;3;2;;2;;2;;2;;2;;2;;2;;2;;05;12;05;1373.2168486
6037692;1;1;1;90;2;;1;20;2;;2;;2;;2;;2;;2;;2;;2;;05;12;05;1365.4612961
6037694;1;1;1;90;2;;2;;2;;2;;2;;2;;2;;2;;2;;2;;05;12;05;1211.9829563
6037694;1;2;1;90;2;;1;18;2;;2;;2;;2;;2;;2;;2;;2;;05;12;05;1211.9829563
6037694;1;3;1;90;2;;2;;2;;2;;2;;2;;2;;2;;2;;2;;05;12;05;1211.9829563
6037696;1;1;1;90;2;;1;30;2;;2;;2;;2;;2;;2;;2;;2;;05;12;05;1372.9049543
6037697;1;1;1;90;2;;1;14;2;;2;;2;;2;;2;;2;;2;;2;;05;12;05;1459.9640912
6037697;1;2;1;90;2;;1;13;2;;1;12;2;;2;;2;;2;;2;;2;;05;12;05;1459.9640912
6037697;1;3;1;90;2;;1;5;2;;2;;2;;2;;2;;2;;2;;2;;05;12;05;1459.9640912
6037698;1;1;1;90;2;;1;16;2;;2;;1;2;2;;2;;2;;2;;2;;05;12;05;1410.6638864
6037698;1;2;1;90;2;;2;;2;;2;;2;;2;;2;;2;;2;;2;;05;12;05;1410.6638864
6037698;1;3;1;90;2;;1;6;2;;2;;2;;2;;2;;2;;2;;2;;05;12;05;1410.6638864
6037699;1;1;1;90;2;;2;;2;;2;;2;;2;;2;;2;;2;;2;;05;12;05;1155.4021972
6037699;1;2;1;90;2;;1;14;2;;2;;2;;2;;2;;2;;2;;2;;05;12;05;1155.4021972
6037699;1;3;1;90;2;;1;6;2;;2;;2;;2;;2;;2;;2;;2;;05;12;05;1155.4021972
6037700;1;1;1;90;2;;1;20;2;;2;;2;;2;;2;;2;;2;;2;;05;12;05;1179.363945
6037700;1;2;1;90;2;;1;30;2;;1;12;2;;2;;2;;2;;2;;2;;05;12;05;1179.363945
6037700;1;3;1;90;2;;1;20;2;;2;;2;;2;;2;;2;;2;;2;;05;12;05;1179.363945
6037700;1;4;1;90;2;;1;12;2;;2;;2;;2;;2;;2;;2;;2;;05;12;05;1179.363945
6037701;1;1;1;90;2;;1;35;2;;2;;2;;2;;2;;2;;2;;2;;05;12;05;1261.0063958
6037701;1;2;1;90;2;;1;5;2;;2;;2;;2;;2;;2;;2;;2;;05;12;05;1261.0063958
6037703;1;1;1;90;2;;2;;2;;2;;2;;2;;2;;2;;2;;2;;05;12;05;959.08111661
6037703;1;2;1;90;2;;1;20;2;;2;;2;;2;;2;;2;;2;;2;;05;12;05;959.08111661
6037703;1;3;1;90;2;;2;;2;;2;;2;;2;;2;;2;;2;;1;10;05;12;05;959.08111661
6037703;1;4;1;90;2;;2;;2;;2;;2;;2;;2;;2;;2;;2;;05;12;05;959.08111661
6037703;1;5;1;90;2;;2;;2;;2;;2;;2;;2;;2;;2;;2;;05;12;05;959.08111661
6037704;1;1;1;90;2;;1;4;2;;2;;2;;2;;2;;2;;2;;2;;05;12;05;1269.7689328
6037705;1;1;1;90;2;;1;15;2;;2;;2;;2;;2;;2;;2;;2;;05;12;05;1614.3919693
6037705;1;2;1;90;2;;1;3;2;;2;;2;;2;;2;;2;;2;;2;;05;12;05;1614.3919693
6037706;1;1;1;90;2;;1;30;2;;2;;2;;2;;2;;2;;2;;2;;05;12;05;1157.8703742
6037706;1;2;1;90;2;;1;20;2;;2;;2;;2;;2;;2;;2;;2;;05;12;05;1157.8703742
6037707;1;1;1;90;2;;1;21;2;;2;;2;;2;;2;;2;;2;;2;;05;12;05;1253.5627375
6037707;1;2;1;90;2;;2;;2;;2;;2;;2;;2;;2;;2;;2;;05;12;05;1253.5627375
6037710;1;1;1;90;2;;1;14;2;;1;7;2;;2;;2;;2;;2;;2;;05;12;05;1571.8626497
6037710;1;2;1;90;2;;2;;2;;2;;2;;2;;2;;2;;2;;2;;05;12;05;1571.8626497
6037712;1;1;1;90;2;;1;21;2;;2;;2;;2;;2;;2;;2;;2;;05;12;05;1234.6832715
6037714;1;1;1;90;2;;2;;2;;2;;2;;2;;2;;2;;2;;2;;08;12;08;500.41813963
6037714;1;2;1;90;2;;1;12;2;;2;;2;;2;;2;;2;;2;;2;;08;12;08;500.41813963
6037714;1;3;1;90;2;;1;10;2;;2;;2;;2;;2;;2;;2;;2;;08;12;08;500.41813963
6037714;1;4;1;90;2;;1;15;2;;2;;2;;2;;2;;2;;2;;2;;08;12;08;500.41813963
6037715;1;1;1;90;2;;2;;2;;2;;2;;2;;2;;2;;2;;2;;08;12;08;626.05852335
6037715;1;2;1;90;2;;1;12;2;;1;12;2;;2;;2;;2;;2;;2;;08;12;08;626.05852335
6037715;1;3;1;90;2;;1;15;2;;2;;2;;2;;2;;2;;2;;2;;08;12;08;626.05852335
6037715;1;4;1;90;2;;2;;2;;2;;2;;2;;2;;2;;2;;2;;08;12;08;626.05852335
6037716;1;1;1;90;2;;1;25;2;;2;;2;;2;;2;;2;;2;;2;;08;12;08;580.85766918
6037716;1;2;1;90;2;;1;28;2;;2;;2;;2;;2;;2;;2;;2;;08;12;08;580.85766918
6037717;1;1;1;90;2;;1;14;2;;1;21;2;;2;;2;;2;;2;;2;;08;12;08;655.66822241
6037717;1;2;1;90;2;;1;14;2;;1;21;2;;2;;2;;2;;2;;2;;08;12;08;655.66822241
6037717;1;3;1;90;2;;1;35;2;;1;28;2;;2;;2;;2;;2;;2;;08;12;08;655.66822241
6037718;1;1;1;90;2;;1;2;2;;2;;2;;2;;2;;2;;2;;2;;08;12;08;573.54601498
6037718;1;2;1;90;2;;1;12;2;;2;;2;;2;;2;;2;;2;;2;;08;12;08;573.54601498
6037718;1;3;1;90;2;;1;12;2;;2;;2;;2;;2;;2;;2;;2;;08;12;08;573.54601498
6037719;1;1;1;90;2;;1;15;2;;2;;2;;2;;2;;2;;2;;2;;08;12;08;584.54315518
6037720;1;1;1;90;2;;1;10;2;;1;5;2;;2;;2;;2;;2;;2;;08;12;08;610.27999072
6037720;1;2;1;90;2;;1;20;2;;1;20;2;;2;;2;;2;;2;;2;;08;12;08;610.27999072
6037720;1;3;1;90;2;;1;10;2;;1;10;2;;2;;2;;2;;2;;2;;08;12;08;610.27999072
6037720;1;4;1;90;2;;1;5;2;;1;5;2;;2;;2;;2;;2;;2;;08;12;08;610.27999072
6037721;1;1;1;90;2;;1;5;2;;1;15;2;;2;;2;;2;;2;;2;;08;12;08;711.93965169
6037721;1;2;1;90;2;;1;10;2;;1;40;2;;2;;2;;2;;2;;2;;08;12;08;711.93965169
6037722;1;1;1;90;2;;1;10;2;;2;;2;;2;;2;;2;;2;;2;;08;12;08;516.86736054
6037722;1;2;1;90;2;;1;8;2;;2;;2;;2;;1;40;2;;2;;2;;08;12;08;516.86736054
6037723;1;1;1;90;2;;1;2;2;;2;;2;;2;;2;;2;;2;;2;;08;12;08;657.13608946
6037723;1;2;1;90;2;;1;48;2;;2;;2;;2;;2;;2;;2;;2;;08;12;08;657.13608946
6037723;1;3;1;90;2;;1;2;2;;2;;2;;2;;2;;2;;2;;2;;08;12;08;657.13608946
6037723;1;4;1;90;2;;1;4;2;;2;;2;;2;;2;;2;;2;;2;;08;12;08;657.13608946
6037724;1;1;1;90;2;;1;21;2;;1;35;2;;2;;2;;2;;2;;2;;08;12;08;631.68749966
6037725;1;1;1;90;2;;1;12;2;;2;;2;;2;;2;;2;;2;;2;;08;12;08;704.22077233
6037726;1;1;1;90;2;;1;10;2;;2;;2;;2;;2;;2;;2;;2;;08;12;08;706.37732065
6037726;1;2;1;90;2;;1;15;2;;2;;2;;2;;2;;2;;2;;2;;08;12;08;706.37732065
6037726;1;3;1;90;2;;1;12;2;;2;;2;;2;;1;25;2;;2;;2;;08;12;08;706.37732065
6037727;1;1;1;90;2;;1;15;2;;2;;2;;2;;2;;2;;2;;2;;08;12;08;501.42261816
6037727;1;2;1;90;2;;1;12;2;;2;;2;;2;;2;;2;;2;;2;;08;12;08;501.42261816
6037727;1;3;1;90;2;;1;2;2;;2;;2;;2;;2;;2;;2;;2;;08;12;08;501.42261816
6037727;1;4;1;90;2;;1;10;2;;2;;2;;2;;2;;2;;2;;2;;08;12;08;501.42261816
6037727;1;5;1;90;2;;1;15;2;;2;;2;;2;;2;;2;;2;;2;;08;12;08;501.42261816
6037728;1;1;1;90;2;;1;11;2;;2;;2;;2;;2;;2;;2;;2;;08;12;08;559.85059576
6037728;1;2;1;90;2;;1;2;2;;2;;2;;2;;2;;2;;2;;2;;08;12;08;559.85059576
6037728;1;3;1;90;2;;2;;2;;2;;2;;2;;2;;2;;2;;2;;08;12;08;559.85059576
6037728;1;4;1;90;2;;1;21;2;;1;30;2;;2;;2;;2;;2;;2;;08;12;08;559.85059576
6037728;1;6;1;90;2;;1;4;2;;2;;2;;2;;2;;2;;2;;2;;08;12;08;559.85059576
6037728;1;7;1;90;2;;1;21;2;;1;14;2;;2;;2;;2;;2;;2;;08;12;08;559.85059576
6037729;1;1;1;90;2;;1;2;2;;2;;2;;2;;2;;2;;2;;2;;08;12;08;522.70939486
6037729;1;2;1;90;2;;1;15;2;;2;;2;;2;;2;;2;;2;;2;;08;12;08;522.70939486
6037729;1;3;1;90;2;;1;5;2;;2;;2;;2;;2;;2;;2;;2;;08;12;08;522.70939486
6037730;1;1;1;90;2;;2;;2;;1;18;2;;2;;2;;2;;2;;2;;08;12;08;586.70649313
6037730;1;2;1;90;2;;1;10;2;;1;20;2;;2;;2;;2;;2;;2;;08;12;08;586.70649313
6037730;1;3;1;90;2;;2;;2;;2;;2;;2;;2;;2;;2;;2;;08;12;08;586.70649313
6037730;1;6;1;90;2;;2;;2;;2;;2;;2;;2;;2;;2;;2;;08;12;08;586.70649313
6037731;1;1;1;90;2;;1;7;2;;1;10;2;;2;;2;;2;;2;;2;;08;12;08;645.7317241
6037731;1;2;1;90;2;;1;17;2;;1;35;2;;2;;2;;2;;2;;2;;08;12;08;645.7317241
6037731;1;3;1;90;2;;2;;2;;2;;2;;2;;2;;2;;2;;2;;08;12;08;645.7317241
6037731;1;4;1;90;2;;1;4;2;;2;;2;;2;;2;;2;;2;;2;;08;12;08;645.7317241
6037732;1;1;1;90;2;;2;;2;;2;;2;;2;;2;;2;;2;;2;;08;12;08;522.11214149
6037732;1;2;1;90;2;;1;18;2;;2;;2;;2;;2;;2;;2;;2;;08;12;08;522.11214149
6037732;1;3;1;90;2;;1;12;2;;1;14;2;;2;;2;;2;;2;;2;;08;12;08;522.11214149
6037732;1;4;1;90;2;;2;;2;;2;;2;;2;;2;;2;;2;;2;;08;12;08;522.11214149
6037733;1;1;1;90;2;;1;5;2;;2;;2;;2;;2;;2;;2;;2;;08;12;08;729.47429711
6037733;1;2;1;90;2;;2;;2;;2;;2;;2;;2;;2;;2;;2;;08;12;08;729.47429711
6037733;1;3;1;90;2;;1;25;2;;1;40;2;;2;;2;;2;;2;;2;;08;12;08;729.47429711
6037734;1;1;1;90;2;;1;35;2;;1;21;2;;2;;2;;2;;2;;2;;08;12;08;597.11951256
6037734;1;2;1;90;2;;1;21;2;;1;14;2;;2;;2;;2;;2;;2;;08;12;08;597.11951256
6037734;1;3;1;90;2;;1;14;2;;2;;2;;2;;2;;2;;2;;2;;08;12;08;597.11951256
6037735;1;1;1;90;2;;2;;2;;2;;2;;2;;2;;2;;2;;2;;08;12;08;569.66636182
6037735;1;2;1;90;2;;1;21;2;;2;;2;;2;;2;;2;;2;;2;;08;12;08;569.66636182
6037735;1;3;1;90;2;;1;10;2;;2;;2;;2;;2;;2;;2;;2;;08;12;08;569.66636182
6037735;1;4;1;90;2;;1;12;2;;2;;2;;2;;2;;2;;2;;2;;08;12;08;569.66636182
6037735;1;5;1;90;2;;1;4;2;;2;;2;;2;;2;;2;;2;;2;;08;12;08;569.66636182
6037735;1;6;1;90;2;;1;12;2;;2;;2;;2;;2;;2;;2;;2;;08;12;08;569.66636182
6037736;1;1;1;90;2;;1;20;2;;2;;2;;2;;2;;2;;2;;2;;08;12;08;710.63075567
6037736;1;2;1;90;2;;1;3;2;;2;;2;;2;;2;;2;;2;;2;;08;12;08;710.63075567
6037736;1;3;1;90;2;;1;3;2;;2;;2;;2;;1;30;2;;2;;2;;08;12;08;710.63075567
6037736;1;4;1;90;2;;2;;2;;2;;2;;2;;1;20;2;;2;;2;;08;12;08;710.63075567
6037737;1;1;1;90;2;;1;10;2;;1;5;2;;2;;2;;2;;2;;2;;08;12;08;616.12202504
6037737;1;2;1;90;2;;1;10;2;;1;10;2;;2;;2;;2;;2;;2;;08;12;08;616.12202504
6037737;1;3;1;90;2;;2;;2;;2;;2;;2;;2;;2;;2;;2;;08;12;08;616.12202504
6037737;1;4;1;90;2;;1;15;2;;1;15;2;;2;;2;;2;;2;;2;;08;12;08;616.12202504
6037737;1;5;1;90;2;;1;20;2;;1;25;2;;2;;2;;2;;2;;2;;08;12;08;616.12202504
6037738;1;1;1;90;2;;2;;2;;2;;2;;2;;2;;2;;2;;2;;08;12;08;706.37732065
6037738;1;2;1;90;2;;1;21;2;;1;30;2;;2;;2;;2;;2;;2;;08;12;08;706.37732065
6037738;1;3;1;90;2;;2;;2;;2;;2;;2;;2;;2;;2;;2;;08;12;08;706.37732065
6037739;1;1;1;90;2;;1;12;2;;2;;2;;2;;2;;2;;2;;2;;08;12;08;665.36325622
6037739;1;2;1;90;2;;1;21;2;;2;;2;;2;;2;;2;;2;;2;;08;12;08;665.36325622
6037739;1;3;1;90;2;;1;6;2;;2;;2;;2;;2;;2;;2;;2;;08;12;08;665.36325622
6037739;1;4;1;90;2;;1;4;2;;2;;2;;2;;2;;2;;2;;2;;08;12;08;665.36325622
6037741;1;1;1;90;2;;1;17;2;;2;;2;;2;;2;;2;;2;;2;;08;12;08;567.69719102
6037744;1;1;1;90;2;;1;21;2;;1;35;2;;2;;2;;2;;2;;2;;08;12;08;735.92037444
6037744;1;2;1;90;2;;2;;2;;2;;2;;2;;2;;2;;2;;2;;08;12;08;735.92037444
6037744;1;3;1;90;2;;1;14;2;;1;25;2;;2;;2;;2;;2;;2;;08;12;08;735.92037444
6037744;1;4;1;90;2;;2;;2;;2;;2;;2;;2;;2;;2;;2;;08;12;08;735.92037444
6037745;1;1;1;90;2;;1;21;2;;1;14;2;;2;;2;;2;;2;;2;;08;12;08;448.89697719
6037745;1;2;1;90;2;;1;35;2;;1;42;2;;2;;2;;2;;2;;2;;08;12;08;448.89697719
6037745;1;3;1;90;2;;1;35;2;;1;49;2;;2;;2;;2;;2;;2;;08;12;08;448.89697719
6037745;1;4;1;90;2;;2;;2;;2;;2;;2;;2;;2;;2;;2;;08;12;08;448.89697719
6037746;1;1;1;90;2;;1;2;2;;2;;2;;2;;2;;2;;2;;2;;08;12;08;552.1317164
6037746;1;2;1;90;2;;1;21;2;;2;;2;;2;;2;;2;;2;;2;;08;12;08;552.1317164
6037746;1;3;1;90;2;;1;4;2;;2;;2;;2;;2;;2;;2;;2;;08;12;08;552.1317164
6037746;1;4;1;90;2;;1;12;2;;2;;2;;2;;2;;2;;2;;2;;08;12;08;552.1317164
6037746;1;5;1;90;2;;1;21;2;;2;;2;;2;;2;;2;;2;;2;;08;12;08;552.1317164
6037747;1;1;1;90;2;;1;21;2;;2;;2;;2;;2;;2;;2;;2;;08;12;08;743.6392538
6037747;1;2;1;90;2;;2;;2;;2;;2;;2;;2;;2;;2;;2;;08;12;08;743.6392538
6037747;1;3;1;90;2;;1;21;2;;2;;2;;2;;2;;2;;2;;2;;08;12;08;743.6392538
6037747;1;4;1;90;2;;1;36;2;;1;24;2;;2;;2;;2;;2;;2;;08;12;08;743.6392538
6037747;1;5;1;90;2;;1;2;2;;2;;2;;2;;2;;2;;2;;2;;08;12;08;743.6392538
6037749;1;1;1;90;2;;1;10;2;;2;;2;;2;;2;;2;;2;;2;;08;12;08;558.38272871
6037749;1;2;1;90;2;;2;;2;;2;;2;;2;;2;;2;;2;;2;;08;12;08;558.38272871
6037749;1;3;1;90;2;;1;20;2;;1;15;2;;2;;2;;2;;2;;2;;08;12;08;558.38272871
6037749;1;4;1;90;2;;1;6;2;;2;;2;;2;;2;;2;;2;;2;;08;12;08;558.38272871
6037749;1;5;1;90;2;;1;3;2;;2;;2;;2;;2;;2;;2;;2;;08;12;08;558.38272871
6037750;1;1;1;90;2;;1;25;2;;2;;2;;2;;2;;2;;2;;2;;08;12;08;506.86421696
6037750;1;2;1;90;2;;1;10;2;;2;;2;;2;;2;;2;;2;;2;;08;12;08;506.86421696
6037750;1;3;1;90;2;;1;5;2;;2;;2;;2;;2;;2;;2;;2;;08;12;08;506.86421696
6037750;1;4;1;90;2;;1;10;2;;2;;2;;2;;2;;2;;2;;2;;08;12;08;506.86421696
6037750;1;5;1;90;2;;1;15;2;;2;;2;;2;;2;;2;;2;;2;;08;12;08;506.86421696
6037751;1;1;1;90;2;;2;;2;;1;7;2;;2;;2;;2;;2;;2;;08;12;08;603.55245729
6037751;1;2;1;90;2;;1;21;2;;1;40;2;;2;;2;;2;;2;;2;;08;12;08;603.55245729
6037751;1;3;1;90;2;;1;4;2;;2;;2;;2;;2;;2;;2;;2;;08;12;08;603.55245729
6037751;1;6;1;90;2;;1;14;2;;2;;2;;2;;2;;2;;2;;2;;08;12;08;603.55245729
6037752;1;1;1;90;2;;1;14;2;;2;;2;;2;;2;;2;;2;;2;;08;12;08;584.54315518
6037753;1;1;1;90;2;;2;;2;;2;;2;;2;;2;;2;;2;;2;;08;12;08;705.78006728
6037753;1;2;1;90;2;;1;21;2;;1;35;2;;2;;2;;2;;2;;2;;08;12;08;705.78006728
6037753;1;3;1;90;2;;1;4;2;;2;;2;;2;;2;;2;;2;;2;;08;12;08;705.78006728
6037753;1;5;1;90;2;;1;21;2;;1;30;2;;2;;2;;2;;2;;2;;08;12;08;705.78006728
6037754;1;1;1;90;2;;1;10;2;;2;;2;;2;;2;;2;;2;;2;;08;12;08;721.75541775
6037754;1;2;1;90;2;;1;12;2;;2;;2;;2;;2;;2;;2;;2;;08;12;08;721.75541775
6037755;1;1;1;90;2;;1;25;2;;2;;2;;2;;2;;2;;2;;2;;08;12;08;598.1108585
6037755;1;2;1;90;2;;1;20;2;;2;;2;;2;;2;;2;;2;;2;;08;12;08;598.1108585
6037755;1;3;1;90;2;;1;15;2;;1;15;2;;2;;2;;2;;2;;2;;08;12;08;598.1108585
6037755;1;4;1;90;2;;1;10;2;;1;40;2;;2;;2;;2;;2;;2;;08;12;08;598.1108585
6037756;1;1;1;90;2;;1;21;2;;1;21;2;;2;;2;;2;;2;;2;;08;12;08;702.12388563
6037756;1;2;1;90;2;;1;14;2;;1;28;2;;2;;2;;2;;2;;2;;08;12;08;702.12388563
6037757;1;1;1;90;2;;1;18;2;;2;;2;;2;;2;;2;;2;;2;;08;12;08;567.69719102
6037758;1;1;1;90;2;;1;8;2;;2;;2;;2;;2;;2;;2;;2;;08;12;08;602.0778006
6037758;1;2;1;90;2;;2;;2;;2;;2;;2;;2;;2;;2;;2;;08;12;08;602.0778006
6037759;1;1;1;90;2;;1;10;2;;1;25;2;;2;;2;;2;;2;;2;;08;12;08;490.60237357
6037759;1;2;1;90;2;;1;25;2;;1;15;2;;2;;2;;2;;2;;2;;08;12;08;490.60237357
6037759;1;3;1;90;2;;2;;2;;2;;2;;2;;2;;2;;2;;2;;08;12;08;490.60237357
6037759;1;4;1;90;2;;1;15;2;;2;;2;;2;;2;;2;;2;;2;;08;12;08;490.60237357
6037760;1;1;1;90;2;;1;21;2;;1;7;2;;2;;2;;2;;2;;2;;08;12;08;534.12054986
6037760;1;2;1;90;2;;1;35;2;;1;42;1;49;2;;2;;2;;2;;2;;08;12;08;534.12054986
6037760;1;3;1;90;2;;1;8;2;;2;;2;;2;;2;;2;;2;;2;;08;12;08;534.12054986
6037760;1;5;1;90;2;;2;;2;;2;;2;;2;;2;;2;;2;;2;;08;12;08;534.12054986
6037761;1;1;1;90;2;;1;35;2;;2;;2;;2;;2;;2;;2;;2;;08;12;08;528.2717259
6037761;1;2;1;90;2;;1;10;2;;2;;2;;2;;2;;2;;2;;2;;08;12;08;528.2717259
6037762;1;1;1;90;2;;2;;2;;2;;2;;2;;2;;2;;2;;2;;08;12;08;632.50460068
6037762;1;2;1;90;2;;1;21;2;;2;;2;;2;;2;;2;;2;;2;;08;12;08;632.50460068
6037762;1;3;1;90;2;;2;;2;;2;;2;;2;;2;;2;;2;;2;;08;12;08;632.50460068
6037762;1;4;1;90;2;;2;;2;;2;;2;;2;;2;;2;;2;;2;;08;12;08;632.50460068
6037762;1;5;1;90;2;;1;6;2;;2;;2;;2;;2;;2;;2;;2;;08;12;08;632.50460068
6037763;1;1;1;90;2;;2;;2;;1;15;2;;2;;2;;2;;2;;2;;08;12;08;700.75513397
6037763;1;2;1;90;2;;1;15;2;;1;20;2;;2;;2;;2;;2;;2;;08;12;08;700.75513397
6037763;1;3;1;90;2;;2;;2;;2;;2;;2;;2;;2;;2;;2;;08;12;08;700.75513397
6037763;1;5;1;90;2;;1;10;2;;1;8;2;;2;;2;;2;;2;;2;;08;12;08;700.75513397
6037763;1;6;1;90;2;;1;10;2;;2;;2;;2;;2;;2;;2;;2;;08;12;08;700.75513397
6037763;1;7;1;90;2;;2;;2;;2;;2;;2;;2;;2;;2;;2;;08;12;08;700.75513397
6037763;1;8;1;90;2;;2;;2;;2;;2;;2;;2;;2;;2;;2;;08;12;08;700.75513397
6037764;1;1;1;90;2;;2;;2;;2;;2;;2;;2;;2;;2;;2;;08;12;08;517.83574508
6037764;1;2;1;90;2;;1;7;2;;2;;2;;2;;2;;2;;2;;2;;08;12;08;517.83574508
6037764;1;3;1;90;2;;2;;2;;2;;2;;2;;2;;2;;2;;2;;08;12;08;517.83574508
6037764;1;4;1;90;2;;2;;2;;2;;2;;2;;2;;2;;2;;2;;08;12;08;517.83574508
6037764;1;5;1;90;2;;1;10;2;;2;;2;;2;;2;;2;;2;;2;;08;12;08;517.83574508
6037765;1;1;1;90;2;;1;14;2;;1;21;2;;2;;2;;2;;2;;2;;08;12;08;510.70777612
6037765;1;2;1;90;2;;1;4;2;;2;;2;;2;;2;;2;;2;;2;;08;12;08;510.70777612
6037765;1;4;1;90;2;;2;;2;;2;;2;;2;;2;;2;;2;;2;;08;12;08;510.70777612
6037765;1;5;1;90;2;;1;21;2;;1;7;2;;2;;2;;2;;2;;2;;08;12;08;510.70777612
6037766;1;1;1;90;2;;2;;2;;2;;2;;2;;2;;2;;2;;2;;08;12;08;665.36325622
6037766;1;2;1;90;2;;1;10;2;;2;;2;;2;;2;;2;;2;;2;;08;12;08;665.36325622
6037766;1;3;1;90;2;;2;;2;;2;;2;;2;;2;;2;;2;;2;;08;12;08;665.36325622
6037766;1;4;1;90;2;;1;5;2;;2;;2;;2;;2;;2;;2;;2;;08;12;08;665.36325622
6037768;1;1;1;90;2;;1;10;2;;2;;2;;2;;2;;2;;2;;2;;08;12;08;602.0778006
6037768;1;2;1;90;2;;1;25;2;;2;;2;;2;;2;;2;;2;;2;;08;12;08;602.0778006
6037769;1;1;1;90;2;;1;8;2;;2;;2;;2;;2;;2;;2;;2;;08;12;08;608.52387793
6037769;1;2;1;90;2;;1;20;2;;2;;2;;2;;2;;2;;2;;2;;08;12;08;608.52387793
6037769;1;3;1;90;2;;2;;2;;2;;2;;2;;2;;2;;2;;2;;08;12;08;608.52387793
6037770;1;1;1;90;2;;1;14;2;;2;;2;;2;;2;;2;;2;;2;;08;12;08;523.27734387
6037770;1;2;1;90;2;;1;12;2;;2;;2;;2;;2;;2;;2;;2;;08;12;08;523.27734387
6037770;1;3;1;90;2;;1;12;2;;2;;2;;2;;2;;2;;2;;2;;08;12;08;523.27734387
6037770;1;4;1;90;2;;2;;2;;2;;2;;2;;2;;2;;2;;2;;08;12;08;523.27734387
6037770;1;5;1;90;2;;2;;2;;2;;2;;2;;2;;2;;2;;2;;08;12;08;523.27734387
6037771;1;1;1;90;2;;1;10;2;;2;;2;;2;;2;;1;6;2;;2;;08;12;08;601.48054723
6037771;1;2;1;90;2;;1;21;2;;1;40;2;;2;;2;;2;;2;;2;;08;12;08;601.48054723
6037771;1;3;1;90;2;;1;10;2;;1;20;2;;2;;2;;2;;2;;2;;08;12;08;601.48054723
6037772;1;1;1;90;2;;1;14;2;;2;;2;;2;;2;;2;;2;;2;;08;12;08;528.2717259
6037772;1;2;1;90;2;;1;14;2;;2;;2;;2;;2;;2;;2;;2;;08;12;08;528.2717259
6037774;1;1;1;90;2;;1;12;2;;2;;2;;2;;2;;2;;2;;2;;08;12;08;626.62647236
6037774;1;2;1;90;2;;2;;2;;2;;2;;2;;2;;2;;2;;2;;08;12;08;626.62647236
6037774;1;3;1;90;2;;2;;2;;2;;2;;2;;2;;2;;2;;2;;08;12;08;626.62647236
6037774;1;4;1;90;2;;2;;2;;2;;2;;2;;2;;2;;2;;2;;08;12;08;626.62647236
6037774;1;5;1;90;2;;1;6;2;;2;;2;;2;;2;;2;;2;;2;;08;12;08;626.62647236
6037774;1;6;1;90;2;;1;6;2;;2;;2;;2;;2;;2;;2;;2;;08;12;08;626.62647236
6037775;1;1;1;90;2;;1;5;2;;2;;2;;2;;2;;2;;2;;2;;08;12;08;739.29006317
6037775;1;2;1;90;2;;1;14;2;;2;;2;;2;;2;;2;;2;;2;;08;12;08;739.29006317
6037775;1;3;1;90;2;;1;25;2;;2;;2;;2;;2;;2;;2;;2;;08;12;08;739.29006317
6037776;1;1;1;90;2;;2;;2;;2;;2;;2;;2;;2;;2;;2;;08;12;08;602.0778006
6037776;1;2;1;90;2;;1;10;2;;2;;2;;2;;2;;2;;2;;2;;08;12;08;602.0778006
6037777;1;1;1;90;2;;2;;2;;2;;2;;2;;2;;2;;2;;2;;08;12;08;587.11636898
6037777;1;2;1;90;2;;2;;2;;2;;2;;2;;2;;2;;2;;2;;08;12;08;587.11636898
6037777;1;3;1;90;2;;2;;2;;2;;2;;2;;2;;2;;2;;2;;08;12;08;587.11636898
6037777;1;4;1;90;2;;2;;2;;2;;2;;2;;2;;2;;2;;2;;08;12;08;587.11636898
6037777;1;5;1;90;2;;2;;2;;2;;2;;2;;2;;2;;2;;2;;08;12;08;587.11636898
6037777;1;6;1;90;2;;1;5;2;;2;;2;;2;;2;;2;;2;;2;;08;12;08;587.11636898
6037778;1;1;1;90;2;;1;5;2;;2;;2;;2;;2;;2;;2;;2;;08;12;08;534.40200596
6037778;1;2;1;90;2;;1;4;2;;2;;2;;2;;2;;2;;2;;2;;08;12;08;534.40200596
6037778;1;3;1;90;2;;2;;2;;2;;2;;2;;2;;2;;2;;2;;08;12;08;534.40200596
6037779;1;1;1;90;2;;1;14;2;;2;;2;;2;;2;;2;;2;;2;;08;12;08;704.22077233
6037781;1;1;1;90;2;;2;;2;;1;10;2;;2;;2;;2;;2;;2;;08;12;08;661.10982121
6037781;1;2;1;90;2;;1;6;2;;1;15;2;;2;;2;;2;;2;;2;;08;12;08;661.10982121
6037781;1;3;1;90;2;;2;;2;;2;;2;;2;;2;;2;;2;;2;;08;12;08;661.10982121
6037782;1;1;1;90;2;;1;21;2;;2;;2;;2;;2;;2;;2;;2;;08;12;08;585.23183644
6037782;1;2;1;90;2;;1;8;2;;2;;2;;2;;2;;2;;2;;2;;08;12;08;585.23183644
6037784;1;1;1;90;2;;1;2;2;;2;;2;;2;;2;;2;;2;;2;;08;12;08;670.92558727
6037784;1;2;1;90;2;;1;24;2;;1;25;2;;2;;2;;2;;2;;2;;08;12;08;670.92558727
6037784;1;3;1;90;2;;1;14;2;;2;;2;;2;;2;;2;;2;;2;;08;12;08;670.92558727
6037785;1;1;1;90;2;;1;15;2;;2;;2;;2;;2;;2;;2;;2;;08;12;08;704.22077233
6037786;1;1;1;90;2;;2;;2;;2;;2;;2;;2;;2;;2;;2;;08;12;08;528.2717259
6037786;1;2;1;90;2;;1;17;2;;2;;2;;2;;2;;2;;2;;2;;08;12;08;528.2717259
6037787;1;1;1;90;2;;1;2;2;;1;2;2;;2;;2;;2;;2;;2;;08;12;08;637.53632362
6037787;1;2;1;90;2;;1;15;2;;1;40;2;;2;;2;;2;;2;;2;;08;12;08;637.53632362
6037787;1;5;1;90;2;;1;15;2;;1;5;2;;2;;2;;2;;2;;2;;08;12;08;637.53632362
6037788;1;1;1;90;2;;1;21;2;;1;15;2;;2;;2;;2;;2;;2;;08;12;08;493.26022563
6037788;1;2;1;90;2;;1;5;2;;2;;2;;2;;2;;2;;2;;2;;08;12;08;493.26022563
6037788;1;3;1;90;2;;2;;2;;2;;2;;2;;2;;2;;2;;2;;08;12;08;493.26022563
6037788;1;4;1;90;2;;1;4;2;;2;;2;;2;;2;;2;;2;;2;;08;12;08;493.26022563
6037788;1;5;1;90;2;;2;;2;;2;;2;;2;;2;;2;;2;;2;;08;12;08;493.26022563
6037788;1;6;1;90;2;;2;;2;;2;;2;;2;;2;;2;;2;;2;;08;12;08;493.26022563
6037788;1;7;1;90;2;;1;12;2;;1;20;2;;2;;2;;2;;2;;2;;08;12;08;493.26022563
6037788;1;8;1;90;2;;1;10;2;;2;;2;;2;;2;;2;;2;;2;;08;12;08;493.26022563
6037788;1;9;1;90;2;;1;4;2;;2;;2;;2;;2;;2;;2;;2;;08;12;08;493.26022563
6037788;1;11;1;90;2;;1;8;2;;2;;2;;2;;2;;2;;2;;2;;08;12;08;493.26022563
6037789;1;1;1;90;2;;1;14;2;;2;;2;;2;;2;;2;;2;;2;;08;12;08;647.94934305
6037789;1;2;1;90;2;;2;;2;;2;;2;;2;;2;;2;;2;;2;;08;12;08;647.94934305
6037791;1;1;1;90;2;;1;21;2;;1;30;2;;2;;2;;2;;2;;2;;08;12;08;630.37860364
6037791;1;2;1;90;2;;1;4;2;;2;;2;;2;;2;;2;;2;;2;;08;12;08;630.37860364
6037791;1;3;1;90;2;;1;4;2;;2;;2;;2;;2;;2;;2;;2;;08;12;08;630.37860364
6037793;1;1;1;90;2;;2;;2;;2;;2;;2;;2;;2;;2;;2;;08;12;08;489.53494204
6037793;1;2;1;90;2;;2;;2;;2;;2;;2;;2;;2;;2;;2;;08;12;08;489.53494204
6037793;1;3;1;90;2;;1;7;2;;2;;2;;2;;2;;2;;2;;2;;08;12;08;489.53494204
6037793;1;4;1;90;2;;1;8;2;;2;;2;;2;;2;;2;;2;;2;;08;12;08;489.53494204
6037794;1;1;1;90;2;;1;4;2;;2;;2;;2;;2;;2;;2;;2;;08;12;08;528.2717259
6037794;1;2;1;90;2;;1;17;2;;2;;2;;2;;2;;2;;2;;2;;08;12;08;528.2717259
6037795;1;1;1;90;2;;1;28;2;;2;;2;;2;;2;;2;;2;;2;;08;12;08;567.69719102
6037796;1;1;1;90;2;;1;2;2;;2;;2;;2;;2;;2;;2;;2;;08;12;08;545.11769006
6037796;1;2;1;90;2;;1;7;2;;2;;2;;2;;2;;1;40;2;;2;;08;12;08;545.11769006
6037797;1;1;1;90;2;;1;12;2;;2;;2;;2;;2;;2;;2;;2;;08;12;08;698.46207012
6037797;1;2;1;90;2;;1;12;2;;2;;2;;2;;2;;2;;2;;2;;08;12;08;698.46207012
6037797;1;3;1;90;2;;1;8;2;;2;;2;;2;;2;;2;;2;;2;;08;12;08;698.46207012
6037797;1;4;1;90;2;;1;12;2;;2;;2;;2;;2;;2;;2;;2;;08;12;08;698.46207012
6037797;1;6;1;90;2;;2;;2;;2;;2;;2;;2;;2;;2;;2;;08;12;08;698.46207012
6037797;1;7;1;90;2;;1;12;2;;2;;2;;2;;2;;2;;2;;2;;08;12;08;698.46207012
6037798;1;1;1;90;2;;1;35;2;;2;;2;;2;;2;;2;;2;;2;;08;12;08;719.06127768
6037798;1;2;1;90;2;;1;14;2;;2;;2;;2;;2;;2;;2;;2;;08;12;08;719.06127768
6037798;1;3;1;90;2;;1;21;2;;1;28;2;;2;;2;;2;;2;;2;;08;12;08;719.06127768
6037798;1;7;1;90;2;;1;14;2;;2;;2;;2;;2;;2;;2;;2;;08;12;08;719.06127768
6037799;1;1;1;90;2;;2;;2;;2;;2;;2;;2;;2;;2;;2;;08;12;08;415.72886734
6037799;1;2;1;90;2;;1;10;2;;2;;2;;2;;2;;2;;2;;2;;08;12;08;415.72886734
6037799;1;3;1;90;2;;1;10;2;;2;;2;;2;;2;;2;;2;;2;;08;12;08;415.72886734
6037799;1;4;1;90;2;;1;10;2;;2;;2;;2;;2;;2;;2;;2;;08;12;08;415.72886734
6037800;1;1;1;90;2;;1;15;2;;2;;2;;2;;2;;2;;2;;2;;08;12;08;528.2717259
6037800;1;2;1;90;2;;1;14;2;;2;;2;;2;;2;;2;;2;;2;;08;12;08;528.2717259
6037803;1;1;1;90;2;;1;7;2;;1;14;2;;2;;2;;2;;2;;2;;08;12;08;610.27999072
6037803;1;2;1;90;2;;1;6;2;;1;14;2;;2;;2;;2;;2;;2;;08;12;08;610.27999072
6037803;1;4;1;90;2;;2;;2;;2;;2;;2;;2;;2;;2;;2;;08;12;08;610.27999072
6037803;1;5;1;90;2;;1;14;2;;2;;2;;2;;2;;2;;2;;2;;08;12;08;610.27999072
6037804;1;1;1;90;2;;1;10;2;;1;25;2;;2;;2;;2;;2;;2;;08;12;08;711.93965169
6037804;1;2;1;90;2;;1;12;2;;1;25;2;;2;;2;;2;;2;;2;;08;12;08;711.93965169
6037805;1;1;1;90;2;;1;14;2;;1;28;2;;2;;2;;2;;2;;2;;08;12;08;678.64446663
6037805;1;2;1;90;2;;1;7;2;;2;;2;;2;;2;;2;;2;;2;;08;12;08;678.64446663
6037805;1;4;1;90;2;;1;35;2;;1;42;2;;2;;2;;2;;2;;2;;08;12;08;678.64446663
6037805;1;5;1;90;2;;1;4;2;;2;;2;;2;;2;;2;;2;;2;;08;12;08;678.64446663
6037806;1;1;1;90;2;;1;21;2;;2;;2;;2;;2;;2;;2;;2;;08;12;08;641.50326572
6037808;1;1;1;90;2;;1;21;2;;1;14;2;;2;;2;;2;;2;;2;;08;12;08;590.67343524
6037808;1;2;1;90;2;;1;21;2;;2;;2;;2;;2;;2;;2;;2;;08;12;08;590.67343524
6037809;1;1;1;90;2;;1;30;2;;2;;2;;2;;2;;2;;2;;2;;08;12;08;528.83967491
6037809;1;2;1;90;2;;1;21;2;;1;24;2;;2;;2;;2;;2;;2;;08;12;08;528.83967491
6037809;1;3;1;90;2;;1;1;2;;2;;2;;2;;2;;2;;2;;2;;08;12;08;528.83967491
6037809;1;4;1;90;2;;2;;2;;2;;2;;2;;2;;2;;2;;2;;08;12;08;528.83967491
6037810;1;1;1;90;2;;1;12;2;;2;;2;;2;;2;;2;;2;;2;;08;12;08;584.54315518
6037811;1;1;1;90;2;;1;20;2;;2;;2;;2;;2;;2;;2;;2;;08;12;08;784.47292436
6037811;1;2;1;90;2;;1;14;2;;2;;2;;2;;2;;2;;2;;2;;08;12;08;784.47292436
6037812;1;1;1;90;2;;1;14;2;;2;;1;10;2;;2;;2;;2;;2;;08;12;08;528.96040716
6037812;1;2;1;90;2;;2;;2;;2;;2;;2;;2;;2;;2;;2;;08;12;08;528.96040716
6037812;1;3;1;90;2;;1;15;2;;2;;2;;2;;2;;2;;2;;2;;08;12;08;528.96040716
6037813;1;1;1;90;2;;1;21;2;;2;;2;;2;;2;;2;;2;;2;;08;12;08;614.53342574
6037813;1;2;1;90;2;;2;;2;;2;;2;;2;;2;;2;;2;;2;;08;12;08;614.53342574
6037813;1;3;1;90;2;;1;7;2;;2;;2;;2;;2;;2;;2;;2;;08;12;08;614.53342574
6037813;1;4;1;90;2;;1;5;2;;2;;2;;2;;2;;2;;2;;2;;08;12;08;614.53342574
6037813;1;5;1;90;2;;1;12;2;;2;;2;;2;;2;;2;;2;;2;;08;12;08;614.53342574
6037814;1;1;1;90;2;;2;;2;;2;;2;;2;;2;;2;;2;;2;;08;12;08;595.80427358
6037814;1;2;1;90;2;;1;20;2;;2;;1;24;2;;2;;2;;2;;2;;08;12;08;595.80427358
6037814;1;3;1;90;2;;2;;2;;2;;2;;2;;2;;2;;2;;2;;08;12;08;595.80427358
6037814;1;4;1;90;2;;1;8;2;;2;;2;;2;;2;;2;;2;;2;;08;12;08;595.80427358
6037814;1;5;1;90;2;;1;12;2;;2;;2;;2;;2;;2;;2;;2;;08;12;08;595.80427358
6037814;1;7;1;90;2;;1;12;2;;1;12;2;;2;;2;;2;;2;;2;;08;12;08;595.80427358
6037815;1;1;1;90;2;;1;21;2;;1;15;2;;2;;2;;2;;2;;2;;08;12;08;729.47429711
6037815;1;2;1;90;2;;1;4;2;;2;;2;;2;;2;;2;;2;;2;;08;12;08;729.47429711
6037815;1;3;1;90;2;;1;9;2;;1;45;2;;2;;2;;2;;2;;2;;08;12;08;729.47429711
6037816;1;1;1;90;2;;1;10;2;;1;10;2;;2;;2;;2;;2;;2;;08;12;08;693.8077529
6037816;1;2;1;90;2;;1;25;2;;1;15;2;;2;;2;;2;;2;;2;;08;12;08;693.8077529
6037817;1;1;1;90;2;;1;7;2;;1;14;2;;2;;2;;2;;2;;2;;08;12;08;703.62351896
6037817;1;2;1;90;2;;1;17;2;;1;40;2;;2;;2;;2;;2;;2;;08;12;08;703.62351896
6037818;1;1;1;90;2;;1;15;2;;1;15;2;;2;;2;;2;;2;;2;;08;12;08;473.63567716
6037818;1;2;1;90;2;;1;15;2;;2;;2;;2;;2;;2;;2;;2;;08;12;08;473.63567716
6037818;1;3;1;90;2;;1;10;2;;2;;2;;2;;2;;2;;2;;2;;08;12;08;473.63567716
6037818;1;4;1;90;2;;1;5;2;;2;;2;;2;;2;;2;;2;;2;;08;12;08;473.63567716
6037818;1;5;1;90;2;;1;4;2;;2;;2;;2;;2;;2;;2;;2;;08;12;08;473.63567716
6037819;1;1;1;90;2;;2;;2;;2;;2;;2;;2;;2;;2;;2;;08;12;08;664.79530721
6037819;1;2;1;90;2;;1;5;2;;2;;2;;2;;2;;2;;2;;2;;08;12;08;664.79530721
6037820;1;1;1;90;2;;1;12;2;;2;;2;;2;;2;;2;;2;;2;;08;12;08;700.31685163
6037820;1;2;1;90;2;;1;24;2;;1;15;1;40;2;;2;;2;;2;;2;;08;12;08;700.31685163
6037820;1;3;1;90;2;;1;12;2;;1;20;2;;2;;2;;2;;2;;2;;08;12;08;700.31685163
6037820;1;4;1;90;2;;2;;2;;2;;2;;2;;2;;2;;2;;2;;08;12;08;700.31685163
6037820;1;5;1;90;2;;2;;2;;2;;2;;2;;2;;2;;2;;2;;08;12;08;700.31685163
6037820;1;8;1;90;2;;1;14;2;;1;15;2;;2;;2;;2;;2;;2;;08;12;08;700.31685163
6037820;1;9;1;90;2;;2;;2;;2;;2;;2;;2;;2;;2;;2;;08;12;08;700.31685163
6037820;1;10;1;90;2;;1;10;2;;2;;2;;2;;2;;2;;2;;2;;08;12;08;700.31685163
6037820;1;11;1;90;2;;2;;2;;2;;2;;2;;2;;2;;2;;2;;08;12;08;700.31685163
6037820;1;12;1;90;2;;1;7;2;;2;;2;;2;;2;;2;;2;;2;;08;12;08;700.31685163
6037820;1;13;1;90;2;;2;;2;;2;;2;;2;;2;;2;;2;;2;;08;12;08;700.31685163
6037821;1;1;1;90;2;;1;21;2;;2;;2;;2;;2;;2;;2;;2;;08;12;08;665.48398847
6037821;1;2;1;90;2;;1;21;2;;2;;2;;2;;2;;2;;2;;2;;08;12;08;665.48398847
6037821;1;3;1;90;2;;1;12;2;;2;;2;;2;;2;;2;;2;;2;;08;12;08;665.48398847
6037822;1;1;1;90;2;;1;17;2;;1;35;2;;2;;2;;2;;2;;2;;08;12;08;654.23859414
6037822;1;2;1;90;2;;2;;2;;2;;2;;2;;2;;2;;2;;2;;08;12;08;654.23859414
6037822;1;3;1;90;2;;1;10;2;;2;;2;;2;;1;10;2;;2;;2;;08;12;08;654.23859414
6037822;1;4;1;90;2;;1;7;2;;2;;2;;2;;2;;2;;2;;2;;08;12;08;654.23859414
6037822;1;5;1;90;2;;2;;2;;2;;2;;2;;2;;2;;2;;2;;08;12;08;654.23859414
6037822;1;6;1;90;2;;1;7;2;;2;;2;;2;;2;;2;;2;;2;;08;12;08;654.23859414
6037823;1;1;1;90;2;;1;15;2;;2;;2;;2;;2;;2;;2;;2;;08;12;08;635.94093468
6037823;1;2;1;90;2;;1;5;2;;2;;2;;2;;2;;2;;2;;2;;08;12;08;635.94093468
6037824;1;1;1;90;2;;1;10;2;;2;;2;;2;;2;;2;;2;;2;;08;12;08;698.65844129
6037824;1;2;1;90;2;;1;14;2;;2;;2;;2;;2;;2;;2;;2;;08;12;08;698.65844129
6037825;1;1;1;90;2;;1;12;2;;2;;2;;2;;2;;2;;2;;2;;08;12;08;494.97654083
6037825;1;2;1;90;2;;1;15;2;;2;;2;;2;;2;;2;;2;;2;;08;12;08;494.97654083
6037825;1;3;1;90;2;;1;15;2;;2;;2;;2;;2;;2;;2;;2;;08;12;08;494.97654083
6037825;1;4;1;90;2;;1;15;2;;2;;2;;2;;2;;2;;2;;2;;08;12;08;494.97654083
6037826;1;1;1;90;2;;1;21;2;;2;;2;;2;;2;;2;;2;;2;;08;12;08;806.57045911
6037826;1;2;1;90;2;;1;35;2;;1;21;2;;2;;2;;2;;2;;2;;08;12;08;806.57045911
6037826;1;3;1;90;2;;1;35;2;;1;35;2;;2;;2;;2;;2;;2;;08;12;08;806.57045911
6037826;1;4;1;90;2;;1;14;2;;1;7;2;;2;;2;;2;;2;;2;;08;12;08;806.57045911
6037826;1;7;1;90;2;;1;21;2;;2;;2;;2;;2;;2;;2;;2;;08;12;08;806.57045911
6037827;1;1;1;90;2;;1;14;2;;2;;2;;2;;2;;2;;2;;2;;08;12;08;541.72548661
6037827;1;2;1;90;2;;1;30;2;;1;21;2;;2;;2;;2;;2;;2;;08;12;08;541.72548661
6037827;1;3;1;90;2;;1;14;2;;1;21;2;;2;;2;;2;;2;;2;;08;12;08;541.72548661
6037827;1;5;1;90;2;;2;;2;;2;;2;;2;;2;;2;;2;;2;;08;12;08;541.72548661
6037827;1;6;1;90;2;;1;21;2;;1;21;2;;2;;2;;2;;2;;2;;08;12;08;541.72548661
6037827;1;7;1;90;2;;1;4;2;;2;;2;;2;;2;;2;;2;;2;;08;12;08;541.72548661
6037827;1;9;1;90;2;;1;21;2;;1;40;2;;2;;2;;2;;2;;2;;08;12;08;541.72548661
6037828;1;1;1;90;2;;1;10;2;;2;;2;;2;;2;;2;;2;;2;;08;12;08;559.45016023
6037828;1;2;1;90;2;;1;10;2;;2;;2;;2;;2;;2;;2;;2;;08;12;08;559.45016023
6037828;1;3;1;90;2;;1;5;2;;1;5;2;;2;;2;;2;;2;;2;;08;12;08;559.45016023
6037828;1;4;1;90;2;;1;10;2;;1;5;2;;2;;2;;2;;2;;2;;08;12;08;559.45016023
6037828;1;5;1;90;2;;1;10;2;;1;15;2;;2;;2;;2;;2;;2;;08;12;08;559.45016023
6037829;1;1;1;90;2;;1;2;2;;2;;2;;2;;2;;2;;2;;2;;08;12;08;659.80092518
6037829;1;2;1;90;2;;1;36;2;;1;24;2;;2;;2;;2;;2;;2;;08;12;08;659.80092518
6037829;1;3;1;90;2;;1;2;2;;2;;2;;2;;2;;2;;2;;2;;08;12;08;659.80092518
6037829;1;4;1;90;2;;1;1;2;;2;;2;;2;;2;;2;;2;;2;;08;12;08;659.80092518
6037829;1;5;1;90;2;;2;;2;;2;;2;;2;;2;;2;;2;;2;;08;12;08;659.80092518
6037830;1;1;1;90;2;;1;17;2;;1;30;1;45;2;;2;;2;;2;;2;;08;12;08;649.22214508
6037830;1;3;1;90;2;;2;;2;;2;;2;;2;;2;;2;;2;;2;;08;12;08;649.22214508
6037831;1;1;1;90;2;;2;;2;;2;;2;;2;;2;;2;;2;;2;;08;12;08;706.31067538
6037831;1;2;1;90;2;;1;14;2;;2;;2;;2;;2;;2;;2;;2;;08;12;08;706.31067538
6037831;1;3;1;90;2;;1;4;2;;2;;2;;2;;2;;2;;2;;2;;08;12;08;706.31067538
6037831;1;4;1;90;2;;2;;2;;2;;2;;2;;2;;2;;2;;2;;08;12;08;706.31067538
6037831;1;5;1;90;2;;1;6;2;;2;;2;;2;;2;;2;;2;;2;;08;12;08;706.31067538
6037832;1;1;1;90;2;;1;20;2;;2;;2;;2;;2;;2;;2;;2;;08;12;08;563.34101674
6037832;1;2;1;90;2;;2;;2;;2;;2;;2;;2;;2;;2;;2;;08;12;08;563.34101674
6037832;1;3;1;90;2;;1;20;2;;2;;2;;2;;2;;2;;2;;2;;08;12;08;563.34101674
6037832;1;4;1;90;2;;1;6;2;;2;;2;;2;;2;;2;;2;;2;;08;12;08;563.34101674
6037833;1;1;1;90;2;;1;15;2;;2;;2;;2;;2;;2;;2;;2;;08;12;08;616.52989089
6037833;1;2;1;90;2;;1;4;2;;2;;2;;2;;2;;2;;2;;2;;08;12;08;616.52989089
6037833;1;3;1;90;2;;1;15;2;;1;45;2;;2;;2;;2;;2;;2;;08;12;08;616.52989089
6037834;1;1;1;90;2;;1;5;2;;2;;2;;2;;2;;2;;2;;2;;08;12;08;642.38701201
6037834;1;2;1;90;2;;1;25;2;;2;;2;;2;;2;;2;;2;;2;;08;12;08;642.38701201
6037834;1;3;1;90;2;;1;10;2;;2;;2;;2;;2;;2;;2;;2;;08;12;08;642.38701201
6037835;1;1;1;90;2;;1;5;2;;2;;2;;2;;2;;2;;2;;2;;08;12;08;620.09575678
6037835;1;2;1;90;2;;1;21;2;;1;25;2;;2;;2;;2;;2;;2;;08;12;08;620.09575678
6037835;1;3;1;90;2;;1;14;2;;2;;2;;2;;2;;2;;2;;2;;08;12;08;620.09575678
6037835;1;4;1;90;2;;1;7;2;;2;;2;;2;;2;;2;;2;;2;;08;12;08;620.09575678
6037836;1;1;1;90;2;;1;17;2;;1;25;2;;2;;2;;2;;2;;2;;08;12;08;623.37136693
6037837;1;1;1;90;2;;1;15;2;;2;;2;;2;;2;;2;;2;;2;;08;12;08;721.75541775
6037837;1;2;1;90;2;;1;15;2;;2;;2;;2;;2;;2;;2;;2;;08;12;08;721.75541775
6037838;1;1;1;90;2;;1;35;2;;1;35;2;;2;;2;;2;;2;;2;;08;12;08;640.90601235
6037838;1;2;1;90;2;;1;35;2;;1;49;2;;2;;2;;2;;2;;2;;08;12;08;640.90601235
6037840;1;1;1;90;2;;1;21;2;;2;;2;;2;;2;;2;;2;;2;;08;12;08;876.69739077
6037840;1;2;1;90;2;;2;;2;;2;;2;;2;;2;;2;;2;;2;;08;12;08;876.69739077
6037840;1;3;1;90;2;;1;2;2;;2;;2;;2;;2;;2;;2;;2;;08;12;08;876.69739077
6037840;1;4;1;90;2;;1;2;2;;2;;2;;2;;2;;2;;2;;2;;08;12;08;876.69739077
6037840;1;5;1;90;2;;1;2;2;;2;;2;;2;;2;;2;;2;;2;;08;12;08;876.69739077
6037842;1;1;1;90;2;;2;;2;;2;;2;;2;;2;;2;;2;;2;;08;12;08;528.2717259
6037842;1;2;1;90;2;;1;21;2;;2;;2;;2;;2;;2;;2;;2;;08;12;08;528.2717259
6037843;1;1;1;90;2;;1;3;2;;2;;2;;2;;2;;2;;2;;2;;08;12;08;721.75541775
6037843;1;2;1;90;2;;1;20;2;;2;;2;;2;;2;;2;;2;;2;;08;12;08;721.75541775
6037846;1;1;1;90;2;;1;6;2;;2;;2;;2;;2;;2;;2;;2;;08;12;08;631.68749966
6037847;1;1;1;90;2;;2;;2;;2;;2;;2;;2;;2;;2;;2;;08;12;08;703.62351896
6037847;1;2;1;90;2;;1;21;2;;1;35;2;;2;;2;;2;;2;;2;;08;12;08;703.62351896
6037848;1;1;1;90;2;;1;10;2;;1;10;2;;2;;2;;2;;2;;2;;08;12;08;693.8077529
6037848;1;2;1;90;2;;1;15;2;;1;40;2;;2;;2;;2;;2;;2;;08;12;08;693.8077529
6037849;1;1;1;90;2;;1;21;2;;2;;2;;2;;2;;2;;2;;2;;08;12;08;663.26636952
6037849;1;2;1;90;2;;1;35;2;;1;21;2;;2;;2;;2;;2;;2;;08;12;08;663.26636952
6037849;1;3;1;90;2;;1;35;2;;1;42;2;;2;;2;;2;;2;;2;;08;12;08;663.26636952
6037849;1;5;1;90;2;;1;14;2;;1;14;2;;2;;2;;2;;2;;2;;08;12;08;663.26636952
6037849;1;6;1;90;2;;1;21;2;;2;;2;;2;;2;;2;;2;;2;;08;12;08;663.26636952
6037850;1;1;1;90;2;;1;21;2;;1;12;2;;2;;2;;2;;2;;2;;08;12;08;635.94093468
6037850;1;2;1;90;2;;1;2;2;;2;;2;;2;;2;;2;;2;;2;;08;12;08;635.94093468
6037851;1;1;1;90;2;;2;;2;;1;5;2;;2;;2;;2;;2;;2;;08;12;08;606.71412483
6037851;1;2;1;90;2;;1;20;2;;1;30;2;;2;;2;;2;;2;;2;;08;12;08;606.71412483
6037851;1;3;1;90;2;;1;20;2;;1;20;2;;2;;2;;2;;2;;2;;08;12;08;606.71412483
6037852;1;1;1;90;2;;1;21;2;;1;40;2;;2;;2;;2;;2;;2;;08;12;08;734.63443981
6037852;1;2;1;90;2;;2;;2;;1;17;2;;2;;2;;2;;2;;2;;08;12;08;734.63443981
6037852;1;3;1;90;2;;1;7;2;;2;;2;;2;;2;;2;;2;;2;;08;12;08;734.63443981
6037852;1;4;1;90;2;;1;12;2;;2;;2;;2;;2;;2;;2;;2;;08;12;08;734.63443981
6037853;1;1;1;90;2;;1;5;2;;2;;2;;2;;2;;2;;2;;2;;08;12;08;528.2717259
6037853;1;2;1;90;2;;2;;2;;2;;2;;2;;2;;2;;2;;2;;08;12;08;528.2717259
6037854;1;1;1;90;2;;1;5;2;;1;6;2;;2;;2;;2;;2;;2;;08;12;08;662.69842051
6037854;1;2;1;90;2;;1;14;2;;1;20;2;;2;;2;;2;;2;;2;;08;12;08;662.69842051
6037854;1;5;1;90;2;;2;;2;;2;;2;;2;;2;;2;;2;;2;;08;12;08;662.69842051
6037855;1;1;1;90;2;;1;10;2;;2;;2;;2;;2;;2;;2;;2;;08;12;08;518.95726358
6037855;1;2;1;90;2;;1;25;2;;2;;1;25;2;;2;;2;;2;;2;;08;12;08;518.95726358
6037855;1;3;1;90;2;;1;10;2;;2;;2;;2;;2;;2;;2;;2;;08;12;08;518.95726358
6037855;1;4;1;90;2;;2;;2;;2;;2;;2;;2;;2;;2;;2;;08;12;08;518.95726358
6037855;1;5;1;90;2;;1;2;2;;2;;2;;2;;2;;2;;2;;2;;08;12;08;518.95726358
6037855;1;6;1;90;2;;1;10;2;;2;;2;;2;;2;;2;;2;;2;;08;12;08;518.95726358
6037856;1;1;1;90;2;;1;10;2;;2;;2;;2;;2;;2;;2;;2;;08;12;08;545.68563907
6037856;1;2;1;90;2;;1;20;2;;2;;2;;2;;2;;2;;2;;2;;08;12;08;545.68563907
6037856;1;3;1;90;2;;2;;2;;2;;2;;2;;1;20;2;;2;;2;;08;12;08;545.68563907
6037856;1;4;1;90;2;;1;6;2;;2;;2;;2;;1;20;2;;2;;2;;08;12;08;545.68563907
6037857;1;1;1;90;2;;1;8;2;;2;;2;;2;;2;;2;;2;;2;;08;12;08;501.88335599
6037857;1;2;1;90;2;;1;10;2;;2;;2;;2;;2;;2;;2;;2;;08;12;08;501.88335599
6037857;1;3;1;90;2;;1;15;2;;2;;2;;2;;2;;2;;2;;2;;08;12;08;501.88335599
6037857;1;6;1;90;2;;1;12;2;;1;20;2;;2;;2;;2;;2;;2;;08;12;08;501.88335599
6037857;1;9;1;90;2;;1;4;2;;2;;2;;2;;2;;2;;2;;2;;08;12;08;501.88335599
6037858;1;1;1;90;2;;2;;2;;2;;2;;2;;2;;2;;2;;2;;08;12;08;684.8943668
6037858;1;2;1;90;2;;1;12;2;;2;;2;;2;;2;;2;;2;;2;;08;12;08;684.8943668
6037858;1;5;1;90;2;;1;20;2;;2;;2;;2;;2;;2;;2;;2;;08;12;08;684.8943668
6037859;1;1;1;90;2;;2;;2;;2;;2;;2;;2;;2;;2;;2;;08;12;08;706.31067538
6037859;1;2;1;90;2;;1;14;2;;2;;2;;2;;2;;2;;2;;2;;08;12;08;706.31067538
6037859;1;3;1;90;2;;2;;2;;2;;2;;2;;2;;2;;2;;2;;08;12;08;706.31067538
6037859;1;4;1;90;2;;2;;2;;2;;2;;2;;2;;2;;2;;2;;08;12;08;706.31067538
6037859;1;5;1;90;2;;2;;2;;2;;2;;2;;2;;2;;2;;2;;08;12;08;706.31067538
6037860;1;1;1;90;2;;1;14;2;;1;14;2;;2;;2;;2;;2;;2;;08;12;08;641.78975864
6037860;1;2;1;90;2;;2;;2;;2;;2;;2;;2;;2;;2;;2;;08;12;08;641.78975864
6037860;1;4;1;90;2;;1;18;2;;2;;2;;2;;2;;2;;2;;2;;08;12;08;641.78975864
6037860;1;5;1;90;2;;1;15;2;;2;;2;;2;;2;;2;;2;;2;;08;12;08;641.78975864
6037861;1;1;1;90;2;;1;2;2;;2;;2;;2;;2;;2;;2;;2;;08;12;08;653.64134077
6037861;1;2;1;90;2;;1;30;2;;1;24;2;;2;;2;;2;;2;;2;;08;12;08;653.64134077
6037861;1;3;1;90;2;;2;;2;;2;;2;;2;;2;;2;;2;;2;;08;12;08;653.64134077
6037861;1;4;1;90;2;;1;1;2;;2;;2;;2;;2;;2;;2;;2;;08;12;08;653.64134077
6037861;1;5;1;90;2;;2;;2;;2;;2;;2;;2;;2;;2;;2;;08;12;08;653.64134077
6037861;1;6;1;90;2;;1;2;2;;2;;2;;2;;2;;2;;2;;2;;08;12;08;653.64134077
6037861;1;8;1;90;2;;1;36;2;;1;24;2;;2;;2;;2;;2;;2;;08;12;08;653.64134077
6037862;1;1;1;90;2;;1;42;2;;1;28;2;;2;;2;;2;;2;;2;;08;12;08;647.35208968
6037862;1;2;1;90;2;;1;21;2;;1;28;2;;2;;2;;2;;2;;2;;08;12;08;647.35208968
6037862;1;4;1;90;2;;1;14;2;;2;;2;;2;;2;;2;;2;;2;;08;12;08;647.35208968
6037863;1;1;1;90;2;;1;14;2;;2;;1;20;2;;2;;2;;2;;2;;08;12;08;721.75541775
6037863;1;2;1;90;2;;2;;2;;2;;2;;2;;2;;2;;2;;2;;08;12;08;721.75541775
6037865;1;1;1;90;2;;1;36;2;;2;;2;;2;;2;;2;;2;;2;;08;12;08;637.41559137
6037865;1;2;1;90;2;;1;2;2;;2;;2;;2;;2;;2;;2;;2;;08;12;08;637.41559137
6037865;1;3;1;90;2;;1;10;2;;2;;2;;2;;2;;2;;2;;2;;08;12;08;637.41559137
6037865;1;4;1;90;2;;1;36;2;;1;24;2;;2;;2;;2;;2;;2;;08;12;08;637.41559137
6037866;1;1;1;90;2;;1;35;2;;1;21;2;;2;;2;;2;;2;;2;;08;12;08;630.37860364
6037866;1;2;1;90;2;;1;28;2;;2;;2;;2;;2;;2;;2;;2;;08;12;08;630.37860364
6037866;1;3;1;90;2;;2;;2;;2;;2;;2;;2;;2;;2;;2;;08;12;08;630.37860364
6037867;1;1;1;90;2;;1;24;2;;1;30;2;;2;;2;;2;;2;;2;;08;12;08;648.62489171
6037867;1;2;1;90;2;;1;12;2;;1;22;2;;2;;2;;2;;2;;2;;08;12;08;648.62489171
6037867;1;4;1;90;2;;1;5;2;;1;12;2;;2;;2;;2;;2;;2;;08;12;08;648.62489171
6037868;1;1;1;90;2;;1;10;2;;2;;2;;2;;2;;2;;2;;2;;08;12;08;692.12074205
6037868;1;2;1;90;2;;2;;2;;2;;1;25;2;;2;;2;;2;;2;;08;12;08;692.12074205
6037868;1;3;1;90;2;;2;;2;;2;;2;;2;;2;;2;;2;;2;;08;12;08;692.12074205
6037868;1;4;1;90;2;;2;;2;;2;;2;;2;;2;;2;;2;;2;;08;12;08;692.12074205
6037868;1;5;1;90;2;;1;17;2;;1;40;2;;2;;2;;2;;2;;2;;08;12;08;692.12074205
6037869;1;1;1;90;2;;1;6;2;;2;;2;;2;;2;;2;;2;;2;;08;12;08;716.19308671
6037869;1;2;1;90;2;;1;20;2;;2;;2;;2;;2;;2;;2;;2;;08;12;08;716.19308671
6037869;1;3;1;90;2;;1;5;2;;2;;2;;2;;2;;2;;2;;2;;08;12;08;716.19308671
6037870;1;1;1;90;2;;1;21;2;;1;21;2;;2;;2;;2;;2;;2;;08;12;08;711.93965169
6037870;1;2;1;90;2;;1;35;2;;1;42;2;;2;;2;;2;;2;;2;;08;12;08;711.93965169
6037871;1;1;1;90;2;;1;10;2;;2;;2;;2;;2;;2;;2;;2;;08;12;08;704.22077233
6037873;1;1;1;90;2;;1;5;2;;1;18;2;;2;;2;;2;;2;;2;;08;12;08;693.8077529
6037873;1;2;1;90;2;;1;25;2;;1;20;2;;2;;2;;2;;2;;2;;08;12;08;693.8077529
6037875;1;1;1;90;2;;1;12;2;;2;;2;;2;;2;;2;;2;;2;;08;12;08;711.93965169
6037875;1;2;1;90;2;;1;24;2;;1;12;2;;2;;2;;2;;2;;2;;08;12;08;711.93965169
6037876;1;1;1;90;2;;2;;2;;2;;2;;2;;2;;2;;2;;2;;08;12;08;676.76762159
6037876;1;2;1;90;2;;1;21;2;;2;;2;;2;;2;;2;;2;;2;;08;12;08;676.76762159
6037876;1;3;1;90;2;;2;;2;;2;;2;;2;;2;;2;;2;;2;;08;12;08;676.76762159
6037876;1;4;1;90;2;;2;;2;;2;;2;;2;;2;;2;;2;;2;;08;12;08;676.76762159
6037877;1;1;1;90;2;;1;15;2;;2;;2;;2;;2;;2;;2;;2;;08;12;08;704.22077233
6037878;1;1;1;90;2;;1;10;2;;2;;2;;2;;2;;2;;2;;2;;08;12;08;551.24797011
6037878;1;2;1;90;2;;1;15;2;;2;;2;;2;;2;;2;;2;;2;;08;12;08;551.24797011
6037878;1;3;1;90;2;;1;10;2;;2;;2;;2;;2;;2;;2;;2;;08;12;08;551.24797011
6037879;1;1;1;90;2;;2;;2;;1;8;2;;2;;2;;2;;2;;2;;08;12;08;651.29405514
6037879;1;2;1;90;2;;1;20;2;;1;20;2;;2;;2;;2;;2;;2;;08;12;08;651.29405514
6037879;1;3;1;90;2;;2;;2;;2;;2;;2;;2;;2;;2;;2;;08;12;08;651.29405514
6037880;1;1;1;90;2;;1;18;2;;1;20;2;;2;;2;;2;;2;;2;;08;12;08;585.11110419
6037880;1;2;1;90;2;;1;7;2;;2;;2;;2;;2;;2;;2;;2;;08;12;08;585.11110419
6037880;1;3;1;90;2;;2;;2;;2;;2;;2;;2;;2;;2;;2;;08;12;08;585.11110419
6037882;1;1;1;90;2;;1;12;2;;2;;2;;2;;2;;2;;2;;2;;08;12;08;634.66178968
6037882;1;2;1;90;2;;1;15;2;;1;25;2;;2;;2;;2;;2;;2;;08;12;08;634.66178968
6037882;1;3;1;90;2;;1;13;2;;2;;2;;2;;2;;2;;2;;2;;08;12;08;634.66178968
6037883;1;1;1;90;2;;1;10;2;;2;;2;;2;;2;;2;;2;;2;;08;12;08;721.75541775
6037883;1;2;1;90;2;;1;20;2;;2;;2;;2;;2;;2;;2;;2;;08;12;08;721.75541775
6037884;1;1;1;90;2;;2;;2;;2;;2;;2;;2;;2;;2;;2;;08;12;08;601.96385799
6037884;1;2;1;90;2;;1;26;2;;1;30;2;;2;;2;;2;;2;;2;;08;12;08;601.96385799
6037884;1;3;1;90;2;;1;6;2;;2;;2;;2;;2;;2;;2;;2;;08;12;08;601.96385799
6037884;1;4;1;90;2;;2;;2;;2;;2;;2;;2;;2;;2;;2;;08;12;08;601.96385799
6037885;1;1;1;90;2;;1;8;2;;2;;2;;2;;2;;2;;2;;2;;08;12;08;620.49619231
6037885;1;2;1;90;2;;1;24;2;;2;;2;;2;;2;;2;;2;;2;;08;12;08;620.49619231
6037885;1;3;1;90;2;;2;;2;;2;;2;;2;;2;;2;;2;;2;;08;12;08;620.49619231
6037885;1;4;1;90;2;;2;;2;;2;;2;;2;;2;;2;;2;;2;;08;12;08;620.49619231
6037885;1;5;1;90;2;;2;;2;;2;;2;;2;;2;;2;;2;;2;;08;12;08;620.49619231
6037888;1;1;1;90;2;;2;;2;;2;;2;;2;;2;;2;;2;;2;;08;12;08;665.36325622
6037888;1;2;1;90;2;;1;10;2;;2;;2;;2;;2;;2;;2;;2;;08;12;08;665.36325622
6037888;1;3;1;90;2;;1;5;2;;2;;2;;2;;2;;2;;2;;2;;08;12;08;665.36325622
6037888;1;4;1;90;2;;2;;2;;2;;2;;2;;2;;2;;2;;2;;08;12;08;665.36325622
6037889;1;1;1;90;2;;2;;1;4;1;7;2;;2;;2;;2;;2;;2;;08;12;08;661.10982121
6037889;1;2;1;90;2;;1;21;2;;1;21;2;;2;;2;;2;;2;;2;;08;12;08;661.10982121
6037889;1;3;1;90;2;;1;7;2;;2;;2;;2;;2;;2;;2;;2;;08;12;08;661.10982121
6037890;1;1;1;90;2;;1;35;2;;1;21;2;;2;;2;;2;;2;;2;;08;12;08;647.94934305
6037890;1;2;1;90;2;;1;21;2;;2;;2;;2;;2;;2;;2;;2;;08;12;08;647.94934305
6037891;1;1;1;90;2;;1;4;2;;2;;2;;2;;2;;2;;2;;2;;08;12;08;545.68563907
6037891;1;2;1;90;2;;1;21;2;;2;;2;;2;;2;;2;;2;;2;;08;12;08;545.68563907
6037891;1;3;1;90;2;;1;4;2;;2;;2;;2;;2;;2;;2;;2;;08;12;08;545.68563907
6037891;1;4;1;90;2;;1;6;2;;2;;2;;2;;2;;2;;2;;2;;08;12;08;545.68563907
6037892;1;1;1;90;2;;1;12;2;;2;;2;;2;;2;;2;;2;;2;;08;12;08;635.94093468
6037892;1;2;1;90;2;;1;15;2;;2;;2;;2;;2;;2;;2;;2;;08;12;08;635.94093468
6037893;1;1;1;90;2;;2;;2;;2;;1;3;2;;2;;2;;2;;2;;08;12;08;562.42135289
6037893;1;2;1;90;2;;1;24;2;;2;;1;5;2;;2;;2;;2;;2;;08;12;08;562.42135289
6037893;1;3;1;90;2;;2;;2;;2;;2;;2;;2;;2;;2;;2;;08;12;08;562.42135289
6037893;1;4;1;90;2;;2;;2;;2;;2;;2;;2;;2;;2;;2;;08;12;08;562.42135289
6037893;1;6;1;90;2;;2;;2;;2;;2;;2;;2;;2;;2;;2;;08;12;08;562.42135289
6037894;1;1;1;90;2;;1;15;2;;1;20;2;;2;;2;;2;;2;;2;;08;12;08;524.5862399
6037894;1;3;1;90;2;;1;15;2;;2;;2;;2;;2;;2;;2;;2;;08;12;08;524.5862399
6037894;1;4;1;90;2;;1;12;2;;1;15;2;;2;;2;;2;;2;;2;;08;12;08;524.5862399
6037895;1;1;1;90;2;;1;8;2;;2;;2;;2;;2;;2;;2;;2;;08;12;08;703.62351896
6037895;1;2;1;90;2;;1;28;2;;1;24;2;;2;;2;;2;;2;;2;;08;12;08;703.62351896
6037896;1;1;1;90;2;;2;;2;;2;;2;;2;;2;;2;;2;;2;;08;12;08;703.62351896
6037896;1;2;1;90;2;;1;21;2;;1;30;2;;2;;2;;2;;2;;1;14;08;12;08;703.62351896
6037897;1;1;1;90;2;;1;35;2;;1;35;2;;2;;2;;2;;2;;2;;08;12;08;696.56155459
6037897;1;2;1;90;2;;1;14;2;;1;21;2;;2;;2;;2;;2;;2;;08;12;08;696.56155459
6037897;1;3;1;90;2;;1;21;2;;2;;2;;2;;2;;2;;2;;2;;08;12;08;696.56155459
6037898;1;1;1;90;2;;2;;2;;2;;2;;2;;2;;2;;2;;2;;08;12;08;665.36325622
6037898;1;2;1;90;2;;2;;2;;2;;2;;2;;2;;2;;2;;2;;08;12;08;665.36325622
6037898;1;3;1;90;2;;2;;2;;2;;2;;2;;2;;2;;2;;2;;08;12;08;665.36325622
6037898;1;4;1;90;2;;1;14;2;;2;;2;;2;;2;;2;;2;;2;;08;12;08;665.36325622
6037899;1;1;1;90;2;;1;12;2;;2;;2;;2;;2;;2;;2;;2;;08;12;08;694.30905665
6037899;1;2;1;90;2;;1;18;2;;2;;2;;2;;2;;2;;2;;2;;08;12;08;694.30905665
6037899;1;3;1;90;2;;2;;2;;2;;2;;2;;2;;2;;2;;2;;08;12;08;694.30905665
6037899;1;4;1;90;2;;1;12;2;;2;;2;;2;;2;;2;;2;;2;;08;12;08;694.30905665
6037899;1;5;1;90;2;;2;;2;;2;;2;;2;;2;;2;;2;;2;;08;12;08;694.30905665
6037899;1;7;1;90;2;;1;6;2;;2;;2;;2;;2;;2;;2;;2;;08;12;08;694.30905665
6037901;1;1;1;90;2;;2;;2;;2;;2;;2;;2;;2;;2;;2;;08;12;08;672.79433652
6037901;1;2;1;90;2;;1;28;2;;1;25;2;;2;;2;;2;;2;;2;;08;12;08;672.79433652
6037901;1;3;1;90;2;;1;14;2;;2;;2;;2;;2;;2;;2;;2;;08;12;08;672.79433652
6037901;1;4;1;90;2;;2;;2;;1;12;2;;2;;2;;2;;2;;2;;08;12;08;672.79433652
6037901;1;5;1;90;2;;2;;2;;2;;2;;2;;2;;2;;2;;2;;08;12;08;672.79433652
6037901;1;8;1;90;2;;2;;2;;2;;2;;2;;2;;2;;2;;2;;08;12;08;672.79433652
6037901;1;9;1;90;2;;1;30;2;;1;45;2;;2;;2;;2;;2;;2;;08;12;08;672.79433652
6037902;1;1;1;90;2;;1;35;2;;1;35;2;;2;;2;;2;;2;;2;;08;12;08;695.86156196
6037902;1;2;1;90;2;;2;;2;;2;;2;;2;;2;;2;;2;;2;;08;12;08;695.86156196
6037902;1;3;1;90;2;;1;21;2;;1;28;2;;2;;2;;2;;2;;2;;08;12;08;695.86156196
6037902;1;5;1;90;2;;1;14;2;;1;21;2;;2;;2;;2;;2;;2;;08;12;08;695.86156196
6037902;1;7;1;90;2;;2;;2;;2;;2;;2;;2;;2;;2;;2;;08;12;08;695.86156196
6037902;1;8;1;90;2;;1;14;2;;2;;2;;2;;2;;2;;2;;2;;08;12;08;695.86156196
6037902;1;9;1;90;2;;2;;2;;2;;2;;2;;2;;2;;2;;2;;08;12;08;695.86156196
6037902;1;10;1;90;2;;1;4;2;;2;;2;;2;;2;;2;;2;;2;;08;12;08;695.86156196
6037903;1;1;1;90;2;;1;4;2;;2;;2;;2;;2;;2;;2;;2;;08;12;08;540.24404028
6037903;1;2;1;90;2;;1;4;2;;2;;2;;2;;2;;2;;2;;2;;08;12;08;540.24404028
6037903;1;3;1;90;2;;1;8;2;;2;;2;;2;;2;;2;;2;;2;;08;12;08;540.24404028
6037903;1;4;1;90;2;;2;;2;;2;;2;;2;;2;;2;;2;;2;;08;12;08;540.24404028
6037904;1;1;1;90;2;;1;21;2;;2;;2;;2;;2;;2;;2;;2;;08;12;08;472.56824563
6037904;1;2;1;90;2;;1;36;2;;2;;2;;2;;2;;2;;2;;2;;08;12;08;472.56824563
6037904;1;3;1;90;2;;2;;2;;2;;2;;2;;2;;2;;2;;2;;08;12;08;472.56824563
6037904;1;4;1;90;2;;1;30;2;;2;;2;;2;;2;;2;;2;;2;;08;12;08;472.56824563
6037904;1;5;1;90;2;;1;4;2;;2;;2;;2;;2;;2;;2;;2;;08;12;08;472.56824563
6037905;1;1;1;90;2;;1;7;2;;2;;2;;2;;2;;2;;2;;2;;08;12;08;614.93386126
6037905;1;2;1;90;2;;1;21;2;;2;;2;;2;;2;;2;;2;;2;;08;12;08;614.93386126
6037905;1;3;1;90;2;;2;;2;;2;;2;;2;;2;;2;;2;;2;;08;12;08;614.93386126
6037905;1;4;1;90;2;;1;4;2;;2;;2;;2;;2;;2;;2;;2;;08;12;08;614.93386126
6037905;1;5;1;90;2;;1;7;2;;2;;2;;2;;2;;2;;2;;2;;08;12;08;614.93386126
6037905;1;6;1;90;2;;2;;2;;2;;2;;2;;2;;2;;2;;2;;08;12;08;614.93386126
6037906;1;1;1;90;2;;1;15;2;;2;;2;;2;;2;;2;;2;;2;;08;12;08;552.25244865
6037906;1;2;1;90;2;;1;15;2;;2;;1;15;2;;2;;2;;2;;2;;08;12;08;552.25244865
6037906;1;3;1;90;2;;2;;2;;2;;2;;2;;2;;2;;2;;2;;08;12;08;552.25244865
6037906;1;4;1;90;2;;2;;2;;2;;2;;2;;2;;2;;2;;2;;08;12;08;552.25244865
6037908;1;1;1;90;2;;1;10;2;;1;15;2;;2;;2;;2;;2;;2;;08;12;08;698.06118792
6037908;1;2;1;90;2;;1;20;2;;1;20;2;;2;;2;;2;;2;;2;;08;12;08;698.06118792
6037908;1;3;1;90;2;;1;5;2;;1;3;2;;2;;2;;2;;2;;2;;08;12;08;698.06118792
6037909;1;1;1;90;2;;1;21;2;;2;;2;;2;;2;;2;;2;;2;;08;12;08;647.94934305
6037909;1;2;1;90;2;;1;6;2;;2;;2;;2;;2;;2;;2;;2;;08;12;08;647.94934305
6037911;1;1;1;90;2;;2;;2;;1;14;2;;2;;2;;2;;2;;2;;08;12;08;700.81498961
6037911;1;2;1;90;2;;1;17;2;;1;35;2;;2;;2;;2;;2;;2;;08;12;08;700.81498961
6037911;1;3;1;90;2;;1;3;2;;2;;2;;2;;2;;2;;2;;2;;08;12;08;700.81498961
6037911;1;4;1;90;2;;2;;2;;2;;2;;2;;2;;2;;2;;2;;08;12;08;700.81498961
6037912;1;1;1;90;2;;2;;2;;2;;2;;2;;2;;2;;2;;2;;08;12;08;653.39094184
6037912;1;2;1;90;2;;1;18;2;;2;;2;;2;;2;;2;;2;;2;;08;12;08;653.39094184
6037913;1;1;1;90;2;;1;10;2;;2;;2;;2;;2;;2;;2;;2;;08;12;08;527.67447253
6037913;1;2;1;90;2;;1;21;2;;2;;2;;2;;2;;2;;2;;2;;08;12;08;527.67447253
6037913;1;3;1;90;2;;1;12;2;;1;24;2;;2;;2;;2;;2;;2;;08;12;08;527.67447253
6037914;1;1;1;90;2;;1;15;2;;2;;2;;2;;2;;2;;2;;2;;08;12;08;664.79530721
6037914;1;2;1;90;2;;2;;2;;2;;2;;2;;2;;2;;2;;2;;08;12;08;664.79530721
6037915;1;1;1;90;2;;1;21;2;;2;;1;28;2;;2;;2;;2;;2;;08;12;08;585.23183644
6037915;1;2;1;90;2;;1;35;2;;2;;2;;2;;2;;2;;2;;2;;08;12;08;585.23183644
6037916;1;1;1;90;2;;2;;2;;2;;2;;2;;2;;2;;2;;2;;08;12;08;500.41813963
6037916;1;2;1;90;2;;1;21;2;;2;;2;;2;;2;;2;;2;;2;;08;12;08;500.41813963
6037916;1;3;1;90;2;;1;7;2;;2;;2;;2;;2;;2;;2;;2;;08;12;08;500.41813963
6037916;1;4;1;90;2;;1;4;2;;2;;2;;2;;2;;2;;2;;2;;08;12;08;500.41813963
6037917;1;1;1;90;2;;2;;2;;1;12;2;;2;;2;;2;;2;;2;;08;12;08;642.97792241
6037917;1;2;1;90;2;;1;14;2;;1;25;2;;2;;2;;2;;2;;2;;08;12;08;642.97792241
6037917;1;3;1;90;2;;1;4;2;;2;;2;;2;;2;;2;;2;;2;;08;12;08;642.97792241
6037918;1;1;1;90;2;;1;14;2;;1;7;2;;2;;2;;2;;2;;2;;08;12;08;643.65981404
6037918;1;2;1;90;2;;1;14;2;;1;4;2;;2;;2;;2;;2;;2;;08;12;08;643.65981404
6037918;1;3;1;90;2;;1;21;2;;1;28;2;;2;;2;;2;;2;;2;;08;12;08;643.65981404
6037919;1;1;1;90;2;;1;10;2;;2;;2;;2;;2;;2;;2;;2;;08;12;08;721.75541775
6037919;1;2;1;90;2;;1;15;2;;2;;2;;2;;2;;2;;2;;2;;08;12;08;721.75541775
6037920;1;1;1;90;2;;1;6;2;;2;;2;;2;;2;;2;;2;;2;;08;12;08;551.24797011
6037920;1;2;1;90;2;;1;20;2;;2;;2;;2;;2;;2;;2;;2;;08;12;08;551.24797011
6037920;1;3;1;90;2;;1;6;2;;2;;2;;2;;2;;2;;2;;2;;08;12;08;551.24797011
6037921;1;1;1;90;2;;1;6;2;;2;;2;;2;;2;;2;;2;;2;;08;12;08;670.92558727
6037921;1;2;1;90;2;;1;4;2;;2;;2;;2;;2;;2;;2;;2;;08;12;08;670.92558727
6037921;1;3;1;90;2;;1;4;2;;2;;2;;2;;2;;2;;2;;2;;08;12;08;670.92558727
6037922;1;1;1;90;2;;2;;2;;2;;2;;2;;2;;2;;2;;2;;08;12;08;460.59593125
6037922;1;2;1;90;2;;2;;2;;2;;2;;2;;2;;2;;2;;2;;08;12;08;460.59593125
6037922;1;3;1;90;2;;1;5;2;;2;;2;;2;;2;;2;;2;;2;;08;12;08;460.59593125
6037923;1;1;1;90;2;;1;16;2;;2;;2;;2;;2;;2;;2;;2;;08;12;08;567.69719102
6037924;1;1;1;90;2;;1;3;2;;2;;2;;2;;2;;2;;2;;2;;08;12;08;528.2717259
6037924;1;2;1;90;2;;1;26;2;;2;;2;;2;;2;;2;;2;;2;;08;12;08;528.2717259
6037925;1;1;1;90;2;;2;;2;;2;;2;;2;;2;;2;;2;;2;;08;12;08;733.72773213
6037925;1;2;1;90;2;;1;18;2;;2;;2;;2;;2;;2;;2;;2;;08;12;08;733.72773213
6037925;1;3;1;90;2;;1;18;2;;2;;2;;2;;2;;2;;2;;2;;08;12;08;733.72773213
6037925;1;4;1;90;2;;1;14;2;;2;;2;;2;;2;;2;;2;;2;;08;12;08;733.72773213
6037926;1;1;1;90;2;;1;10;2;;2;;2;;2;;2;;2;;2;;2;;08;12;08;721.75541775
6037926;1;2;1;90;2;;1;20;2;;2;;2;;2;;2;;2;;2;;2;;08;12;08;721.75541775
6037927;1;1;1;90;2;;1;10;2;;2;;2;;2;;2;;2;;2;;2;;08;12;08;432.5748315
6037927;1;2;1;90;2;;1;17;2;;2;;2;;2;;2;;2;;2;;2;;08;12;08;432.5748315
6037927;1;3;1;90;2;;2;;2;;2;;2;;2;;2;;2;;2;;2;;08;12;08;432.5748315
6037927;2;1;2;90;2;;1;17;2;;2;;2;;2;;2;;2;;2;;2;;08;12;08;432.5748315
6037928;1;1;1;90;2;;1;15;2;;2;;2;;2;;2;;2;;2;;2;;08;12;08;704.22077233
6037929;1;1;1;90;2;;1;12;2;;2;;2;;2;;2;;2;;2;;2;;08;12;08;784.47292436
6037929;1;2;1;90;2;;1;12;2;;2;;2;;2;;2;;2;;2;;2;;08;12;08;784.47292436
6037930;1;1;1;90;2;;1;21;2;;2;;2;;2;;2;;2;;2;;2;;08;12;08;641.50326572
6037931;1;1;1;90;2;;1;5;2;;2;;2;;2;;2;;2;;2;;2;;08;12;08;528.2717259
6037931;1;2;1;90;2;;1;24;2;;2;;2;;2;;2;;2;;2;;2;;08;12;08;528.2717259
6037932;1;1;1;90;2;;1;20;2;;2;;2;;2;;2;;2;;2;;2;;08;12;08;455.03360021
6037932;1;2;1;90;2;;2;;2;;2;;2;;2;;2;;2;;2;;2;;08;12;08;455.03360021
6037932;1;3;1;90;2;;2;;2;;2;;2;;2;;2;;2;;2;;2;;08;12;08;455.03360021
6037932;1;4;1;90;2;;2;;2;;2;;2;;2;;2;;2;;2;;2;;08;12;08;455.03360021
6037933;1;1;1;90;2;;1;21;2;;2;;1;28;2;;2;;2;;2;;2;;08;12;08;569.78709407
6037933;1;2;1;90;2;;2;;2;;2;;2;;2;;2;;2;;2;;2;;08;12;08;569.78709407
6037933;1;3;1;90;2;;2;;2;;2;;2;;2;;2;;2;;2;;2;;08;12;08;569.78709407
6037933;1;4;1;90;2;;2;;2;;2;;2;;2;;2;;2;;2;;2;;08;12;08;569.78709407
6037933;1;5;1;90;2;;2;;2;;2;;2;;2;;2;;2;;2;;2;;08;12;08;569.78709407
6037934;1;1;1;90;2;;2;;2;;2;;2;;2;;2;;2;;2;;2;;08;12;08;819.5422152
6037934;1;2;1;90;2;;1;25;2;;2;;2;;2;;2;;2;;2;;2;;08;12;08;819.5422152
6037934;1;3;1;90;2;;1;12;2;;2;;2;;2;;2;;2;;2;;2;;08;12;08;819.5422152
6037934;1;4;1;90;2;;1;15;2;;2;;2;;2;;2;;2;;2;;2;;08;12;08;819.5422152
6037935;1;1;1;90;2;;1;5;2;;2;;2;;2;;2;;2;;2;;2;;08;12;08;528.2717259
6037935;1;2;1;90;2;;1;25;2;;2;;2;;2;;2;;2;;2;;2;;08;12;08;528.2717259
6037937;1;1;1;90;2;;1;4;2;;2;;2;;2;;2;;2;;2;;2;;08;12;08;653.39094184
6037937;1;2;1;90;2;;1;10;2;;2;;2;;2;;2;;2;;2;;2;;08;12;08;653.39094184
6037938;1;1;1;90;2;;1;15;2;;2;;2;;2;;2;;2;;2;;2;;08;12;08;585.23183644
6037938;1;2;1;90;2;;1;15;2;;2;;2;;2;;2;;2;;2;;2;;08;12;08;585.23183644
6037939;1;1;1;90;2;;2;;2;;2;;2;;2;;2;;2;;2;;2;;08;12;08;545.80637132
6037939;1;2;1;90;2;;1;17;2;;2;;2;;2;;2;;2;;2;;2;;08;12;08;545.80637132
6037939;1;3;1;90;2;;1;17;2;;2;;2;;2;;2;;2;;2;;2;;08;12;08;545.80637132
6037940;1;1;1;90;2;;2;;2;;2;;2;;2;;2;;2;;2;;2;;08;12;08;631.50012214
6037940;1;2;1;90;2;;1;30;2;;2;;2;;2;;2;;2;;2;;2;;08;12;08;631.50012214
6037940;1;3;1;90;2;;1;15;2;;2;;2;;2;;2;;2;;2;;2;;08;12;08;631.50012214
6037940;1;4;1;90;2;;1;5;2;;2;;2;;2;;2;;2;;2;;2;;08;12;08;631.50012214
6037941;1;1;1;90;2;;1;21;2;;2;;1;21;2;;2;;2;;2;;2;;08;12;08;528.2717259
6037941;1;2;1;90;2;;1;21;2;;2;;2;;2;;2;;2;;2;;2;;08;12;08;528.2717259
6037942;1;1;1;90;2;;1;12;2;;2;;2;;2;;2;;2;;2;;2;;08;12;08;641.50326572
6037944;1;1;1;90;2;;1;3;2;;2;;2;;2;;2;;2;;2;;2;;08;12;08;723.82732781
6037944;1;2;1;90;2;;2;;2;;2;;2;;2;;2;;2;;2;;2;;08;12;08;723.82732781
6037944;1;3;1;90;2;;1;38;2;;2;;2;;2;;2;;2;;2;;2;;08;12;08;723.82732781
6037946;1;1;1;90;2;;1;20;2;;1;10;2;;2;;2;;2;;2;;2;;08;12;08;629.87710588
6037946;1;2;1;90;2;;1;5;2;;1;15;2;;2;;2;;2;;2;;2;;08;12;08;629.87710588
6037946;1;3;1;90;2;;1;15;2;;1;20;2;;2;;2;;2;;2;;2;;08;12;08;629.87710588
6037946;1;7;1;90;2;;1;15;2;;1;25;2;;2;;2;;2;;2;;2;;08;12;08;629.87710588
6037946;1;8;1;90;2;;2;;2;;1;15;2;;2;;2;;2;;2;;2;;08;12;08;629.87710588
6037948;1;1;1;90;2;;1;10;2;;1;25;2;;2;;2;;2;;2;;2;;08;12;08;583.94590181
6037948;1;3;1;90;2;;1;5;2;;2;;2;;2;;2;;2;;2;;2;;08;12;08;583.94590181
6037949;1;1;1;90;2;;1;21;2;;1;30;1;30;2;;2;;2;;2;;2;;08;12;08;661.10982121
6037949;1;2;1;90;2;;1;14;2;;2;;2;;2;;2;;2;;2;;2;;08;12;08;661.10982121
6037949;1;4;1;90;2;;2;;2;;2;;2;;2;;2;;2;;2;;2;;08;12;08;661.10982121
6037950;1;1;1;90;2;;1;21;2;;2;;2;;2;;2;;2;;2;;2;;08;12;08;641.50326572
6037952;1;1;1;90;2;;1;21;2;;2;;2;;2;;2;;2;;2;;2;;08;12;08;682.32995263
6037952;1;2;1;90;2;;1;14;2;;2;;2;;2;;2;;2;;2;;2;;08;12;08;682.32995263
6037952;1;3;1;90;2;;1;14;2;;2;;2;;2;;2;;2;;2;;2;;08;12;08;682.32995263
6037953;1;1;1;90;2;;2;;2;;2;;2;;2;;2;;2;;2;;2;;08;12;08;721.75541775
6037953;1;2;1;90;2;;1;14;2;;2;;2;;2;;2;;2;;2;;2;;08;12;08;721.75541775
6037954;1;1;1;90;2;;1;24;2;;2;;2;;2;;2;;2;;2;;2;;08;12;08;704.22077233
6037955;1;1;1;90;2;;2;;2;;2;;2;;2;;2;;2;;2;;2;;08;12;08;616.24275729
6037955;1;2;1;90;2;;2;;2;;2;;2;;2;;2;;2;;2;;2;;08;12;08;616.24275729
6037955;1;3;1;90;2;;2;;2;;1;15;2;;2;;2;;2;;2;;2;;08;12;08;616.24275729
6037955;1;4;1;90;2;;1;20;2;;1;20;2;;2;;2;;2;;2;;2;;08;12;08;616.24275729
6037956;1;1;1;90;2;;1;4;2;;2;;2;;2;;2;;2;;2;;2;;08;12;08;596.51546956
6037956;1;2;1;90;2;;2;;2;;2;;2;;2;;2;;2;;2;;2;;08;12;08;596.51546956
6037956;1;3;1;90;2;;2;;2;;2;;2;;2;;2;;2;;2;;2;;08;12;08;596.51546956
6037957;1;1;1;90;2;;2;;2;;2;;2;;2;;2;;2;;2;;2;;08;12;08;647.23135743
6037957;1;2;1;90;2;;1;21;2;;2;;2;;2;;2;;2;;2;;2;;08;12;08;647.23135743
6037957;1;3;1;90;2;;1;12;2;;2;;2;;2;;2;;2;;2;;2;;08;12;08;647.23135743
6037957;1;4;1;90;2;;2;;2;;2;;2;;2;;2;;2;;2;;2;;08;12;08;647.23135743
6037962;1;1;1;90;2;;1;5;2;;1;7;2;;2;;2;;2;;2;;2;;08;12;08;685.49162017
6037962;1;2;1;90;2;;1;25;2;;1;42;2;;2;;2;;2;;2;;2;;08;12;08;685.49162017
6037963;1;1;1;90;2;;1;21;2;;1;28;2;;2;;2;;2;;2;;2;;08;12;08;580.85766918
6037963;1;3;1;90;2;;1;28;2;;2;;2;;2;;2;;2;;2;;2;;08;12;08;580.85766918
6037964;1;1;1;90;2;;1;7;2;;2;;2;;2;;2;;2;;2;;2;;08;12;08;651.29405514
6037964;1;2;1;90;2;;1;25;2;;1;25;2;;2;;2;;2;;2;;2;;08;12;08;651.29405514
6037964;1;5;1;90;2;;1;15;2;;2;;2;;2;;2;;2;;2;;2;;08;12;08;651.29405514
6037965;1;1;1;90;2;;1;3;2;;2;;2;;2;;2;;2;;2;;2;;08;12;08;721.75541775
6037965;1;2;1;90;2;;1;20;2;;2;;2;;2;;2;;2;;2;;2;;08;12;08;721.75541775
6037966;1;1;1;90;2;;2;;2;;2;;2;;2;;2;;2;;2;;2;;08;12;08;528.2717259
6037966;1;2;1;90;2;;1;15;2;;2;;2;;2;;2;;2;;2;;2;;08;12;08;528.2717259
6037967;1;1;1;90;2;;1;15;2;;2;;1;4;2;;2;;2;;2;;2;;08;12;08;647.94934305
6037967;1;2;1;90;2;;1;10;2;;2;;2;;2;;2;;2;;2;;2;;08;12;08;647.94934305
6037968;1;1;1;90;2;;1;16;2;;2;;1;20;2;;2;;2;;2;;2;;08;12;08;743.8529525
6037968;1;2;1;90;2;;2;;2;;2;;2;;2;;2;;2;;2;;2;;08;12;08;743.8529525
6037968;1;3;1;90;2;;2;;2;;2;;2;;2;;2;;2;;2;;2;;08;12;08;743.8529525
6037968;1;4;1;90;2;;1;20;2;;1;24;2;;2;;2;;2;;2;;2;;08;12;08;743.8529525
6037968;2;1;2;90;2;;1;12;2;;2;;2;;2;;2;;2;;2;;2;;08;12;08;743.8529525
6037969;1;1;1;90;2;;2;;2;;2;;2;;2;;2;;2;;2;;2;;08;12;08;598.67201788
6037969;1;2;1;90;2;;1;10;2;;2;;2;;2;;2;;2;;2;;2;;08;12;08;598.67201788
6037969;1;3;1;90;2;;2;;2;;2;;2;;2;;2;;2;;2;;2;;08;12;08;598.67201788
6037969;1;4;1;90;2;;1;20;2;;1;20;2;;2;;2;;2;;2;;2;;08;12;08;598.67201788
6037969;1;5;1;90;2;;1;2;2;;2;;2;;2;;2;;2;;2;;2;;08;12;08;598.67201788
6037970;1;1;1;90;2;;2;;2;;2;;2;;2;;2;;2;;2;;2;;08;12;08;605.99549852
6037970;1;2;1;90;2;;1;36;2;;2;;2;;2;;2;;2;;2;;2;;08;12;08;605.99549852
6037970;1;3;1;90;2;;2;;2;;2;;2;;2;;2;;2;;2;;2;;08;12;08;605.99549852
6037970;1;4;1;90;2;;1;21;2;;1;24;2;;2;;2;;2;;2;;2;;08;12;08;605.99549852
6037970;1;5;1;90;2;;2;;2;;2;;2;;2;;2;;2;;2;;2;;08;12;08;605.99549852
6037970;1;6;1;90;2;;1;2;2;;2;;2;;2;;2;;2;;2;;2;;08;12;08;605.99549852
6037970;1;9;1;90;2;;1;40;2;;1;24;2;;2;;2;;2;;2;;2;;08;12;08;605.99549852
6037970;1;10;1;90;2;;2;;2;;2;;2;;2;;2;;2;;2;;2;;08;12;08;605.99549852
6037970;1;11;1;90;2;;1;2;2;;2;;2;;2;;2;;2;;2;;2;;08;12;08;605.99549852
6037971;1;1;1;90;2;;1;21;2;;1;28;2;;2;;2;;2;;2;;2;;08;12;08;717.09979439
6037971;1;2;1;90;2;;1;14;2;;2;;2;;2;;2;;2;;2;;2;;08;12;08;717.09979439
6037971;1;5;1;90;2;;1;7;2;;2;;2;;2;;2;;2;;2;;2;;08;12;08;717.09979439
6037972;1;1;1;90;2;;1;18;2;;2;;2;;2;;2;;2;;2;;2;;08;12;08;581.26489434
6037972;1;2;1;90;2;;1;10;2;;2;;2;;2;;2;;2;;2;;2;;08;12;08;581.26489434
6037972;1;3;1;90;2;;1;15;2;;1;15;2;;2;;2;;2;;2;;2;;08;12;08;581.26489434
6037972;1;6;1;90;2;;1;10;2;;2;;2;;2;;2;;2;;2;;2;;08;12;08;581.26489434
6037973;1;1;1;90;2;;1;17;2;;2;;2;;2;;2;;2;;2;;2;;08;12;08;626.05852335
6037973;1;2;1;90;2;;2;;2;;2;;2;;2;;2;;2;;2;;2;;08;12;08;626.05852335
6037973;1;3;1;90;2;;2;;2;;2;;2;;2;;2;;2;;2;;2;;08;12;08;626.05852335
6037973;1;4;1;90;2;;1;7;2;;2;;2;;2;;2;;2;;2;;2;;08;12;08;626.05852335
6037974;1;1;1;90;2;;1;3;2;;1;15;2;;2;;2;;2;;2;;2;;08;12;08;702.12388563
6037974;1;2;1;90;2;;1;20;2;;1;20;2;;2;;2;;2;;2;;2;;08;12;08;702.12388563
6037975;1;1;1;90;2;;1;4;2;;2;;2;;2;;2;;2;;2;;2;;08;12;08;578.86688152
6037975;1;2;1;90;2;;1;12;2;;2;;2;;2;;2;;2;;2;;2;;08;12;08;578.86688152
6037975;1;3;1;90;2;;1;12;2;;1;40;2;;2;;2;;2;;2;;2;;08;12;08;578.86688152
6037975;1;4;1;90;2;;1;6;2;;1;10;2;;2;;2;;2;;2;;2;;08;12;08;578.86688152
6037976;1;1;1;90;2;;1;21;2;;1;30;1;21;2;;2;;2;;2;;2;;08;12;08;624.77258872
6037976;1;2;1;90;2;;2;;2;;2;;2;;2;;2;;2;;2;;2;;08;12;08;624.77258872
6037976;1;3;1;90;2;;2;;2;;2;;2;;2;;2;;2;;2;;2;;08;12;08;624.77258872
6037976;1;5;1;90;2;;2;;2;;2;;2;;2;;2;;2;;2;;2;;08;12;08;624.77258872
6037977;1;1;1;90;2;;1;10;2;;2;;2;;2;;2;;2;;2;;2;;08;12;08;710.63075567
6037977;1;2;1;90;2;;1;30;2;;1;25;2;;2;;2;;2;;2;;2;;08;12;08;710.63075567
6037977;1;3;1;90;2;;1;2;2;;2;;2;;2;;2;;2;;2;;2;;08;12;08;710.63075567
6037977;1;4;1;90;2;;2;;2;;2;;2;;2;;2;;2;;2;;2;;08;12;08;710.63075567
6037978;1;1;1;90;2;;1;2;2;;2;;2;;2;;2;;2;;2;;2;;08;12;08;584.54315518
6037979;1;1;1;90;2;;1;5;2;;2;;2;;2;;2;;2;;2;;2;;08;12;08;522.11214149
6037979;1;2;1;90;2;;1;20;2;;2;;2;;2;;2;;2;;2;;2;;08;12;08;522.11214149
6037979;1;3;1;90;2;;1;15;2;;1;15;2;;2;;2;;2;;2;;2;;08;12;08;522.11214149
6037979;1;4;1;90;2;;1;2;2;;2;;2;;2;;2;;2;;2;;2;;08;12;08;522.11214149
6037980;1;1;1;90;2;;2;;2;;1;12;2;;2;;2;;2;;2;;2;;08;12;08;700.81498961
6037980;1;2;1;90;2;;1;21;2;;1;40;2;;2;;2;;2;;2;;2;;08;12;08;700.81498961
6037980;1;3;1;90;2;;2;;2;;2;;2;;2;;2;;2;;2;;2;;08;12;08;700.81498961
6037980;1;4;1;90;2;;1;4;2;;2;;2;;2;;2;;2;;2;;2;;08;12;08;700.81498961
6037981;1;1;1;90;2;;2;;2;;2;;2;;2;;2;;2;;2;;2;;08;12;08;567.57645877
6037981;1;2;1;90;2;;1;30;2;;2;;2;;2;;2;;2;;2;;2;;08;12;08;567.57645877
6037982;1;1;1;90;2;;1;10;2;;2;;2;;2;;2;;2;;2;;2;;08;12;08;675.83463112
6037982;1;2;1;90;2;;1;15;2;;1;10;2;;2;;2;;2;;2;;2;;08;12;08;675.83463112
6037982;1;3;1;90;2;;1;20;2;;1;25;2;;2;;2;;2;;2;;2;;08;12;08;675.83463112
6037982;2;1;2;90;2;;1;15;2;;1;15;2;;2;;2;;2;;2;;2;;08;12;08;675.83463112
6037982;2;2;2;90;2;;1;15;2;;1;15;2;;2;;2;;2;;2;;2;;08;12;08;675.83463112
6037982;3;1;3;90;2;;2;;2;;1;5;2;;2;;2;;2;;2;;2;;08;12;08;675.83463112
6037982;3;2;3;90;2;;1;25;2;;1;5;2;;2;;2;;2;;2;;2;;08;12;08;675.83463112
6037982;3;3;3;90;2;;1;10;2;;2;;2;;2;;2;;2;;2;;2;;08;12;08;675.83463112
6037982;4;1;4;90;2;;1;5;2;;2;;2;;2;;2;;2;;2;;2;;08;12;08;675.83463112
6037982;4;2;4;90;2;;1;20;2;;2;;2;;2;;2;;2;;2;;2;;08;12;08;675.83463112
6037982;4;3;4;90;2;;1;5;2;;2;;2;;2;;2;;2;;2;;2;;08;12;08;675.83463112
6037983;1;1;1;90;2;;2;;2;;2;;2;;2;;2;;2;;2;;2;;08;12;08;574.13013575
6037983;1;2;1;90;2;;1;21;2;;1;30;2;;2;;2;;2;;2;;2;;08;12;08;574.13013575
6037984;1;1;1;90;2;;1;17;2;;1;25;2;;2;;2;;2;;2;;2;;08;12;08;655.54749016
6037984;1;2;1;90;2;;2;;2;;2;;2;;2;;2;;2;;2;;2;;08;12;08;655.54749016
6037984;1;3;1;90;2;;2;;1;4;2;;2;;2;;2;;2;;2;;2;;08;12;08;655.54749016
6037984;1;4;1;90;2;;1;7;2;;2;;2;;2;;2;;2;;2;;2;;08;12;08;655.54749016
6037985;1;1;1;90;2;;1;24;2;;2;;2;;2;;2;;2;;2;;2;;08;12;08;522.70939486
6037985;1;2;1;90;2;;2;;2;;2;;2;;2;;2;;2;;2;;2;;08;12;08;522.70939486
6037985;1;3;1;90;2;;2;;2;;2;;2;;2;;2;;2;;2;;2;;08;12;08;522.70939486
6037986;1;1;1;90;2;;2;;2;;2;;2;;2;;2;;2;;2;;2;;08;12;08;704.22077233
6037987;1;1;1;90;2;;1;21;2;;2;;2;;2;;2;;2;;2;;2;;08;12;08;627.81463614
6037987;1;2;1;90;2;;1;35;2;;2;;2;;2;;2;;2;;2;;2;;08;12;08;627.81463614
6037987;1;3;1;90;2;;1;21;2;;2;;2;;2;;1;20;2;;2;;2;;08;12;08;627.81463614
6037987;1;4;1;90;2;;1;21;2;;2;;2;;2;;2;;2;;2;;2;;08;12;08;627.81463614
6037987;1;5;1;90;2;;1;15;2;;1;50;2;;2;;2;;2;;2;;2;;08;12;08;627.81463614
6037988;1;1;1;90;2;;1;8;2;;2;;2;;2;;2;;2;;2;;2;;08;12;08;721.75541775
6037988;1;2;1;90;2;;1;6;2;;2;;2;;2;;2;;2;;2;;2;;08;12;08;721.75541775
6037989;1;1;1;90;2;;1;20;2;;2;;2;;2;;2;;2;;2;;2;;08;12;08;665.36325622
6037989;1;2;1;90;2;;1;5;2;;2;;2;;2;;2;;2;;2;;2;;08;12;08;665.36325622
6037989;1;3;1;90;2;;1;3;2;;2;;2;;2;;2;;2;;2;;2;;08;12;08;665.36325622
6037989;1;4;1;90;2;;2;;2;;2;;2;;2;;2;;2;;2;;2;;08;12;08;665.36325622
6037991;1;1;1;90;2;;1;17;2;;1;17;1;17;2;;2;;2;;2;;2;;08;12;08;765.34269598
6037991;1;2;1;90;2;;1;14;2;;1;14;1;17;2;;2;;2;;2;;2;;08;12;08;765.34269598
6037991;1;3;1;90;2;;2;;2;;2;;2;;2;;2;;2;;2;;2;;08;12;08;765.34269598
6037991;1;5;1;90;2;;2;;2;;2;;2;;2;;2;;2;;2;;2;;08;12;08;765.34269598
6037991;1;6;1;90;2;;2;;2;;2;;2;;2;;2;;2;;2;;2;;08;12;08;765.34269598
6037991;1;7;1;90;2;;2;;2;;2;;2;;2;;2;;2;;2;;2;;08;12;08;765.34269598
6037992;1;1;1;90;2;;1;40;2;;1;15;2;;2;;2;;2;;2;;2;;08;12;08;800.79442937
6037992;1;2;1;90;2;;1;10;2;;2;;2;;2;;2;;2;;2;;2;;08;12;08;800.79442937
6037992;1;3;1;90;2;;2;;2;;2;;2;;2;;2;;2;;2;;2;;08;12;08;800.79442937
6037992;1;4;1;90;2;;2;;2;;1;5;2;;2;;2;;2;;2;;2;;08;12;08;800.79442937
6037992;1;5;1;90;2;;2;;2;;1;15;2;;2;;2;;2;;2;;2;;08;12;08;800.79442937
6037992;1;6;1;90;2;;1;15;2;;1;10;2;;2;;2;;2;;2;;2;;08;12;08;800.79442937
6037993;1;1;1;90;2;;2;;2;;2;;2;;2;;2;;2;;2;;2;;08;12;08;693.8077529
6037993;1;2;1;90;2;;1;36;2;;1;24;2;;2;;2;;2;;2;;2;;08;12;08;693.8077529
6037994;1;1;1;90;2;;1;15;2;;2;;2;;2;;2;;2;;2;;2;;08;12;08;579.6695054
6037994;1;2;1;90;2;;1;15;2;;1;15;2;;2;;2;;2;;2;;2;;08;12;08;579.6695054
6037994;1;3;1;90;2;;2;;2;;2;;2;;2;;2;;2;;2;;2;;08;12;08;579.6695054
6037995;1;1;1;90;2;;2;;2;;2;;2;;2;;2;;2;;2;;2;;08;12;08;665.36325622
6037995;1;2;1;90;2;;1;21;2;;2;;2;;2;;2;;2;;2;;2;;08;12;08;665.36325622
6037995;1;3;1;90;2;;1;18;2;;2;;2;;2;;2;;2;;2;;2;;08;12;08;665.36325622
6037995;1;4;1;90;2;;1;36;2;;2;;2;;2;;2;;2;;2;;2;;08;12;08;665.36325622
6037996;1;1;1;90;2;;1;24;2;;2;;2;;2;;2;;2;;2;;2;;08;12;08;652.79368848
6037996;1;2;1;90;2;;1;8;2;;2;;2;;2;;2;;2;;2;;2;;08;12;08;652.79368848
6037996;1;3;1;90;2;;1;8;2;;2;;2;;2;;2;;2;;2;;2;;08;12;08;652.79368848
6037997;1;1;1;90;2;;1;10;2;;2;;2;;2;;2;;2;;2;;2;;08;12;08;692.49885688
6037997;1;2;1;90;2;;1;12;2;;2;;2;;2;;2;;2;;2;;2;;08;12;08;692.49885688
6037997;1;3;1;90;2;;1;4;2;;2;;2;;2;;2;;2;;2;;2;;08;12;08;692.49885688
6037997;1;4;1;90;2;;2;;2;;2;;2;;2;;2;;2;;2;;2;;08;12;08;692.49885688
6037999;1;1;1;90;2;;1;21;2;;2;;2;;2;;2;;2;;2;;2;;08;12;08;647.94934305
6037999;1;2;1;90;2;;1;7;2;;2;;2;;2;;2;;2;;2;;2;;08;12;08;647.94934305
6038000;1;1;1;90;2;;1;6;2;;1;10;2;;2;;2;;2;;2;;2;;08;12;08;693.8077529
6038000;1;2;1;90;2;;1;15;2;;1;15;2;;2;;2;;2;;2;;2;;08;12;08;693.8077529
6038003;1;1;1;90;2;;2;;2;;2;;2;;2;;2;;2;;2;;2;;08;12;08;675.67585411
6038003;1;2;1;90;2;;1;21;2;;1;45;2;;2;;2;;2;;2;;2;;08;12;08;675.67585411
6038004;1;1;1;90;2;;1;20;2;;1;20;2;;2;;2;;2;;2;;2;;08;12;08;530.02783869
6038004;1;2;1;90;2;;1;8;2;;2;;2;;2;;2;;2;;2;;2;;08;12;08;530.02783869
6038004;1;3;1;90;2;;1;6;2;;2;;2;;2;;1;20;2;;2;;2;;08;12;08;530.02783869
6038005;1;1;1;90;2;;1;10;2;;1;10;2;;2;;2;;2;;2;;2;;08;12;08;662.69842051
6038005;1;2;1;90;2;;1;40;2;;1;40;2;;2;;2;;2;;2;;2;;08;12;08;662.69842051
6038005;1;5;1;90;2;;2;;2;;2;;2;;2;;2;;2;;2;;2;;08;12;08;662.69842051
6038006;1;1;1;90;2;;1;4;2;;2;;2;;2;;2;;2;;2;;2;;08;12;08;563.70359525
6038006;1;2;1;90;2;;1;24;2;;2;;2;;2;;2;;2;;2;;2;;08;12;08;563.70359525
6038006;1;3;1;90;2;;2;;2;;2;;2;;2;;2;;2;;2;;2;;08;12;08;563.70359525
6038006;1;4;1;90;2;;1;2;2;;2;;2;;2;;2;;2;;2;;2;;08;12;08;563.70359525
6038006;1;5;1;90;2;;1;8;2;;2;;2;;2;;2;;2;;2;;2;;08;12;08;563.70359525
6038006;1;6;1;90;2;;2;;2;;2;;2;;2;;2;;2;;2;;2;;08;12;08;563.70359525
6038007;1;1;1;90;2;;1;12;2;;2;;2;;2;;2;;2;;2;;2;;08;12;08;539.84360475
6038007;1;2;1;90;2;;1;12;2;;2;;2;;2;;2;;2;;2;;2;;08;12;08;539.84360475
6038007;1;3;1;90;2;;1;12;2;;2;;2;;2;;2;;2;;2;;2;;08;12;08;539.84360475
6038008;1;1;1;90;2;;2;;2;;2;;2;;2;;2;;2;;2;;2;;08;12;08;613.13045113
6038008;1;2;1;90;2;;2;;2;;2;;2;;2;;2;;2;;2;;2;;08;12;08;613.13045113
6038008;1;3;1;90;2;;1;2;2;;2;;2;;2;;2;;2;;2;;2;;08;12;08;613.13045113
6038008;1;4;1;90;2;;2;;2;;2;;2;;2;;2;;2;;2;;2;;08;12;08;613.13045113
6038008;1;6;1;90;2;;1;21;2;;1;30;1;30;2;;2;;2;;2;;2;;08;12;08;613.13045113
6038009;1;1;1;90;2;;1;5;2;;2;;2;;2;;2;;2;;2;;2;;08;12;08;485.16077477
6038009;1;2;1;90;2;;1;15;2;;2;;2;;2;;2;;2;;2;;2;;08;12;08;485.16077477
6038009;1;3;1;90;2;;1;40;2;;1;40;2;;2;;2;;2;;2;;2;;08;12;08;485.16077477
6038009;1;4;1;90;2;;1;2;2;;2;;2;;2;;2;;2;;2;;2;;08;12;08;485.16077477
6038010;1;1;1;90;2;;1;3;2;;2;;2;;2;;2;;2;;2;;2;;08;12;08;500.69784291
6038010;1;2;1;90;2;;1;20;2;;1;20;1;20;2;;2;;2;;2;;2;;08;12;08;500.69784291
6038010;1;3;1;90;2;;2;;2;;2;;2;;2;;2;;2;;2;;2;;08;12;08;500.69784291
6038010;1;4;1;90;2;;1;3;2;;2;;2;;2;;1;40;2;;2;;2;;08;12;08;500.69784291
6038010;1;5;1;90;2;;1;3;2;;2;;2;;2;;2;;2;;2;;2;;08;12;08;500.69784291
6038010;1;6;1;90;2;;2;;2;;2;;2;;2;;2;;2;;2;;2;;08;12;08;500.69784291
6038011;1;1;1;90;2;;1;10;2;;2;;2;;2;;2;;2;;2;;2;;08;12;08;706.18994313
6038011;1;2;1;90;2;;1;21;2;;2;;2;;2;;2;;2;;2;;2;;08;12;08;706.18994313
6038011;1;3;1;90;2;;2;;2;;2;;2;;2;;2;;2;;2;;2;;08;12;08;706.18994313
6038011;1;4;1;90;2;;1;10;2;;2;;2;;2;;2;;2;;2;;2;;08;12;08;706.18994313
6038011;1;5;1;90;2;;1;6;2;;2;;2;;2;;2;;2;;2;;2;;08;12;08;706.18994313
6038011;1;6;1;90;2;;2;;2;;2;;2;;2;;2;;2;;2;;2;;08;12;08;706.18994313
6038012;1;1;1;90;2;;2;;2;;2;;2;;2;;2;;2;;2;;2;;08;12;08;554.00856144
6038012;1;2;1;90;2;;1;40;2;;1;15;2;;2;;2;;2;;2;;2;;08;12;08;554.00856144
6038012;1;3;1;90;2;;1;15;2;;2;;2;;2;;2;;2;;2;;2;;08;12;08;554.00856144
6038012;1;4;1;90;2;;1;5;2;;2;;2;;2;;2;;2;;2;;2;;08;12;08;554.00856144
6038012;1;6;1;90;2;;2;;1;30;2;;2;;2;;2;;2;;2;;2;;08;12;08;554.00856144
6038013;1;1;1;90;2;;1;4;2;;2;;2;;2;;2;;2;;2;;2;;08;12;08;575.22869286
6038013;1;2;1;90;2;;1;21;2;;1;30;2;;2;;2;;2;;2;;2;;08;12;08;575.22869286
6038013;1;3;1;90;2;;1;2;2;;2;;2;;2;;2;;2;;2;;2;;08;12;08;575.22869286
6038013;1;4;1;90;2;;2;;2;;2;;2;;2;;2;;2;;2;;2;;08;12;08;575.22869286
6038013;1;5;1;90;2;;1;14;2;;2;;2;;2;;2;;2;;2;;2;;08;12;08;575.22869286
6038014;1;1;1;90;2;;2;;2;;2;;2;;2;;2;;2;;2;;2;;08;12;08;576.07634516
6038014;1;2;1;90;2;;1;15;2;;2;;2;;2;;2;;2;;2;;2;;08;12;08;576.07634516
6038014;1;3;1;90;2;;1;25;2;;1;15;2;;2;;2;;2;;2;;2;;08;12;08;576.07634516
6038014;1;4;1;90;2;;2;;2;;2;;2;;2;;2;;2;;2;;2;;08;12;08;576.07634516
6038014;1;5;1;90;2;;1;10;2;;2;;2;;2;;2;;2;;2;;2;;08;12;08;576.07634516
6038014;1;6;1;90;2;;2;;2;;2;;2;;2;;2;;2;;2;;2;;08;12;08;576.07634516
6038014;1;7;1;90;2;;1;5;2;;2;;2;;2;;2;;2;;2;;2;;08;12;08;576.07634516
6038014;1;8;1;90;2;;1;15;2;;2;;2;;2;;2;;2;;2;;2;;08;12;08;576.07634516
6038014;1;9;1;90;2;;1;10;2;;2;;2;;2;;2;;2;;2;;2;;08;12;08;576.07634516
6038015;1;1;1;90;2;;1;3;2;;2;;2;;2;;2;;2;;2;;2;;08;12;08;747.89268882
6038015;1;2;1;90;2;;1;20;2;;2;;2;;2;;2;;2;;2;;2;;08;12;08;747.89268882
6038015;1;3;1;90;2;;2;;2;;2;;2;;2;;2;;2;;2;;2;;08;12;08;747.89268882
6038015;1;4;1;90;2;;1;10;2;;1;15;2;;2;;2;;2;;2;;2;;08;12;08;747.89268882
6038015;1;6;1;90;2;;2;;2;;2;;2;;2;;2;;2;;2;;2;;08;12;08;747.89268882
6038015;1;7;1;90;2;;2;;2;;2;;2;;2;;2;;2;;2;;2;;08;12;08;747.89268882
6038016;1;1;1;90;2;;1;2;2;;2;;2;;2;;2;;2;;2;;2;;08;12;08;721.75541775
6038016;1;2;1;90;2;;1;28;2;;2;;2;;2;;2;;2;;2;;2;;08;12;08;721.75541775
6038017;1;1;1;90;2;;1;36;2;;2;;2;;2;;2;;2;;2;;2;;08;12;08;495.45985159
6038017;1;2;1;90;2;;1;21;2;;2;;2;;2;;2;;2;;2;;2;;08;12;08;495.45985159
6038017;1;3;1;90;2;;1;4;2;;2;;2;;2;;2;;2;;2;;2;;08;12;08;495.45985159
6038017;1;4;1;90;2;;1;2;2;;2;;2;;2;;2;;2;;2;;2;;08;12;08;495.45985159
6038017;1;5;1;90;2;;1;6;2;;2;;2;;2;;2;;2;;2;;2;;08;12;08;495.45985159
6038018;1;1;1;90;2;;1;10;2;;2;;2;;2;;2;;2;;2;;2;;08;12;08;575.29533813
6038018;1;2;1;90;2;;1;12;2;;2;;2;;2;;2;;2;;2;;2;;08;12;08;575.29533813
6038018;1;3;1;90;2;;2;;2;;2;;2;;2;;2;;2;;2;;2;;08;12;08;575.29533813
6038019;1;1;1;90;2;;2;;2;;2;;2;;2;;2;;2;;2;;2;;08;12;08;665.36325622
6038019;1;2;1;90;2;;1;21;2;;2;;2;;2;;2;;2;;2;;2;;08;12;08;665.36325622
6038019;1;3;1;90;2;;2;;2;;2;;2;;2;;2;;2;;2;;2;;08;12;08;665.36325622
6038019;1;4;1;90;2;;1;21;2;;2;;2;;2;;2;;2;;2;;2;;08;12;08;665.36325622
6038020;1;1;1;90;2;;1;15;2;;1;10;2;;2;;2;;2;;2;;2;;08;12;08;608.68963859
6038020;1;2;1;90;2;;2;;2;;2;;2;;2;;2;;2;;2;;2;;08;12;08;608.68963859
6038020;1;3;1;90;2;;2;;2;;2;;2;;2;;2;;2;;2;;2;;08;12;08;608.68963859
6038020;1;4;1;90;2;;2;;2;;2;;2;;2;;2;;2;;2;;2;;08;12;08;608.68963859
6038020;1;5;1;90;2;;1;5;2;;2;;2;;2;;2;;2;;2;;1;9;08;12;08;608.68963859
6038020;1;6;1;90;2;;1;10;2;;1;15;2;;2;;2;;2;;2;;2;;08;12;08;608.68963859
6038020;1;7;1;90;2;;1;15;2;;1;20;2;;2;;2;;2;;2;;2;;08;12;08;608.68963859
6038021;1;1;1;90;2;;1;7;2;;2;;2;;2;;2;;2;;2;;2;;08;12;08;396.32108047
6038021;1;2;1;90;2;;1;4;2;;2;;2;;2;;2;;2;;2;;2;;08;12;08;396.32108047
6038021;1;3;1;90;2;;2;;2;;2;;2;;2;;2;;2;;2;;2;;08;12;08;396.32108047
6038021;1;4;1;90;2;;2;;2;;2;;2;;2;;2;;2;;2;;2;;08;12;08;396.32108047
6038021;1;5;1;90;2;;1;7;2;;2;;2;;2;;2;;2;;2;;2;;08;12;08;396.32108047
6038021;1;6;1;90;2;;1;4;2;;2;;2;;2;;2;;2;;2;;2;;08;12;08;396.32108047
6038021;1;7;1;90;2;;1;4;2;;2;;2;;2;;2;;2;;2;;2;;08;12;08;396.32108047
6038021;1;8;1;90;2;;1;21;2;;1;35;2;;2;;2;;2;;2;;2;;08;12;08;396.32108047
6038021;1;9;1;90;2;;2;;2;;2;;2;;2;;2;;2;;2;;2;;08;12;08;396.32108047
6038021;1;11;1;90;2;;1;17;2;;1;25;2;;2;;2;;2;;2;;2;;08;12;08;396.32108047
6038021;1;12;1;90;2;;2;;2;;2;;2;;2;;2;;2;;2;;2;;08;12;08;396.32108047
6038021;1;13;1;90;2;;2;;2;;2;;2;;2;;2;;2;;2;;2;;08;12;08;396.32108047
6038022;1;1;1;90;2;;1;18;2;;2;;2;;2;;2;;2;;2;;2;;08;12;08;478.13057668
6038022;1;2;1;90;2;;2;;2;;2;;2;;2;;2;;2;;2;;2;;08;12;08;478.13057668
6038022;1;3;1;90;2;;1;12;2;;2;;2;;2;;2;;2;;2;;2;;08;12;08;478.13057668
6038022;1;4;1;90;2;;1;30;2;;2;;2;;2;;2;;2;;2;;2;;08;12;08;478.13057668
6038023;1;1;1;90;2;;1;3;2;;2;;2;;2;;2;;2;;2;;2;;08;12;08;658.03846943
6038023;1;2;1;90;2;;1;10;2;;2;;2;;2;;2;;2;;2;;2;;08;12;08;658.03846943
6038023;1;3;1;90;2;;2;;2;;2;;2;;2;;2;;2;;2;;2;;08;12;08;658.03846943
6038023;1;4;1;90;2;;1;20;2;;1;20;2;;2;;2;;2;;2;;2;;08;12;08;658.03846943
6038023;1;5;1;90;2;;2;;2;;1;15;2;;2;;2;;2;;2;;2;;08;12;08;658.03846943
6038024;1;1;1;90;2;;1;15;2;;2;;2;;2;;2;;2;;2;;2;;08;12;08;545.80637132
6038024;1;2;1;90;2;;1;15;2;;2;;2;;2;;2;;2;;2;;2;;08;12;08;545.80637132
6038024;1;3;1;90;2;;1;5;2;;2;;2;;2;;2;;2;;2;;2;;08;12;08;545.80637132
6038025;1;1;1;90;2;;1;21;2;;2;;2;;2;;2;;2;;2;;2;;08;12;08;704.22077233
6038026;1;1;1;90;2;;1;21;2;;2;;2;;2;;2;;2;;2;;2;;08;12;08;592.82998355
6038026;1;2;1;90;2;;2;;2;;2;;2;;2;;2;;2;;2;;2;;08;12;08;592.82998355
6038026;1;3;1;90;2;;1;21;2;;1;24;2;;2;;2;;2;;2;;2;;08;12;08;592.82998355
6038026;1;5;1;90;2;;1;21;2;;2;;2;;2;;2;;2;;2;;2;;08;12;08;592.82998355
6038027;1;1;1;90;2;;1;2;2;;1;5;2;;2;;2;;2;;2;;2;;08;12;08;711.93965169
6038027;1;2;1;90;2;;1;40;2;;1;40;2;;2;;2;;2;;2;;2;;08;12;08;711.93965169
6038028;1;1;1;90;2;;1;10;2;;2;;2;;2;;2;;2;;2;;2;;08;12;08;643.57517578
6038028;1;2;1;90;2;;1;20;2;;1;12;2;;2;;2;;2;;2;;2;;08;12;08;643.57517578
6038029;1;1;1;90;2;;2;;2;;2;;2;;2;;2;;2;;2;;2;;08;12;08;647.8286108
6038029;1;2;1;90;2;;2;;2;;2;;2;;2;;2;;2;;2;;2;;08;12;08;647.8286108
6038029;1;3;1;90;2;;1;15;2;;2;;2;;2;;2;;2;;2;;2;;08;12;08;647.8286108
6038030;1;1;1;90;2;;1;5;2;;1;15;2;;2;;2;;2;;2;;2;;08;12;08;643.57517578
6038030;1;2;1;90;2;;1;20;2;;1;28;2;;2;;2;;2;;2;;2;;08;12;08;643.57517578
6038031;1;1;1;90;2;;2;;2;;2;;2;;2;;2;;2;;2;;2;;08;12;08;625.44327699
6038031;1;2;1;90;2;;1;17;2;;1;25;2;;2;;2;;2;;2;;2;;08;12;08;625.44327699
6038032;1;1;1;90;2;;1;21;2;;2;;2;;2;;2;;2;;2;;2;;08;12;08;585.11110419
6038032;1;2;1;90;2;;1;6;2;;2;;2;;2;;2;;2;;2;;2;;08;12;08;585.11110419
6038032;1;3;1;90;2;;1;6;2;;2;;2;;2;;2;;2;;2;;2;;08;12;08;585.11110419
6038033;1;1;1;90;2;;1;10;2;;2;;2;;2;;2;;2;;2;;2;;08;12;08;698.65844129
6038033;1;2;1;90;2;;1;10;2;;2;;2;;2;;2;;2;;2;;2;;08;12;08;698.65844129
6038034;1;1;1;90;2;;1;14;2;;2;;2;;2;;2;;2;;2;;2;;08;12;08;533.71332469
6038034;1;2;1;90;2;;1;35;2;;2;;2;;2;;2;;2;;2;;2;;08;12;08;533.71332469
6038035;1;1;1;90;2;;1;22;2;;2;;2;;2;;2;;2;;2;;2;;08;12;08;597.11951256
6038035;1;2;1;90;2;;2;;2;;2;;2;;2;;2;;2;;2;;2;;08;12;08;597.11951256
6038035;1;3;1;90;2;;1;7;2;;2;;2;;2;;2;;2;;2;;2;;08;12;08;597.11951256
6038036;1;1;1;90;2;;1;21;2;;2;;1;28;2;;2;;2;;2;;2;;08;12;08;545.11769006
6038036;1;2;1;90;2;;2;;2;;2;;2;;2;;2;;2;;2;;2;;08;12;08;545.11769006
6038037;1;1;1;90;2;;1;25;2;;1;40;2;;2;;2;;2;;2;;2;;08;12;08;563.32302375
6038038;1;1;1;90;2;;1;7;2;;2;;2;;2;;2;;2;;2;;2;;08;12;08;584.54315518
6038040;1;1;1;90;2;;1;28;2;;1;42;2;;2;;2;;2;;2;;2;;08;12;08;513.1807624
6038040;1;2;1;90;2;;1;5;2;;1;15;2;;2;;2;;2;;2;;2;;08;12;08;513.1807624
6038041;1;1;1;90;2;;1;28;2;;1;35;2;;2;;2;;2;;2;;2;;08;12;08;534.28127371
6038041;1;2;1;90;2;;1;4;2;;2;;2;;2;;2;;2;;2;;2;;08;12;08;534.28127371
6038041;1;3;1;90;2;;1;21;2;;2;;2;;2;;2;;2;;2;;2;;08;12;08;534.28127371
6038041;1;4;1;90;2;;1;21;2;;2;;2;;2;;2;;2;;2;;2;;08;12;08;534.28127371
6038042;1;1;1;90;2;;2;;2;;2;;2;;2;;2;;2;;2;;2;;08;12;08;492.67428363
6038042;1;2;1;90;2;;2;;2;;2;;2;;2;;2;;2;;2;;2;;08;12;08;492.67428363
6038042;1;3;1;90;2;;1;10;2;;2;;2;;2;;2;;2;;2;;2;;08;12;08;492.67428363
6038042;1;4;1;90;2;;1;18;2;;1;30;2;;2;;2;;2;;2;;2;;08;12;08;492.67428363
6038042;1;6;1;90;2;;1;20;2;;1;28;2;;2;;2;;2;;2;;2;;08;12;08;492.67428363
6038043;1;1;1;90;2;;1;28;2;;2;;2;;2;;2;;2;;2;;2;;08;12;08;563.13564624
6038043;1;2;1;90;2;;1;21;2;;2;;2;;2;;2;;2;;2;;2;;08;12;08;563.13564624
6038043;1;3;1;90;2;;1;14;2;;2;;2;;2;;2;;2;;2;;2;;08;12;08;563.13564624
6038043;1;4;1;90;2;;1;21;2;;2;;2;;2;;2;;2;;2;;2;;08;12;08;563.13564624
6038045;1;1;1;90;2;;1;14;2;;2;;2;;2;;2;;2;;2;;2;;08;12;08;596.40152695
6038045;1;2;1;90;2;;1;35;2;;1;28;2;;2;;2;;2;;2;;2;;08;12;08;596.40152695
6038045;1;3;1;90;2;;1;21;2;;1;42;2;;2;;2;;2;;2;;2;;08;12;08;596.40152695
6038045;1;5;1;90;2;;1;21;2;;1;7;2;;2;;2;;2;;2;;2;;08;12;08;596.40152695
6038045;1;6;1;90;2;;1;21;2;;1;4;2;;2;;2;;2;;2;;2;;08;12;08;596.40152695
6038046;1;1;1;90;2;;2;;2;;2;;2;;2;;2;;2;;2;;2;;08;12;08;528.2717259
6038046;1;2;1;90;2;;1;21;2;;2;;1;35;2;;2;;2;;2;;2;;08;12;08;528.2717259
6038050;1;1;1;90;2;;1;3;2;;2;;2;;2;;2;;2;;2;;2;;08;12;08;522.70939486
6038050;1;2;1;90;2;;1;20;2;;2;;2;;2;;2;;2;;2;;2;;08;12;08;522.70939486
6038050;1;3;1;90;2;;1;10;2;;2;;2;;2;;2;;2;;2;;2;;08;12;08;522.70939486
6038051;1;1;1;90;2;;1;30;2;;2;;2;;2;;2;;2;;2;;2;;11;12;11;2746.5352024
6038051;1;2;1;90;2;;1;10;2;;2;;2;;2;;2;;2;;2;;2;;11;12;11;2746.5352024
6038051;1;3;1;90;2;;1;7;2;;2;;2;;2;;2;;2;;2;;2;;11;12;11;2746.5352024
6038051;1;4;1;90;2;;1;10;2;;2;;2;;2;;2;;2;;2;;2;;11;12;11;2746.5352024
6038052;1;1;1;90;2;;1;16;2;;2;;2;;2;;2;;2;;2;;2;;11;12;11;3721.8930183
6038052;1;2;1;90;2;;2;;2;;2;;2;;2;;2;;2;;2;;2;;11;12;11;3721.8930183
6038053;1;1;1;90;2;;1;10;2;;2;;2;;2;;2;;2;;2;;2;;11;12;11;3879.3478308
6038053;1;2;1;90;2;;1;10;2;;2;;2;;2;;2;;2;;2;;2;;11;12;11;3879.3478308
6038054;1;1;1;90;2;;2;;2;;2;;2;;2;;2;;2;;2;;2;;11;12;11;4219.9630013
6038054;1;2;1;90;2;;2;;2;;2;;2;;2;;2;;2;;2;;2;;11;12;11;4219.9630013
6038054;1;3;1;90;2;;1;30;2;;2;;2;;2;;2;;2;;2;;2;;11;12;11;4219.9630013
6038056;1;1;1;90;2;;1;20;2;;2;;2;;2;;2;;2;;2;;2;;11;12;11;3264.5253494
6038056;1;2;1;90;2;;2;;2;;2;;2;;2;;2;;2;;2;;2;;11;12;11;3264.5253494
6038056;1;3;1;90;2;;2;;2;;2;;2;;2;;2;;2;;2;;2;;11;12;11;3264.5253494
6038057;1;1;1;90;2;;2;;2;;2;;2;;2;;2;;2;;2;;2;;11;12;11;6056.6422403
6038057;1;2;1;90;2;;1;32;2;;1;25;2;;2;;2;;2;;2;;2;;11;12;11;6056.6422403
6038058;1;1;1;90;2;;1;12;2;;2;;2;;2;;2;;2;;2;;2;;11;12;11;4186.8921631
6038058;1;2;1;90;2;;1;32;2;;1;15;1;4;2;;2;;2;;2;;2;;11;12;11;4186.8921631
6038058;1;3;1;90;2;;1;12;2;;1;15;2;;2;;2;;2;;2;;2;;11;12;11;4186.8921631
6038058;1;4;1;90;2;;1;11;2;;2;;2;;2;;2;;2;;2;;2;;11;12;11;4186.8921631
6038059;1;1;1;90;2;;1;1;2;;2;;2;;2;;2;;2;;2;;2;;11;12;11;4219.9630013
6038059;1;2;1;90;2;;1;10;2;;2;;2;;2;;2;;2;;2;;2;;11;12;11;4219.9630013
6038059;1;3;1;90;2;;1;2;2;;2;;2;;2;;2;;2;;2;;2;;11;12;11;4219.9630013
6038060;1;1;1;90;2;;1;14;2;;2;;2;;2;;2;;2;;2;;2;;11;12;11;3010.2382025
6038060;1;2;1;90;2;;1;7;2;;2;;2;;2;;2;;2;;2;;1;8;11;12;11;3010.2382025
6038060;1;3;1;90;2;;1;30;2;;1;30;2;;2;;2;;2;;2;;2;;11;12;11;3010.2382025
6038061;1;1;1;90;2;;1;21;2;;2;;1;50;2;;2;;2;;2;;2;;11;12;11;3107.0705369
6038061;1;2;1;90;2;;2;;2;;2;;2;;2;;2;;2;;2;;2;;11;12;11;3107.0705369
6038061;1;3;1;90;2;;1;7;2;;2;;2;;2;;2;;2;;2;;2;;11;12;11;3107.0705369
6038062;1;1;1;90;2;;1;7;2;;2;;2;;2;;2;;2;;2;;2;;11;12;11;3361.3576838
6038062;1;2;1;90;2;;1;14;2;;2;;2;;2;;2;;2;;2;;2;;11;12;11;3361.3576838
6038062;1;3;1;90;2;;1;7;2;;2;;2;;2;;2;;2;;2;;2;;11;12;11;3361.3576838
6038063;1;1;1;90;2;;1;5;2;;2;;2;;2;;2;;2;;2;;2;;11;12;11;5904.0772398
6038063;1;2;1;90;2;;1;46;2;;1;40;2;;2;;2;;2;;2;;2;;11;12;11;5904.0772398
6038064;1;1;1;90;2;;2;;2;;2;;2;;2;;2;;2;;2;;2;;11;12;11;3264.5253494
6038064;1;2;1;90;2;;1;21;2;;2;;2;;2;;2;;2;;2;;2;;11;12;11;3264.5253494
6038064;1;3;1;90;2;;1;7;2;;2;;2;;2;;2;;2;;2;;2;;11;12;11;3264.5253494
6038066;1;1;1;90;2;;2;;2;;2;;2;;2;;2;;2;;2;;2;;11;12;11;3264.5253494
6038066;1;2;1;90;2;;1;12;2;;2;;2;;2;;2;;2;;2;;2;;11;12;11;3264.5253494
6038066;1;3;1;90;2;;1;2;2;;2;;2;;2;;1;15;2;;2;;2;;11;12;11;3264.5253494
6038067;1;1;1;90;2;;1;7;2;;2;;2;;2;;2;;2;;2;;2;;11;12;11;4474.2501482
6038067;1;2;1;90;2;;1;5;2;;2;;2;;2;;2;;2;;2;;2;;11;12;11;4474.2501482
6038067;1;3;1;90;2;;1;2;2;;2;;2;;2;;2;;2;;2;;2;;11;12;11;4474.2501482
6038068;1;1;1;90;2;;2;;2;;2;;2;;2;;2;;2;;2;;2;;11;12;11;3625.4058621
6038068;1;2;1;90;2;;1;30;2;;2;;2;;2;;2;;2;;2;;2;;11;12;11;3625.4058621
6038068;1;3;1;90;2;;1;14;2;;2;;2;;2;;2;;2;;2;;2;;11;12;11;3625.4058621
6038069;1;1;1;90;2;;1;49;2;;2;;2;;2;;2;;2;;2;;2;;11;12;11;3467.6058714
6038069;1;2;1;90;2;;1;12;2;;2;;2;;2;;2;;2;;2;;2;;11;12;11;3467.6058714
6038070;1;1;1;90;2;;2;;2;;2;;2;;2;;2;;1;40;2;;2;;11;12;11;2650.0480462
6038070;1;2;1;90;2;;1;32;2;;2;;2;;2;;2;;1;24;2;;2;;11;12;11;2650.0480462
6038070;1;3;1;90;2;;1;15;2;;2;;2;;2;;2;;2;;2;;2;;11;12;11;2650.0480462
6038070;1;4;1;90;2;;1;13;2;;2;;2;;2;;2;;2;;2;;2;;11;12;11;2650.0480462
6038070;1;5;1;90;2;;1;12;2;;2;;2;;2;;2;;2;;2;;2;;11;12;11;2650.0480462
6038071;1;1;1;90;2;;1;1;2;;2;;2;;2;;2;;2;;2;;2;;11;12;11;4514.7808325
6038072;1;1;1;90;2;;1;21;2;;2;;2;;2;;2;;2;;2;;2;;11;12;11;3879.3478308
6038072;1;2;1;90;2;;1;2;2;;2;;2;;2;;2;;2;;2;;2;;11;12;11;3879.3478308
6038073;1;1;1;90;2;;1;35;2;;2;;2;;2;;2;;2;;2;;2;;11;12;11;3701.6276761
6038073;1;2;1;90;2;;1;14;2;;2;;2;;2;;2;;2;;2;;2;;11;12;11;3701.6276761
6038073;1;3;1;90;2;;2;;2;;2;;2;;2;;2;;2;;2;;2;;11;12;11;3701.6276761
6038074;1;1;1;90;2;;1;7;2;;2;;2;;2;;2;;2;;2;;2;;11;12;11;3899.6131729
6038075;1;1;1;90;2;;1;12;2;;2;;2;;2;;2;;2;;2;;2;;11;12;11;4303.9898396
6038075;1;2;1;90;2;;2;;2;;2;;2;;2;;2;;2;;2;;2;;11;12;11;4303.9898396
6038075;1;4;1;90;2;;1;21;2;;1;50;2;;2;;2;;2;;2;;2;;11;12;11;4303.9898396
6038076;1;1;1;90;2;;1;10;2;;2;;2;;2;;2;;2;;2;;2;;11;12;11;3742.1583604
6038077;1;1;1;90;2;;1;35;2;;2;;2;;2;;2;;2;;2;;2;;11;12;11;3721.8930183
6038077;1;2;1;90;2;;1;5;2;;2;;2;;2;;2;;2;;2;;2;;11;12;11;3721.8930183
6038078;1;1;1;90;2;;2;;2;;2;;2;;2;;2;;2;;2;;2;;11;12;11;3127.335879
6038078;1;2;1;90;2;;1;20;2;;2;;2;;2;;2;;2;;2;;2;;11;12;11;3127.335879
6038079;1;1;1;90;2;;1;14;2;;2;;2;;2;;2;;2;;2;;2;;11;12;11;3742.1583604
6038080;1;1;1;90;2;;1;3;2;;2;;2;;2;;2;;2;;2;;2;;11;12;11;3401.8883681
6038082;1;1;1;90;2;;1;7;2;;2;;2;;2;;2;;2;;2;;2;;11;12;11;3584.5299996
6038082;1;2;1;90;2;;1;30;2;;2;;2;;2;;2;;2;;2;;2;;11;12;11;3584.5299996
6038082;1;3;1;90;2;;2;;2;;2;;2;;2;;2;;2;;2;;2;;11;12;11;3584.5299996
6038082;1;4;1;90;2;;1;14;2;;2;;2;;2;;2;;2;;2;;2;;11;12;11;3584.5299996
6038083;1;1;1;90;2;;1;20;2;;1;10;2;;2;;1;7;2;;2;;2;;11;12;11;2360.2757296
6038083;1;2;1;90;2;;1;5;2;;2;;2;;2;;2;;2;;2;;2;;11;12;11;2360.2757296
6038083;1;3;1;90;2;;1;5;2;;2;;2;;2;;2;;2;;2;;2;;11;12;11;2360.2757296
6038083;1;4;1;90;2;;1;5;2;;2;;2;;2;;2;;2;;2;;2;;11;12;11;2360.2757296
6038084;1;1;1;90;2;;1;5;2;;2;;2;;2;;2;;2;;2;;2;;11;12;11;3996.4455073
6038085;1;1;1;90;2;;2;;2;;2;;2;;2;;2;;2;;2;;2;;11;12;11;3625.4058621
6038085;1;2;1;90;2;;1;30;2;;2;;2;;2;;2;;2;;2;;2;;11;12;11;3625.4058621
6038085;1;3;1;90;2;;1;5;2;;2;;2;;2;;2;;2;;2;;2;;11;12;11;3625.4058621
6038086;1;1;1;90;2;;1;5;2;;1;10;2;;2;;2;;2;;2;;2;;11;12;11;4731.1073291
6038086;1;2;1;90;2;;1;10;2;;1;10;2;;2;;2;;2;;2;;2;;11;12;11;4731.1073291
6038087;1;1;1;90;2;;1;14;2;;2;;2;;2;;2;;2;;2;;2;;11;12;11;3879.693009
6038087;1;2;1;90;2;;1;21;2;;2;;2;;2;;2;;2;;2;;2;;11;12;11;3879.693009
6038087;1;3;1;90;2;;1;7;2;;2;;2;;2;;2;;2;;2;;2;;11;12;11;3879.693009
6038088;1;1;1;90;2;;1;3;2;;2;;2;;2;;2;;2;;2;;2;;11;12;11;3264.5253494
6038088;1;2;1;90;2;;1;38;2;;2;;2;;2;;2;;2;;2;;2;;11;12;11;3264.5253494
6038088;1;3;1;90;2;;1;3;2;;2;;2;;2;;2;;2;;2;;2;;11;12;11;3264.5253494
6038089;1;1;1;90;2;;1;12;2;;2;;2;;2;;2;;2;;2;;2;;11;12;11;4610.3256028
6038089;1;2;1;90;2;;1;7;2;;2;;2;;2;;2;;2;;2;;2;;11;12;11;4610.3256028
6038092;1;1;1;90;2;;1;7;2;;2;;2;;2;;2;;2;;2;;2;;11;12;11;3534.1880263
6038092;1;2;1;90;2;;1;21;2;;2;;2;;2;;2;;2;;2;;2;;11;12;11;3534.1880263
6038093;1;1;1;90;2;;1;28;2;;2;;2;;2;;2;;2;;2;;2;;11;12;11;3437.7008701
6038093;1;2;1;90;2;;1;7;2;;2;;2;;2;;2;;2;;2;;2;;11;12;11;3437.7008701
6038093;1;3;1;90;2;;1;7;2;;2;;2;;2;;2;;2;;2;;2;;11;12;11;3437.7008701
6038094;1;1;1;90;2;;1;10;2;;2;;2;;2;;2;;2;;2;;2;;11;12;11;3742.1583604
6038095;1;1;1;90;2;;1;30;2;;2;;2;;2;;2;;2;;2;;2;;11;12;11;3625.4058621
6038095;1;2;1;90;2;;2;;2;;2;;2;;2;;2;;2;;2;;2;;11;12;11;3625.4058621
6038095;1;3;1;90;2;;2;;2;;2;;2;;2;;2;;2;;2;;2;;11;12;11;3625.4058621
6038096;1;1;1;90;2;;2;;2;;2;;2;;2;;2;;2;;2;;2;;11;12;11;4941.8193269
6038096;1;2;1;90;2;;1;20;2;;2;;2;;2;;2;;2;;2;;2;;11;12;11;4941.8193269
6038096;1;5;1;90;2;;1;36;2;;2;;2;;2;;2;;2;;2;;2;;11;12;11;4941.8193269
6038096;1;6;1;90;2;;2;;2;;2;;2;;2;;2;;2;;2;;2;;11;12;11;4941.8193269
6038097;1;1;1;90;2;;1;10;2;;2;;2;;2;;2;;2;;2;;2;;11;12;11;4219.0206154
6038097;1;2;1;90;2;;2;;2;;2;;2;;2;;2;;2;;2;;2;;11;12;11;4219.0206154
6038097;1;3;1;90;2;;1;5;2;;2;;2;;2;;2;;2;;2;;2;;11;12;11;4219.0206154
6038097;1;4;1;90;2;;2;;2;;2;;2;;2;;2;;2;;2;;2;;11;12;11;4219.0206154
6038097;1;5;1;90;2;;1;35;2;;1;15;2;;2;;2;;2;;2;;2;;11;12;11;4219.0206154
6038098;1;1;1;90;2;;1;4;2;;2;;2;;2;;2;;2;;2;;2;;11;12;11;5959.8099059
6038098;1;2;1;90;2;;1;21;2;;2;;2;;2;;2;;2;;2;;2;;11;12;11;5959.8099059
6038099;1;1;1;90;2;;1;2;2;;2;;2;;2;;2;;2;;2;;2;;11;12;11;4494.5154904
6038099;1;2;1;90;2;;2;;2;;2;;2;;2;;2;;2;;2;;2;;11;12;11;4494.5154904
6038100;1;1;1;90;2;;1;15;2;;1;12;2;;2;;2;;2;;2;;2;;11;12;11;4590.0602606
6038100;1;2;1;90;2;;1;32;2;;1;18;2;;2;;2;;2;;2;;2;;11;12;11;4590.0602606
6038100;1;3;1;90;2;;1;10;2;;2;;2;;2;;2;;2;;2;;2;;11;12;11;4590.0602606
6038101;1;1;1;90;2;;1;10;2;;2;;2;;2;;2;;2;;2;;2;;11;12;11;3859.0824887
6038101;1;2;1;90;2;;1;7;2;;2;;2;;2;;2;;2;;2;;2;;11;12;11;3859.0824887
6038101;1;3;1;90;2;;1;7;2;;2;;2;;2;;2;;2;;2;;2;;11;12;11;3859.0824887
6038102;1;1;1;90;2;;1;3;2;;1;3;2;;2;;2;;2;;2;;2;;11;12;11;4116.2848477
6038102;1;2;1;90;2;;1;9;2;;1;15;2;;2;;2;;2;;2;;2;;11;12;11;4116.2848477
6038102;1;4;1;90;2;;1;28;2;;1;30;2;;2;;2;;2;;2;;2;;11;12;11;4116.2848477
6038104;1;1;1;90;2;;1;13;2;;1;12;2;;2;;2;;2;;2;;2;;11;12;11;3963.7198472
6038104;1;2;1;90;2;;1;20;2;;2;;2;;2;;2;;2;;2;;2;;11;12;11;3963.7198472
6038104;1;3;1;90;2;;1;30;2;;2;;2;;2;;2;;2;;2;;2;;11;12;11;3963.7198472
6038105;1;1;1;90;2;;1;7;2;;2;;2;;2;;2;;2;;2;;2;;11;12;11;3742.1583604
6038106;1;1;1;90;2;;1;34;2;;2;;2;;2;;2;;2;;2;;2;;11;12;11;3507.9630074
6038106;1;2;1;90;2;;1;3;2;;2;;2;;2;;2;;2;;2;;2;;11;12;11;3507.9630074
6038106;1;3;1;90;2;;1;3;2;;2;;2;;2;;2;;2;;2;;2;;11;12;11;3507.9630074
6038107;1;1;1;90;2;;2;;2;;2;;2;;2;;2;;2;;2;;2;;11;12;11;3010.2382025
6038107;1;2;1;90;2;;1;3;2;;2;;2;;2;;2;;2;;2;;2;;11;12;11;3010.2382025
6038107;1;3;1;90;2;;2;;2;;2;;2;;2;;2;;2;;2;;2;;11;12;11;3010.2382025
6038108;1;1;1;90;2;;1;5;2;;2;;2;;2;;2;;2;;2;;2;;11;12;11;4494.5154904
6038108;1;2;1;90;2;;1;4;2;;2;;2;;2;;2;;2;;2;;2;;11;12;11;4494.5154904
6038109;1;1;1;90;2;;1;5;2;;2;;2;;2;;2;;2;;2;;2;;11;12;11;2457.108064
6038109;1;2;1;90;2;;1;5;2;;2;;2;;2;;2;;2;;2;;2;;11;12;11;2457.108064
6038109;1;3;1;90;2;;1;4;2;;2;;2;;2;;2;;2;;2;;2;;11;12;11;2457.108064
6038109;1;4;1;90;2;;1;6;2;;2;;2;;2;;2;;2;;2;;2;;11;12;11;2457.108064
6038111;1;1;1;90;2;;1;5;2;;2;;2;;2;;2;;2;;2;;2;;11;12;11;3604.7953417
6038111;1;2;1;90;2;;1;30;2;;2;;2;;2;;2;;2;;2;;2;;11;12;11;3604.7953417
6038111;1;3;1;90;2;;1;7;2;;2;;2;;2;;2;;2;;2;;2;;11;12;11;3604.7953417
6038112;1;1;1;90;2;;2;;2;;2;;2;;2;;2;;2;;2;;2;;11;12;11;4026.4258113
6038112;1;2;1;90;2;;1;5;2;;2;;2;;2;;2;;2;;2;;2;;11;12;11;4026.4258113
6038112;1;3;1;90;2;;1;35;2;;1;15;2;;2;;2;;2;;2;;2;;11;12;11;4026.4258113
6038112;1;4;1;90;2;;1;10;2;;2;;2;;2;;2;;2;;2;;2;;11;12;11;4026.4258113
6038112;1;5;1;90;2;;1;10;2;;2;;2;;2;;2;;2;;2;;2;;11;12;11;4026.4258113
6038114;1;1;1;90;2;;1;4;2;;2;;2;;2;;2;;2;;2;;2;;11;12;11;4207.5026834
6038114;1;2;1;90;2;;2;;2;;2;;2;;2;;2;;2;;2;;2;;11;12;11;4207.5026834
6038114;1;3;1;90;2;;1;12;2;;2;;2;;2;;2;;2;;2;;2;;11;12;11;4207.5026834
6038114;1;5;1;90;2;;1;12;2;;2;;2;;2;;2;;2;;2;;2;;11;12;11;4207.5026834
6038116;1;1;1;90;2;;2;;2;;2;;2;;2;;2;;2;;2;;2;;11;12;11;4187.2373412
6038116;1;2;1;90;2;;1;30;2;;2;;2;;2;;2;;2;;2;;2;;11;12;11;4187.2373412
6038116;1;3;1;90;2;;1;5;2;;1;10;2;;2;;2;;2;;2;;2;;11;12;11;4187.2373412
6038116;1;5;1;90;2;;2;;2;;2;;2;;2;;2;;2;;2;;2;;11;12;11;4187.2373412
6038116;1;6;1;90;2;;1;5;2;;2;;2;;2;;2;;2;;2;;2;;11;12;11;4187.2373412
6038117;1;1;1;90;2;;2;;2;;2;;2;;2;;2;;2;;2;;2;;11;12;11;4240.2283435
6038117;1;2;1;90;2;;1;30;2;;2;;2;;2;;2;;2;;2;;2;;11;12;11;4240.2283435
6038118;1;1;1;90;2;;1;12;2;;2;;2;;2;;2;;2;;2;;2;;11;12;11;3996.4455073
6038119;1;1;1;90;2;;1;12;2;;1;7;2;;2;;2;;2;;2;;2;;11;12;11;3508.3081855
6038119;1;2;1;90;2;;2;;2;;2;;2;;2;;2;;2;;2;;2;;11;12;11;3508.3081855
6038119;1;3;1;90;2;;1;7;2;;2;;2;;2;;2;;2;;2;;2;;11;12;11;3508.3081855
6038119;1;4;1;90;2;;2;;2;;2;;2;;2;;2;;2;;2;;2;;11;12;11;3508.3081855
6038120;1;1;1;90;2;;1;10;1;40;2;;2;;2;;2;;2;;2;;2;;11;12;11;3866.8875129
6038120;1;2;1;90;2;;1;5;2;;2;;2;;2;;2;;2;;2;;2;;11;12;11;3866.8875129
6038120;1;3;1;90;2;;1;5;2;;2;;2;;2;;2;;2;;2;;2;;11;12;11;3866.8875129
6038122;1;1;1;90;2;;1;7;2;;2;;2;;2;;2;;2;;2;;2;;11;12;11;4707.1579371
6038122;1;2;1;90;2;;1;21;2;;2;;2;;2;;2;;2;;2;;2;;11;12;11;4707.1579371
6038123;1;1;1;90;2;;1;10;2;;2;;2;;2;;2;;2;;2;;2;;11;12;11;4578.5423286
6038123;1;2;1;90;2;;1;3;2;;1;3;2;;2;;2;;2;;2;;2;;11;12;11;4578.5423286
6038124;1;1;1;90;2;;1;15;2;;2;;2;;2;;2;;2;;2;;2;;11;12;11;4587.9121123
6038124;1;2;1;90;2;;1;15;2;;2;;2;;2;;2;;2;;2;;2;;11;12;11;4587.9121123
6038124;1;3;1;90;2;;1;15;2;;2;;2;;2;;2;;2;;2;;2;;11;12;11;4587.9121123
6038124;1;4;1;90;2;;2;;2;;2;;2;;2;;2;;2;;2;;2;;11;12;11;4587.9121123
6038124;1;5;1;90;2;;1;10;2;;2;;2;;2;;2;;2;;2;;2;;11;12;11;4587.9121123
6038124;1;8;1;90;2;;2;;2;;2;;2;;2;;2;;2;;2;;2;;11;12;11;4587.9121123
6038125;1;1;1;90;2;;1;10;2;;2;;2;;2;;2;;2;;2;;2;;11;12;11;2802.2678684
6038125;1;2;1;90;2;;2;;2;;2;;2;;2;;2;;2;;2;;2;;11;12;11;2802.2678684
6038125;1;3;1;90;2;;2;;2;;2;;2;;2;;2;;2;;2;;2;;11;12;11;2802.2678684
6038125;1;4;1;90;2;;1;14;2;;2;;2;;2;;2;;2;;2;;2;;11;12;11;2802.2678684
6038126;1;1;1;90;2;;1;7;2;;2;;2;;2;;2;;2;;2;;2;;11;12;11;2802.2678684
6038126;1;2;1;90;2;;1;3;2;;2;;2;;2;;2;;2;;2;;2;;11;12;11;2802.2678684
6038126;1;3;1;90;2;;1;5;2;;2;;2;;2;;2;;2;;2;;2;;11;12;11;2802.2678684
6038126;1;4;1;90;2;;1;5;2;;2;;2;;2;;2;;2;;2;;2;;11;12;11;2802.2678684
6038127;1;1;1;90;2;;1;15;2;;2;;2;;2;;2;;2;;2;;2;;11;12;11;3721.8930183
6038127;1;2;1;90;2;;1;8;2;;2;;2;;2;;2;;2;;2;;2;;11;12;11;3721.8930183
6038128;1;1;1;90;2;;1;34;2;;2;;2;;2;;2;;2;;2;;2;;11;12;11;3721.8930183
6038128;1;2;1;90;2;;1;2;2;;2;;2;;2;;2;;2;;2;;2;;11;12;11;3721.8930183
6038129;1;1;1;90;2;;1;5;2;;2;;2;;2;;2;;2;;2;;2;;11;12;11;4707.1579371
6038129;1;2;1;90;2;;1;10;2;;1;15;2;;2;;2;;2;;2;;2;;11;12;11;4707.1579371
6038130;1;1;1;90;2;;2;;2;;2;;2;;2;;2;;2;;2;;2;;11;12;11;2685.1701919
6038130;1;2;1;90;2;;1;7;2;;2;;2;;2;;2;;2;;2;;2;;11;12;11;2685.1701919
6038130;1;3;1;90;2;;1;28;2;;2;;2;;2;;1;3;2;;2;;2;;11;12;11;2685.1701919
6038130;1;4;1;90;2;;1;14;2;;2;;2;;2;;2;;2;;2;;2;;11;12;11;2685.1701919
6038130;1;5;1;90;2;;1;7;2;;2;;2;;2;;2;;2;;2;;2;;11;12;11;2685.1701919
6038131;1;1;1;90;2;;1;3;2;;1;10;2;;2;;2;;2;;2;;2;;11;12;11;4859.7229376
6038131;1;2;1;90;2;;1;35;2;;1;20;2;;2;;2;;2;;2;;2;;11;12;11;4859.7229376
6038132;1;1;1;90;2;;1;28;2;;1;21;2;;2;;2;;2;;2;;2;;11;12;11;7229.6121511
6038132;1;2;1;90;2;;2;;2;;2;;2;;2;;2;;2;;2;;2;;11;12;11;7229.6121511
6038133;1;1;1;90;2;;2;;2;;2;;2;;2;;2;;2;;2;;2;;11;12;11;2939.6308871
6038133;1;2;1;90;2;;1;10;2;;2;;2;;2;;2;;2;;2;;2;;11;12;11;2939.6308871
6038134;1;1;1;90;2;;1;40;2;;2;;2;;2;;2;;2;;2;;2;;11;12;11;2919.3655449
6038134;1;2;1;90;2;;1;7;2;;2;;2;;2;;2;;2;;2;;2;;11;12;11;2919.3655449
6038134;1;3;1;90;2;;1;10;2;;2;;2;;2;;1;8;2;;2;;2;;11;12;11;2919.3655449
6038135;1;1;1;90;2;;1;30;2;;2;;2;;2;;2;;2;;2;;2;;11;12;11;3742.1583604
6038136;1;1;1;90;2;;2;;2;;2;;2;;2;;2;;2;;2;;2;;11;12;11;3996.4455073
6038137;1;1;1;90;2;;1;30;2;;2;;2;;2;;2;;2;;2;;2;;11;12;11;3742.1583604
6038138;1;1;1;90;2;;1;14;2;;2;;2;;2;;2;;2;;2;;2;;11;12;11;4707.1579371
6038138;1;2;1;90;2;;1;10;2;;2;;2;;2;;2;;2;;2;;2;;11;12;11;4707.1579371
6038139;1;1;1;90;2;;1;15;2;;2;;2;;2;;2;;2;;2;;2;;11;12;11;2665.078398
6038139;1;2;1;90;2;;1;6;2;;2;;2;;2;;2;;2;;2;;2;;11;12;11;2665.078398
6038139;1;3;1;90;2;;1;9;2;;2;;2;;2;;2;;2;;2;;2;;11;12;11;2665.078398
6038140;1;1;1;90;2;;2;;2;;2;;2;;2;;2;;2;;2;;2;;11;12;11;2685.1701919
6038140;1;2;1;90;2;;1;40;2;;2;;2;;2;;2;;2;;2;;2;;11;12;11;2685.1701919
6038140;1;3;1;90;2;;2;;2;;2;;2;;2;;2;;2;;2;;2;;11;12;11;2685.1701919
6038140;1;4;1;90;2;;2;;2;;2;;2;;2;;2;;2;;2;;2;;11;12;11;2685.1701919
6038140;1;5;1;90;2;;2;;2;;2;;2;;2;;2;;2;;2;;2;;11;12;11;2685.1701919
6038141;1;1;1;90;2;;1;7;2;;2;;2;;2;;2;;2;;2;;2;;11;12;11;4578.5423286
6038141;1;2;1;90;2;;1;1;2;;2;;2;;2;;2;;2;;2;;2;;11;12;11;4578.5423286
6038142;1;1;1;90;2;;2;;2;;2;;2;;2;;2;;2;;2;;2;;11;12;11;4707.1579371
6038142;1;2;1;90;2;;1;49;2;;2;;2;;2;;2;;2;;2;;2;;11;12;11;4707.1579371
6038144;1;1;1;90;2;;1;12;2;;1;30;2;;2;;2;;2;;2;;2;;11;12;11;3742.1583604
6038145;1;1;1;90;2;;1;5;2;;2;;2;;2;;2;;2;;2;;2;;11;12;11;3996.4455073
6038146;1;1;1;90;2;;1;10;2;;2;;2;;2;;2;;2;;2;;2;;11;12;11;2787.0658867
6038146;1;2;1;90;2;;1;10;2;;2;;2;;2;;1;3;2;;2;;2;;11;12;11;2787.0658867
6038147;1;1;1;90;2;;2;;2;;2;;2;;2;;2;;2;;2;;2;;11;12;11;3996.4455073
6038149;1;1;1;90;2;;1;4;2;;2;;2;;2;;2;;2;;2;;2;;11;12;11;3721.8930183
6038149;1;2;1;90;2;;1;32;2;;2;;2;;2;;2;;2;;2;;2;;11;12;11;3721.8930183
6038150;1;1;1;90;2;;2;;2;;2;;2;;2;;2;;2;;2;;2;;11;12;11;3030.3299964
6038150;1;2;1;90;2;;1;40;2;;2;;2;;2;;2;;2;;2;;2;;11;12;11;3030.3299964
6038150;1;3;1;90;2;;1;4;2;;2;;2;;2;;2;;2;;2;;2;;11;12;11;3030.3299964
6038150;1;4;1;90;2;;1;2;2;;2;;2;;2;;2;;2;;2;;2;;11;12;11;3030.3299964
6038150;1;5;1;90;2;;1;30;2;;2;;2;;2;;2;;2;;2;;2;;11;12;11;3030.3299964
6038151;1;1;1;90;2;;1;14;2;;2;;2;;2;;2;;2;;2;;2;;11;12;11;2939.6308871
6038151;1;2;1;90;2;;2;;1;9;2;;2;;2;;2;;2;;2;;2;;11;12;11;2939.6308871
6038154;1;1;1;90;2;;1;14;2;;1;20;2;;2;;2;;2;;2;;2;;11;12;11;4578.5423286
6038154;1;2;1;90;2;;2;;2;;2;;2;;2;;2;;2;;2;;2;;11;12;11;4578.5423286
6038155;1;1;1;90;2;;1;30;2;;1;20;2;;2;;2;;2;;2;;2;;11;12;11;2919.3655449
6038155;1;2;1;90;2;;2;;2;;2;;2;;2;;2;;2;;2;;2;;11;12;11;2919.3655449
6038155;1;3;1;90;2;;1;14;2;;2;;2;;2;;2;;2;;2;;2;;11;12;11;2919.3655449
6038156;1;1;1;90;2;;1;32;2;;2;;2;;2;;2;;2;;2;;2;;11;12;11;3742.1583604
6038157;1;1;1;90;1;13;2;;2;;2;;2;;2;;2;;2;;2;;2;;11;12;11;3203.5055171
6038157;1;2;1;90;2;;1;19;2;;1;15;2;;2;;2;;2;;2;;2;;11;12;11;3203.5055171
6038157;1;3;1;90;2;;2;;2;;2;;2;;2;;2;;2;;2;;2;;11;12;11;3203.5055171
6038157;1;4;1;90;2;;1;10;2;;2;;2;;2;;2;;2;;2;;2;;11;12;11;3203.5055171
6038157;1;5;1;90;2;;1;6;2;;2;;2;;2;;2;;2;;2;;2;;11;12;11;3203.5055171
6038158;1;1;1;90;2;;2;;2;;2;;2;;2;;2;;2;;2;;2;;11;12;11;3381.6230259
6038158;1;2;1;90;2;;1;30;2;;2;;2;;2;;2;;2;;2;;2;;11;12;11;3381.6230259
6038159;1;1;1;90;2;;2;;2;;2;;2;;2;;2;;2;;2;;2;;11;12;11;3401.8883681
6038160;1;1;1;90;2;;1;7;2;;2;;2;;2;;2;;2;;2;;2;;11;12;11;3721.8930183
6038160;1;2;1;90;2;;1;28;2;;2;;2;;2;;2;;2;;2;;2;;11;12;11;3721.8930183
6038161;1;1;1;90;2;;1;12;2;;1;4;2;;2;;2;;2;;2;;2;;11;12;11;4364.6123177
6038161;1;2;1;90;2;;1;6;2;;2;;2;;2;;2;;2;;2;;2;;11;12;11;4364.6123177
6038161;1;4;1;90;2;;1;12;2;;2;;2;;2;;2;;2;;2;;2;;11;12;11;4364.6123177
6038163;1;1;1;90;2;;2;;2;;2;;2;;2;;2;;2;;2;;2;;11;12;11;4517.5224963
6038163;1;2;1;90;2;;1;37;2;;2;;2;;2;;2;;2;;2;;2;;11;12;11;4517.5224963
6038163;1;3;1;90;2;;1;3;2;;2;;2;;2;;2;;2;;2;;2;;11;12;11;4517.5224963
6038163;1;4;1;90;2;;1;3;2;;2;;2;;2;;2;;2;;2;;2;;11;12;11;4517.5224963
6038164;1;1;1;90;2;;1;17;2;;2;;2;;2;;2;;2;;2;;2;;11;12;11;3401.8883681
6038165;1;1;1;90;2;;1;30;2;;1;14;2;;2;;2;;2;;2;;2;;11;12;11;3147.4276729
6038165;1;2;1;90;2;;2;;2;;2;;2;;2;;2;;2;;2;;2;;11;12;11;3147.4276729
6038165;1;3;1;90;2;;1;16;2;;1;12;2;;2;;1;30;2;;2;;2;;11;12;11;3147.4276729
6038165;1;4;1;90;2;;1;6;2;;2;;2;;2;;2;;2;;2;;2;;11;12;11;3147.4276729
6038166;1;1;1;90;2;;1;21;2;;2;;2;;2;;2;;2;;2;;2;;11;12;11;3381.6230259
6038166;1;2;1;90;2;;1;14;2;;2;;2;;2;;2;;2;;2;;2;;11;12;11;3381.6230259
6038168;1;1;1;90;2;;2;;2;;2;;2;;2;;2;;2;;2;;2;;11;12;11;3762.5953324
6038168;1;2;1;90;2;;1;36;2;;2;;2;;2;;2;;2;;2;;2;;11;12;11;3762.5953324
6038168;1;3;1;90;2;;2;;2;;2;;2;;2;;2;;2;;2;;2;;11;12;11;3762.5953324
6038168;1;4;1;90;2;;2;;2;;2;;2;;2;;2;;2;;2;;2;;11;12;11;3762.5953324
6038169;1;1;1;90;2;;2;;2;;2;;2;;2;;2;;2;;2;;2;;11;12;11;3147.4276729
6038169;1;2;1;90;2;;1;30;2;;2;;2;;2;;2;;2;;2;;2;;11;12;11;3147.4276729
6038169;1;3;1;90;2;;1;35;2;;2;;2;;2;;2;;2;;2;;2;;11;12;11;3147.4276729
6038169;1;4;1;90;2;;1;2;2;;2;;2;;2;;2;;2;;2;;2;;11;12;11;3147.4276729
6038171;1;1;1;90;2;;1;12;2;;2;;2;;2;;2;;2;;2;;2;;11;12;11;2787.0658867
6038171;1;2;1;90;2;;2;;2;;2;;2;;2;;2;;2;;2;;2;;11;12;11;2787.0658867
6038172;1;1;1;90;2;;1;18;2;;2;;2;;2;;2;;2;;2;;2;;11;12;11;4240.2283435
6038172;1;2;1;90;2;;1;30;2;;2;;2;;2;;2;;2;;2;;2;;11;12;11;4240.2283435
6038173;1;1;1;90;2;;1;15;2;;2;;2;;2;;2;;2;;2;;2;;11;12;11;2324.8084057
6038173;1;2;1;90;2;;1;5;2;;2;;2;;2;;2;;2;;2;;2;;11;12;11;2324.8084057
6038173;1;3;1;90;2;;1;5;2;;2;;2;;2;;2;;2;;2;;2;;11;12;11;2324.8084057
6038174;1;1;1;90;2;;1;20;2;;1;15;2;;2;;2;;2;;2;;2;;11;12;11;4598.8076708
6038176;1;1;1;90;2;;1;5;2;;2;;2;;2;;2;;2;;2;;2;;11;12;11;2919.3655449
6038176;1;2;1;90;2;;1;35;2;;2;;2;;2;;2;;2;;2;;2;;11;12;11;2919.3655449
6038176;1;3;1;90;2;;1;15;2;;2;;2;;2;;2;;2;;2;;2;;11;12;11;2919.3655449
6038177;1;1;1;90;2;;2;;2;;2;;2;;2;;2;;2;;2;;2;;11;12;11;2457.108064
6038177;1;2;1;90;2;;1;3;2;;2;;2;;2;;2;;2;;2;;2;;11;12;11;2457.108064
6038177;1;3;1;90;2;;1;14;2;;2;;2;;2;;2;;2;;2;;2;;11;12;11;2457.108064
6038177;1;4;1;90;2;;1;14;2;;2;;2;;2;;2;;2;;2;;2;;11;12;11;2457.108064
6038178;1;1;1;90;2;;1;6;2;;2;;2;;2;;2;;2;;2;;2;;11;12;11;3513.9226842
6038178;1;2;1;90;2;;1;4;2;;2;;2;;2;;2;;2;;2;;2;;11;12;11;3513.9226842
6038178;1;3;1;90;2;;1;5;2;;2;;2;;2;;2;;2;;2;;2;;11;12;11;3513.9226842
6038179;1;1;1;90;2;;1;14;2;;2;;2;;2;;2;;2;;2;;2;;11;12;11;3996.4455073
6038180;1;1;1;90;2;;1;5;2;;2;;2;;2;;2;;2;;2;;2;;11;12;11;6402.1472229
6038180;1;2;1;90;2;;1;15;2;;1;15;2;;2;;2;;2;;2;;2;;11;12;11;6402.1472229
6038180;1;5;1;90;2;;2;;2;;2;;2;;2;;2;;2;;2;;2;;11;12;11;6402.1472229
6038181;1;1;1;90;2;;1;7;2;;2;;2;;2;;2;;2;;2;;2;;11;12;11;3381.6230259
6038181;1;2;1;90;2;;1;7;2;;2;;2;;2;;2;;2;;2;;2;;11;12;11;3381.6230259
6038184;1;1;1;90;2;;1;10;2;;1;15;2;;2;;2;;2;;2;;2;;11;12;11;5473.603033
6038184;1;2;1;90;2;;1;10;2;;2;;2;;2;;2;;2;;2;;2;;11;12;11;5473.603033
6038184;1;3;1;90;2;;1;15;2;;2;;2;;2;;2;;2;;2;;2;;11;12;11;5473.603033
6038186;1;1;1;90;2;;1;7;2;;2;;2;;2;;2;;2;;2;;2;;11;12;11;4598.8076708
6038187;1;1;1;90;2;;1;12;2;;2;;2;;2;;2;;2;;2;;2;;11;12;11;3742.1583604
6038188;1;1;1;90;2;;1;12;2;;1;35;2;;2;;2;;2;;2;;2;;11;12;11;5904.0772398
6038188;1;2;1;90;2;;1;10;2;;1;20;2;;2;;2;;2;;2;;2;;11;12;11;5904.0772398
6038189;1;1;1;90;2;;1;5;2;;2;;2;;2;;2;;2;;2;;2;;11;12;11;3381.6230259
6038189;1;2;1;90;2;;2;;2;;2;;2;;2;;2;;2;;2;;2;;11;12;11;3381.6230259
6038190;1;1;1;90;2;;1;35;2;;2;;2;;2;;2;;2;;2;;2;;11;12;11;3742.1583604
6038191;1;1;1;90;2;;1;12;2;;2;;2;;2;;2;;2;;2;;2;;11;12;11;2822.5332106
6038191;1;2;1;90;2;;1;10;2;;2;;2;;2;;2;;2;;2;;2;;11;12;11;2822.5332106
6038191;1;3;1;90;2;;1;12;2;;2;;2;;2;;2;;2;;2;;2;;11;12;11;2822.5332106
6038192;1;1;1;90;2;;1;7;2;;2;;2;;2;;1;12;2;;2;;2;;11;12;11;3244.2600073
6038192;1;2;1;90;2;;2;;2;;2;;2;;2;;2;;2;;2;;2;;11;12;11;3244.2600073
6038192;1;3;1;90;2;;1;6;2;;2;;2;;2;;2;;2;;2;;2;;11;12;11;3244.2600073
6038192;1;4;1;90;2;;1;4;2;;2;;2;;2;;2;;2;;2;;2;;11;12;11;3244.2600073
6038194;1;1;1;90;2;;1;10;2;;1;8;2;;2;;2;;2;;2;;2;;11;12;11;4707.1579371
6038194;1;2;1;90;2;;1;12;2;;1;8;2;;2;;2;;2;;2;;2;;11;12;11;4707.1579371
6038195;1;1;1;90;2;;2;;2;;2;;2;;2;;2;;2;;2;;2;;11;12;11;4096.0195055
6038195;1;2;1;90;2;;1;30;2;;1;10;2;;2;;1;8;2;;2;;2;;11;12;11;4096.0195055
6038195;1;3;1;90;2;;1;2;2;;2;;2;;2;;1;4;2;;2;;2;;11;12;11;4096.0195055
6038195;1;4;1;90;2;;1;2;2;;2;;2;;2;;2;;2;;2;;2;;11;12;11;4096.0195055
6038196;1;1;1;90;2;;2;;2;;2;;2;;2;;2;;2;;2;;2;;11;12;11;3162.8032029
6038196;1;2;1;90;2;;1;5;2;;2;;2;;2;;2;;2;;2;;2;;11;12;11;3162.8032029
6038196;1;3;1;90;2;;2;;2;;2;;2;;2;;2;;2;;2;;2;;11;12;11;3162.8032029
6038197;1;1;1;90;2;;1;2;2;;2;;2;;2;;2;;2;;2;;2;;11;12;11;4707.1579371
6038197;1;2;1;90;2;;1;3;2;;2;;2;;2;;2;;2;;2;;2;;11;12;11;4707.1579371
6038198;1;1;1;90;2;;2;;2;;2;;2;;2;;2;;2;;2;;2;;11;12;11;4240.2283435
6038198;1;2;1;90;2;;2;;2;;2;;2;;2;;2;;2;;2;;2;;11;12;11;4240.2283435
6038199;1;1;1;90;2;;2;;2;;2;;2;;2;;2;;2;;2;;2;;11;12;11;5904.0772398
6038199;1;2;1;90;2;;1;7;2;;1;21;2;;2;;2;;2;;2;;2;;11;12;11;5904.0772398
6038200;1;1;1;90;2;;1;2;2;;2;;2;;2;;2;;2;;2;;2;;11;12;11;4303.9898396
6038200;1;2;1;90;2;;1;10;2;;2;;2;;2;;2;;2;;2;;2;;11;12;11;4303.9898396
6038200;1;4;1;90;2;;2;;2;;2;;2;;2;;2;;2;;2;;2;;11;12;11;4303.9898396
6038201;1;1;1;90;2;;1;5;2;;2;;2;;2;;2;;2;;2;;2;;11;12;11;3437.7008701
6038201;1;2;1;90;2;;1;10;2;;2;;2;;2;;2;;2;;2;;2;;11;12;11;3437.7008701
6038201;1;3;1;90;2;;1;5;2;;2;;2;;2;;2;;2;;2;;2;;11;12;11;3437.7008701
6038206;1;1;1;90;2;;1;15;2;;2;;2;;2;;2;;2;;2;;2;;11;12;11;3467.6058714
6038206;1;2;1;90;2;;2;;2;;2;;2;;2;;2;;2;;2;;2;;11;12;11;3467.6058714
6038207;1;1;1;90;2;;1;2;2;;1;5;2;;2;;2;;2;;2;;2;;11;12;11;3665.5452987
6038207;1;2;1;90;2;;2;;2;;2;;2;;2;;2;;2;;2;;2;;11;12;11;3665.5452987
6038207;1;3;1;90;2;;1;5;2;;2;;2;;2;;2;;2;;2;;2;;11;12;11;3665.5452987
6038207;1;4;1;90;2;;2;;1;5;2;;2;;2;;2;;2;;2;;2;;11;12;11;3665.5452987
6038207;1;5;1;90;2;;2;;2;;2;;2;;2;;2;;2;;2;;2;;11;12;11;3665.5452987
6038208;1;1;1;90;2;;1;14;2;;2;;2;;2;;2;;2;;2;;1;20;11;12;11;4219.9630013
6038208;1;2;1;90;2;;1;60;2;;2;;2;;2;;2;;2;;2;;2;;11;12;11;4219.9630013
6038208;1;3;1;90;2;;1;5;2;;2;;2;;2;;2;;2;;2;;2;;11;12;11;4219.9630013
6038209;1;1;1;90;2;;1;15;2;;2;;2;;2;;2;;2;;2;;2;;11;12;11;3742.1583604
6038210;1;1;1;90;2;;1;9;2;;2;;2;;2;;2;;2;;2;;2;;11;12;11;4514.7808325
6038211;1;1;1;90;2;;1;15;2;;2;;2;;2;;2;;2;;2;;2;;11;12;11;3127.335879
6038211;1;2;1;90;2;;1;20;2;;2;;2;;2;;2;;2;;2;;2;;11;12;11;3127.335879
6038212;1;1;1;90;2;;2;;2;;2;;2;;2;;2;;2;;2;;2;;11;12;11;4514.7808325
6038217;1;1;1;90;2;;1;20;2;;2;;2;;2;;2;;2;;2;;2;;11;12;11;4646.1381048
6038217;1;2;1;90;2;;1;15;2;;1;10;2;;2;;2;;2;;2;;2;;11;12;11;4646.1381048
6038217;1;3;1;90;2;;1;5;2;;2;;2;;2;;2;;2;;2;;2;;11;12;11;4646.1381048
6038217;1;4;1;90;2;;1;5;2;;2;;2;;2;;2;;2;;2;;2;;11;12;11;4646.1381048
6038220;1;1;1;90;2;;2;;2;;2;;2;;2;;2;;2;;2;;1;2;11;12;11;3264.5253494
6038220;1;2;1;90;2;;1;12;2;;2;;2;;2;;2;;2;;2;;2;;11;12;11;3264.5253494
6038220;1;3;1;90;2;;1;5;2;;2;;2;;2;;2;;2;;2;;2;;11;12;11;3264.5253494
6038221;1;1;1;90;2;;1;4;2;;2;;2;;2;;2;;2;;2;;2;;11;12;11;2919.3655449
6038221;1;2;1;90;2;;2;;2;;2;;2;;2;;2;;2;;2;;2;;11;12;11;2919.3655449
6038221;1;3;1;90;2;;1;24;2;;2;;2;;2;;2;;2;;1;2;1;2;11;12;11;2919.3655449
6038222;1;1;1;90;2;;1;14;2;;2;;2;;2;;2;;2;;2;;2;;11;12;11;3401.8883681
6038223;1;1;1;90;2;;1;10;2;;2;;2;;2;;2;;2;;2;;2;;11;12;11;2669.9682101
6038223;1;2;1;90;2;;1;12;2;;2;;2;;2;;2;;2;;2;;2;;11;12;11;2669.9682101
6038223;1;3;1;90;2;;1;10;2;;2;;2;;2;;2;;2;;2;;2;;11;12;11;2669.9682101
6038224;1;1;1;90;2;;1;5;2;;2;;2;;2;;2;;2;;2;;2;;11;12;11;3996.4455073
6038225;1;1;1;90;2;;2;;2;;1;8;2;;2;;2;;2;;2;;2;;11;12;11;4859.7229376
6038225;1;2;1;90;2;;1;14;2;;1;14;2;;2;;2;;2;;2;;2;;11;12;11;4859.7229376
6038226;1;1;1;90;2;;1;3;2;;2;;2;;2;;2;;2;;2;;2;;11;12;11;3437.7008701
6038226;1;2;1;90;2;;1;10;2;;2;;2;;2;;2;;2;;2;;2;;11;12;11;3437.7008701
6038226;1;3;1;90;2;;1;6;2;;2;;2;;2;;1;5;2;;2;;2;;11;12;11;3437.7008701
6038227;1;1;1;90;2;;1;36;2;;2;;2;;2;;2;;2;;2;;2;;11;12;11;5047.4279295
6038227;1;2;1;90;2;;1;2;2;;2;;2;;2;;2;;2;;2;;2;;11;12;11;5047.4279295
6038228;1;1;1;90;2;;1;35;2;;1;10;2;;2;;1;4;2;;2;;2;;11;12;11;3742.1583604
6038229;1;1;1;90;2;;2;;2;;2;;2;;2;;2;;2;;2;;2;;11;12;11;4158.943169
6038229;1;2;1;90;2;;1;32;2;;2;;2;;2;;2;;2;;2;;2;;11;12;11;4158.943169
6038229;1;3;1;90;2;;1;7;2;;2;;1;5;2;;2;;2;;2;;2;;11;12;11;4158.943169
6038229;1;4;1;90;2;;1;2;2;;2;;2;;2;;2;;2;;2;;2;;11;12;11;4158.943169
6038229;1;5;1;90;2;;1;2;2;;2;;2;;2;;2;;2;;2;;2;;11;12;11;4158.943169
6038230;1;1;1;90;2;;1;14;2;;2;;2;;1;27;1;27;2;;2;;2;;11;12;11;3976.1801652
6038230;1;2;1;90;2;;1;6;2;;2;;2;;2;;2;;2;;2;;2;;11;12;11;3976.1801652
6038231;1;1;1;90;2;;1;7;2;;2;;2;;2;;2;;2;;2;;2;;11;12;11;2939.6308871
6038231;1;2;1;90;2;;1;2;2;;2;;2;;2;;2;;2;;2;;2;;11;12;11;2939.6308871
6038232;1;1;1;90;2;;1;5;2;;2;;2;;2;;2;;2;;1;10;1;5;11;12;11;3996.4455073
6038234;1;1;1;90;2;;1;1;2;;2;;2;;2;;2;;2;;2;;2;;11;12;11;2802.2678684
6038234;1;2;1;90;2;;1;48;2;;2;;2;;2;;2;;2;;2;;2;;11;12;11;2802.2678684
6038234;1;3;1;90;2;;2;;2;;2;;2;;2;;2;;2;;2;;2;;11;12;11;2802.2678684
6038234;1;4;1;90;2;;1;2;2;;2;;2;;2;;2;;2;;2;;2;;11;12;11;2802.2678684
6038235;1;1;1;90;2;;2;;2;;2;;2;;2;;2;;2;;2;;2;;11;12;11;4242.9700073
6038235;1;2;1;90;2;;1;21;2;;2;;2;;2;;2;;2;;2;;2;;11;12;11;4242.9700073
6038235;1;3;1;90;2;;1;6;2;;2;;2;;2;;2;;2;;2;;2;;11;12;11;4242.9700073
6038235;1;4;1;90;2;;1;6;2;;2;;2;;2;;2;;2;;2;;2;;11;12;11;4242.9700073
6038235;1;5;1;90;2;;1;7;2;;2;;2;;2;;2;;2;;2;;2;;11;12;11;4242.9700073
6038237;1;1;1;90;2;;1;6;2;;2;;2;;2;;2;;2;;2;;2;;11;12;11;3742.1583604
6038238;1;1;1;90;2;;1;4;2;;2;;2;;2;;2;;2;;2;;2;;11;12;11;3284.7906915
6038238;1;2;1;90;2;;1;3;2;;2;;2;;2;;2;;2;;2;;2;;11;12;11;3284.7906915
6038239;1;1;1;90;2;;2;;2;;2;;2;;2;;2;;2;;2;;2;;11;12;11;3721.8930183
6038239;1;2;1;90;2;;1;14;2;;2;;2;;2;;2;;2;;2;;2;;11;12;11;3721.8930183
6038242;1;1;1;90;2;;1;30;2;;2;;2;;2;;2;;2;;2;;2;;11;12;11;3279.9008794
6038242;1;2;1;90;2;;1;10;2;;2;;2;;2;;2;;2;;2;;2;;11;12;11;3279.9008794
6038243;1;1;1;90;2;;1;5;2;;2;;2;;2;;2;;2;;2;;2;;11;12;11;3996.4455073
6038244;1;1;1;90;2;;1;10;2;;2;;2;;2;;2;;2;;2;;2;;11;12;11;3401.8883681
6038258;1;1;1;90;2;;1;30;2;;1;21;2;;2;;2;;2;;2;;2;;11;12;11;4598.8076708
6038259;1;1;1;90;2;;1;14;2;;2;;2;;2;;2;;2;;2;;2;;11;12;11;5363.8913018
6038259;1;2;1;90;2;;1;14;2;;2;;2;;2;;2;;2;;2;;2;;11;12;11;5363.8913018
6038259;1;3;1;90;2;;1;7;2;;2;;2;;2;;2;;2;;2;;2;;11;12;11;5363.8913018
6038259;1;4;1;90;2;;2;;2;;2;;2;;2;;2;;2;;2;;2;;11;12;11;5363.8913018
6038259;1;5;1;90;2;;1;30;2;;1;30;2;;2;;2;;2;;2;;2;;11;12;11;5363.8913018
6038259;1;6;1;90;2;;2;;2;;2;;2;;2;;2;;2;;2;;2;;11;12;11;5363.8913018
6038260;1;1;1;90;2;;1;30;2;;2;;2;;2;;2;;2;;2;;2;;11;12;11;3427.0751871
6038260;1;2;1;90;2;;1;2;2;;2;;2;;2;;2;;2;;2;;2;;11;12;11;3427.0751871
6038260;1;3;1;90;2;;1;5;2;;2;;2;;2;;2;;2;;2;;2;;11;12;11;3427.0751871
6038260;1;4;1;90;2;;2;;2;;2;;2;;2;;2;;2;;2;;2;;11;12;11;3427.0751871
6038261;1;1;1;90;2;;1;30;2;;2;;2;;2;;2;;2;;2;;2;;11;12;11;4240.2283435
6038261;1;2;1;90;2;;1;7;2;;2;;2;;2;;2;;2;;2;;2;;11;12;11;4240.2283435
6038262;1;1;1;90;2;;1;20;2;;1;10;2;;2;;2;;2;;2;;2;;11;12;11;4265.1657983
6038262;1;2;1;90;2;;1;10;2;;2;;2;;2;;2;;2;;2;;2;;11;12;11;4265.1657983
6038263;1;1;1;90;2;;1;10;2;;1;5;2;;2;;2;;2;;2;;2;;11;12;11;4727.4232793
6038264;1;1;1;90;2;;1;14;2;;2;;2;;2;;2;;2;;2;;2;;11;12;11;4514.7808325
6038265;1;1;1;90;2;;1;10;2;;2;;2;;2;;2;;2;;2;;2;;11;12;11;2919.3655449
6038265;1;2;1;90;2;;1;5;2;;2;;2;;2;;2;;2;;2;;2;;11;12;11;2919.3655449
6038265;1;3;1;90;2;;1;10;2;;2;;2;;2;;2;;2;;2;;2;;11;12;11;2919.3655449
6038266;1;1;1;90;2;;1;7;2;;2;;2;;2;;2;;2;;2;;2;;11;12;11;3996.4455073
6038267;1;1;1;90;2;;1;10;2;;2;;1;7;2;;2;;2;;2;;2;;11;12;11;3996.4455073
6038268;1;1;1;90;2;;1;8;2;;2;;2;;2;;2;;2;;2;;2;;11;12;11;3264.5253494
6038268;1;2;1;90;2;;2;;2;;2;;2;;2;;2;;2;;2;;2;;11;12;11;3264.5253494
6038268;1;3;1;90;2;;1;14;2;;2;;2;;2;;2;;2;;2;;2;;11;12;11;3264.5253494
6038271;1;1;1;90;2;;1;2;2;;2;;2;;2;;2;;2;;2;;2;;11;12;11;6056.6422403
6038271;1;2;1;90;2;;1;28;2;;1;28;2;;2;;2;;2;;2;;2;;11;12;11;6056.6422403
6038273;1;1;1;90;2;;2;;2;;2;;2;;2;;2;;2;;2;;2;;11;12;11;3926.4317074
6038273;1;2;1;90;2;;1;60;2;;2;;2;;2;;2;;2;;2;;2;;11;12;11;3926.4317074
6038273;1;3;1;90;2;;1;14;2;;2;;2;;2;;2;;2;;2;;2;;11;12;11;3926.4317074
6038273;1;4;1;90;2;;1;7;2;;2;;2;;2;;2;;2;;2;;2;;11;12;11;3926.4317074
6038273;1;5;1;90;2;;1;14;2;;2;;2;;2;;2;;2;;2;;2;;11;12;11;3926.4317074
6038273;1;6;1;90;2;;1;14;2;;2;;2;;2;;2;;2;;2;;2;;11;12;11;3926.4317074
6038274;1;1;1;90;2;;1;12;2;;2;;2;;2;;2;;2;;2;;2;;11;12;11;3625.4058621
6038274;1;2;1;90;2;;1;32;2;;2;;2;;2;;2;;2;;2;;2;;11;12;11;3625.4058621
6038274;1;3;1;90;2;;1;8;1;5;2;;2;;2;;1;10;2;;2;;2;;11;12;11;3625.4058621
6038275;1;1;1;90;2;;1;10;2;;2;;2;;2;;2;;2;;2;;2;;11;12;11;4240.2283435
6038275;1;2;1;90;2;;1;10;2;;2;;2;;2;;2;;2;;2;;2;;11;12;11;4240.2283435
6038276;1;1;1;90;2;;1;5;2;;2;;2;;2;;2;;2;;2;;2;;11;12;11;3320.6031936
6038276;1;2;1;90;2;;1;35;2;;2;;2;;2;;2;;2;;2;;2;;11;12;11;3320.6031936
6038276;1;3;1;90;2;;1;5;2;;2;;2;;2;;2;;2;;2;;2;;11;12;11;3320.6031936
6038276;1;4;1;90;2;;1;15;2;;2;;2;;2;;2;;2;;2;;2;;11;12;11;3320.6031936
6038277;1;1;1;90;2;;1;32;2;;2;;2;;2;;2;;2;;2;;1;4;11;12;11;3721.8930183
6038277;1;2;1;90;2;;1;30;2;;2;;2;;2;;2;;2;;2;;2;;11;12;11;3721.8930183
6038280;1;1;1;90;2;;1;10;2;;1;15;2;;2;;2;;2;;2;;2;;11;12;11;5795.7269735
6038282;1;1;1;90;2;;1;20;2;;1;15;2;;2;;2;;2;;2;;2;;11;12;11;2629.4375259
6038282;1;2;1;90;2;;1;6;2;;2;;2;;2;;1;15;2;;2;;2;;11;12;11;2629.4375259
6038282;1;3;1;90;2;;1;12;2;;2;;2;;2;;2;;2;;2;;2;;11;12;11;2629.4375259
6038282;1;4;1;90;2;;1;21;2;;2;;2;;2;;2;;2;;2;;2;;11;12;11;2629.4375259
6038282;1;5;1;90;2;;2;;2;;2;;2;;2;;2;;2;;2;;2;;11;12;11;2629.4375259
6038283;1;1;1;90;2;;2;;2;;2;;2;;2;;2;;2;;2;;2;;11;12;11;7478.0670999
6038283;1;2;1;90;2;;1;14;2;;1;4;2;;2;;2;;2;;2;;2;;11;12;11;7478.0670999
6038283;1;3;1;90;2;;1;5;2;;2;;2;;2;;2;;2;;2;;2;;11;12;11;7478.0670999
6038283;1;5;1;90;2;;1;14;2;;1;21;2;;2;;2;;2;;2;;2;;11;12;11;7478.0670999
6038284;1;1;1;90;2;;1;14;2;;2;;2;;2;;2;;2;;2;;2;;11;12;11;5289.2547585
6038284;1;2;1;90;2;;2;;2;;2;;2;;2;;2;;2;;2;;2;;11;12;11;5289.2547585
6038284;1;5;1;90;2;;1;7;2;;2;;2;;2;;2;;2;;2;;2;;11;12;11;5289.2547585
6038285;1;1;1;90;2;;1;35;2;;2;;2;;2;;2;;2;;2;;2;;11;12;11;2787.0658867
6038285;1;2;1;90;2;;1;10;2;;2;;2;;2;;2;;2;;2;;2;;11;12;11;2787.0658867
6038286;1;1;1;90;2;;1;5;2;;2;;2;;2;;2;;2;;2;;2;;11;12;11;3381.6230259
6038286;1;2;1;90;2;;1;15;2;;2;;2;;2;;2;;2;;2;;2;;11;12;11;3381.6230259
6038287;1;1;1;90;2;;1;14;2;;1;6;2;;2;;2;;2;;2;;2;;11;12;11;4244.9004562
6038287;1;2;1;90;2;;1;7;2;;1;21;2;;2;;2;;2;;2;;2;;11;12;11;4244.9004562
6038287;1;3;1;90;2;;1;5;2;;2;;2;;2;;2;;2;;2;;2;;11;12;11;4244.9004562
6038288;1;1;1;90;2;;2;;2;;2;;2;;2;;2;;2;;2;;2;;11;12;11;4481.7099943
6038288;1;2;1;90;2;;1;30;2;;1;10;2;;2;;2;;2;;2;;2;;11;12;11;4481.7099943
6038289;1;1;1;90;2;;1;10;2;;1;10;2;;2;;2;;2;;2;;2;;11;12;11;4634.2749947
6038289;1;2;1;90;2;;1;30;2;;1;10;2;;2;;2;;2;;2;;2;;11;12;11;4634.2749947
6038290;1;1;1;90;2;;1;10;2;;2;;2;;2;;2;;2;;2;;2;;11;12;11;3996.4455073
6038291;1;1;1;90;2;;1;21;2;;2;;2;;2;;2;;2;;2;;2;;11;12;11;4265.1657983
6038291;1;2;1;90;2;;1;7;2;;2;;2;;2;;2;;2;;2;;2;;11;12;11;4265.1657983
6038292;1;1;1;90;2;;1;30;2;;1;8;2;;2;;2;;2;;2;;2;;11;12;11;3381.6230259
6038292;1;2;1;90;2;;1;14;2;;1;8;2;;2;;2;;2;;2;;2;;11;12;11;3381.6230259
6038293;1;1;1;90;2;;1;32;2;;1;15;2;;2;;2;;2;;2;;2;;11;12;11;3284.7906915
6038293;1;2;1;90;2;;1;6;2;;2;;2;;2;;2;;2;;2;;2;;11;12;11;3284.7906915
6038294;1;1;1;90;2;;1;30;2;;2;;2;;2;;2;;2;;2;;2;;11;12;11;4219.9630013
6038294;1;2;1;90;2;;1;7;2;;2;;2;;2;;2;;2;;2;;2;;11;12;11;4219.9630013
6038294;1;3;1;90;2;;1;7;2;;2;;2;;2;;2;;2;;2;;2;;11;12;11;4219.9630013
6038297;1;1;1;90;2;;1;35;2;;2;;2;;2;;2;;2;;2;;2;;11;12;11;3127.335879
6038297;1;2;1;90;2;;1;4;2;;2;;2;;2;;2;;2;;2;;2;;11;12;11;3127.335879
6038298;1;1;1;90;2;;1;32;1;18;1;18;2;;2;;2;;2;;2;;2;;11;12;11;3742.1583604
6038299;1;1;1;90;2;;1;15;2;;2;;2;;2;;2;;2;;2;;2;;11;12;11;4738.2983265
6038299;1;2;1;90;2;;1;10;2;;2;;2;;2;;2;;2;;2;;2;;11;12;11;4738.2983265
6038299;1;3;1;90;2;;2;;2;;2;;2;;2;;2;;2;;2;;2;;11;12;11;4738.2983265
6038300;1;1;1;90;2;;1;21;2;;1;14;2;;2;;2;;2;;2;;2;;11;12;11;5775.4616313
6038300;1;2;1;90;2;;2;;2;;1;14;2;;2;;2;;2;;2;;2;;11;12;11;5775.4616313
6038301;1;1;1;90;2;;1;30;2;;1;10;2;;2;;2;;2;;2;;2;;11;12;11;5831.5394755
6038301;1;2;1;90;2;;2;;2;;2;;2;;2;;2;;2;;2;;2;;11;12;11;5831.5394755
6038301;1;3;1;90;2;;1;10;2;;1;10;2;;2;;2;;2;;2;;2;;11;12;11;5831.5394755
6038302;1;1;1;90;2;;1;30;2;;2;;2;;2;;2;;2;;2;;2;;11;12;11;4219.9630013
6038302;1;2;1;90;2;;2;;2;;2;;2;;2;;2;;2;;2;;2;;11;12;11;4219.9630013
6038302;1;3;1;90;2;;2;;2;;2;;2;;2;;2;;2;;2;;2;;11;12;11;4219.9630013
6038303;1;1;1;90;2;;1;5;2;;1;14;2;;2;;2;;2;;2;;2;;11;12;11;4590.0602606
6038303;1;2;1;90;2;;1;2;2;;1;7;2;;2;;2;;2;;2;;2;;11;12;11;4590.0602606
6038303;1;3;1;90;2;;1;2;2;;1;7;2;;2;;2;;2;;2;;2;;11;12;11;4590.0602606
6038304;1;1;1;90;2;;2;;2;;2;;2;;2;;2;;2;;2;;2;;11;12;11;6056.6422403
6038304;1;2;1;90;2;;1;30;2;;1;10;2;;2;;2;;2;;2;;2;;11;12;11;6056.6422403
6038305;1;1;1;90;2;;1;6;2;;2;;2;;2;;2;;2;;2;;2;;11;12;11;4102.8653248
6038305;1;2;1;90;2;;2;;2;;2;;2;;2;;2;;2;;2;;2;;11;12;11;4102.8653248
6038305;1;3;1;90;2;;1;3;2;;2;;2;;2;;2;;2;;2;;2;;11;12;11;4102.8653248
6038305;1;4;1;90;2;;2;;2;;2;;2;;2;;2;;2;;2;;2;;11;12;11;4102.8653248
6038306;1;1;1;90;2;;1;32;2;;2;;2;;2;;2;;2;;2;;2;;11;12;11;3381.6230259
6038306;1;2;1;90;2;;1;12;2;;2;;2;;2;;2;;2;;2;;2;;11;12;11;3381.6230259
6038307;1;1;1;90;2;;2;;2;;2;;2;;2;;2;;2;;2;;2;;11;12;11;2802.2678684
6038307;1;2;1;90;2;;1;10;2;;2;;2;;2;;2;;2;;2;;2;;11;12;11;2802.2678684
6038307;1;3;1;90;2;;1;7;2;;2;;2;;2;;2;;2;;2;;2;;11;12;11;2802.2678684
6038307;1;4;1;90;2;;2;;2;;2;;2;;2;;2;;2;;2;;2;;11;12;11;2802.2678684
6038308;1;1;1;90;2;;1;14;2;;1;5;2;;2;;2;;2;;2;;2;;11;12;11;4256.3895301
6038308;1;2;1;90;2;;1;12;2;;2;;2;;2;;2;;2;;2;;2;;11;12;11;4256.3895301
6038308;1;4;1;90;2;;1;14;2;;1;8;2;;2;;2;;2;;2;;2;;11;12;11;4256.3895301
6038308;1;5;1;90;2;;1;14;2;;2;;2;;2;;2;;2;;2;;2;;11;12;11;4256.3895301
6038309;1;1;1;90;2;;1;15;2;;2;;2;;2;;2;;2;;2;;2;;11;12;11;3284.7906915
6038309;1;2;1;90;2;;2;;2;;2;;2;;2;;2;;2;;2;;2;;11;12;11;3284.7906915
6038310;1;1;1;90;2;;1;11;2;;1;7;2;;2;;2;;2;;2;;2;;11;12;11;3147.4276729
6038310;1;2;1;90;2;;1;7;2;;2;;2;;2;;2;;2;;2;;2;;11;12;11;3147.4276729
6038310;1;3;1;90;2;;1;14;2;;2;;2;;2;;2;;2;;2;;2;;11;12;11;3147.4276729
6038310;1;4;1;90;2;;1;14;2;;2;;2;;2;;2;;2;;2;;2;;11;12;11;3147.4276729
6038312;1;1;1;90;2;;1;12;2;;2;;2;;2;;2;;2;;2;;2;;11;12;11;3665.7629981
6038312;1;2;1;90;2;;1;10;2;;2;;2;;2;;2;;2;;2;;2;;11;12;11;3665.7629981
6038312;1;3;1;90;2;;1;3;2;;2;;2;;2;;2;;2;;2;;2;;11;12;11;3665.7629981
6038312;1;4;1;90;2;;1;1;2;;2;;2;;2;;2;;2;;2;;2;;11;12;11;3665.7629981
6038313;1;1;1;90;2;;2;;2;;2;;2;;2;;2;;2;;2;;2;;11;12;11;3427.0751871
6038313;1;2;1;90;2;;1;30;2;;2;;1;21;2;;2;;2;;2;;2;;11;12;11;3427.0751871
6038313;1;3;1;90;2;;2;;2;;2;;2;;2;;2;;2;;2;;2;;11;12;11;3427.0751871
6038313;1;4;1;90;2;;2;;2;;2;;2;;2;;2;;2;;2;;2;;11;12;11;3427.0751871
6038314;1;1;1;90;2;;1;14;2;;2;;2;;2;;2;;2;;2;;2;;11;12;11;4514.7808325
6038315;1;1;1;90;2;;1;2;2;;2;;2;;2;;2;;2;;2;;2;;11;12;11;4731.1073291
6038315;1;2;1;90;2;;1;30;2;;1;35;2;;2;;2;;2;;2;;2;;11;12;11;4731.1073291
6038316;1;1;1;90;2;;1;15;2;;2;;2;;2;;2;;2;;2;;2;;11;12;11;3996.4455073
6038317;1;1;1;90;2;;1;24;2;;2;;2;;2;;2;;2;;2;;2;;11;12;11;2822.5332106
6038317;1;2;1;90;2;;1;3;2;;2;;2;;2;;2;;2;;2;;2;;11;12;11;2822.5332106
6038317;1;3;1;90;2;;1;12;2;;2;;2;;2;;2;;2;;2;;2;;11;12;11;2822.5332106
6038318;1;1;1;90;2;;1;18;2;;2;;2;;2;;2;;2;;2;;2;;11;12;11;3401.8883681
6038319;1;1;1;90;2;;1;18;2;;2;;2;;2;;2;;2;;2;;2;;11;12;11;3127.335879
6038319;1;2;1;90;2;;1;12;2;;2;;2;;2;;2;;2;;2;;2;;11;12;11;3127.335879
6038320;1;1;1;90;2;;1;20;2;;2;;2;;2;;2;;2;;2;;2;;11;12;11;3279.9008794
6038320;1;2;1;90;2;;1;32;2;;2;;2;;2;;2;;2;;2;;2;;11;12;11;3279.9008794
6038324;1;1;1;90;2;;1;7;2;;2;;2;;2;;2;;2;;2;;2;;11;12;11;3742.1583604
6038326;1;1;1;90;2;;1;4;2;;2;;2;;2;;2;;2;;2;;2;;11;12;11;3534.1880263
6038326;1;2;1;90;2;;1;10;2;;2;;2;;2;;2;;2;;2;;2;;11;12;11;3534.1880263
6038327;1;1;1;90;2;;2;;2;;2;;2;;2;;2;;2;;2;;2;;11;12;11;4219.9630013
6038327;1;2;1;90;2;;1;32;2;;2;;2;;2;;2;;2;;2;;2;;11;12;11;4219.9630013
6038327;1;3;1;90;2;;2;;2;;2;;2;;2;;2;;2;;2;;2;;11;12;11;4219.9630013
6038328;1;1;1;90;2;;1;15;2;;2;;2;;2;;2;;2;;2;;2;;11;12;11;3742.1583604
6038329;1;1;1;90;2;;1;10;2;;2;;2;;2;;2;;2;;2;;2;;11;12;11;2649.702868
6038329;1;2;1;90;2;;1;15;2;;2;;2;;2;;2;;2;;2;;2;;11;12;11;2649.702868
6038329;1;3;1;90;2;;1;20;2;;2;;2;;2;;2;;2;;2;;2;;11;12;11;2649.702868
6038329;1;4;1;90;2;;2;;2;;2;;2;;2;;2;;2;;2;;2;;11;12;11;2649.702868
6038331;1;1;1;90;2;;1;1;2;;2;;2;;2;;2;;2;;2;;2;;11;12;11;4514.7808325
6038332;1;1;1;90;2;;1;10;2;;1;10;2;;2;;2;;2;;2;;2;;11;12;11;3782.6429752
6038332;1;2;1;90;2;;1;10;2;;1;12;2;;2;;2;;2;;2;;2;;11;12;11;3782.6429752
6038332;1;3;1;90;2;;1;32;2;;2;;2;;2;;2;;2;;2;;2;;11;12;11;3782.6429752
6038332;1;4;1;90;2;;1;6;2;;2;;2;;2;;2;;2;;2;;2;;11;12;11;3782.6429752
6038333;1;1;1;90;2;;1;7;2;;2;;2;;2;;2;;2;;2;;2;;11;12;11;4240.2283435
6038333;1;2;1;90;2;;2;;1;40;2;;2;;2;;2;;2;;2;;2;;11;12;11;4240.2283435
6038334;1;1;1;90;2;;1;14;2;;2;;2;;2;;1;5;2;;2;;2;;11;12;11;2787.0658867
6038334;1;2;1;90;2;;1;7;2;;2;;2;;2;;2;;2;;2;;2;;11;12;11;2787.0658867
6038335;1;1;1;90;2;;1;15;2;;2;;2;;2;;2;;2;;2;;2;;11;12;11;4590.0602606
6038335;1;2;1;90;2;;1;10;2;;2;;2;;2;;2;;2;;2;;2;;11;12;11;4590.0602606
6038335;1;3;1;90;2;;1;10;2;;2;;2;;2;;2;;2;;2;;2;;11;12;11;4590.0602606
6038336;1;1;1;90;2;;1;12;2;;2;;2;;2;;2;;2;;2;;2;;11;12;11;4199.6976592
6038336;1;2;1;90;2;;1;12;2;;2;;2;;2;;2;;2;;2;;2;;11;12;11;4199.6976592
6038336;1;3;1;90;2;;2;;2;;2;;2;;2;;2;;2;;2;;2;;11;12;11;4199.6976592
6038336;1;4;1;90;2;;1;5;2;;2;;2;;2;;2;;2;;2;;2;;11;12;11;4199.6976592
6038337;1;1;1;90;2;;1;32;2;;2;;2;;2;;2;;2;;2;;2;;11;12;11;3721.8930183
6038337;1;2;1;90;2;;1;10;2;;2;;2;;2;;2;;2;;2;;2;;11;12;11;3721.8930183
6038338;1;1;1;90;2;;2;;2;;2;;2;;2;;2;;2;;2;;2;;11;12;11;3381.6230259
6038338;1;2;1;90;2;;1;7;2;;2;;2;;2;;2;;2;;2;;2;;11;12;11;3381.6230259
6038340;1;1;1;90;2;;1;7;2;;2;;2;;2;;2;;2;;2;;2;;11;12;11;2172.2434053
6038340;1;2;1;90;2;;1;6;2;;2;;2;;2;;2;;2;;2;;2;;11;12;11;2172.2434053
6038340;1;3;1;90;2;;1;3;2;;2;;2;;2;;2;;2;;2;;2;;11;12;11;2172.2434053
6038342;1;1;1;90;2;;1;7;2;;2;;2;;2;;2;;2;;2;;2;;11;12;11;2939.6308871
6038342;1;2;1;90;2;;1;10;2;;2;;2;;2;;1;12;2;;2;;2;;11;12;11;2939.6308871
6038346;1;1;1;90;2;;1;5;2;;2;;2;;2;;2;;2;;2;;2;;11;12;11;3401.8883681
6038348;1;1;1;90;2;;1;10;2;;2;;2;;2;;2;;2;;2;;2;;11;12;11;4514.7808325
6038349;1;1;1;90;2;;1;7;2;;2;;2;;2;;2;;2;;2;;2;;11;12;11;3782.8606746
6038349;1;2;1;90;2;;1;7;2;;2;;2;;2;;2;;2;;2;;2;;11;12;11;3782.8606746
6038349;1;3;1;90;2;;1;7;2;;2;;2;;2;;2;;2;;2;;2;;11;12;11;3782.8606746
6038352;1;1;1;90;2;;1;10;2;;1;12;2;;2;;2;;2;;2;;2;;11;12;11;5321.9804185
6038353;1;1;1;90;2;;1;3;2;;2;;2;;2;;2;;2;;2;;2;;11;12;11;3996.4455073
6038354;1;1;1;90;2;;1;12;2;;2;;2;;2;;2;;2;;2;;2;;11;12;11;3554.4533685
6038355;1;1;1;90;2;;1;10;2;;2;;2;;2;;2;;2;;2;;2;;11;12;11;3381.6230259
6038355;1;2;1;90;2;;2;;2;;2;;2;;2;;2;;2;;2;;2;;11;12;11;3381.6230259
6038356;1;1;1;90;2;;2;;2;;2;;2;;2;;2;;2;;2;;2;;11;12;11;3163.1483811
6038356;1;2;1;90;2;;2;;2;;2;;2;;2;;2;;2;;2;;2;;11;12;11;3163.1483811
6038356;1;3;1;90;2;;1;20;2;;2;;2;;2;;2;;2;;2;;2;;11;12;11;3163.1483811
6038356;1;4;1;90;2;;1;5;2;;2;;2;;2;;2;;2;;2;;2;;11;12;11;3163.1483811
6038357;1;1;1;90;2;;1;6;2;;2;;2;;2;;2;;2;;2;;2;;11;12;11;3782.8606746
6038357;1;2;1;90;2;;1;12;2;;2;;2;;2;;2;;2;;2;;2;;11;12;11;3782.8606746
6038357;1;3;1;90;2;;1;3;2;;2;;2;;2;;2;;2;;2;;2;;11;12;11;3782.8606746
6038360;1;1;1;90;2;;1;5;2;;1;21;2;;2;;2;;2;;2;;2;;11;12;11;3419.8320136
6038360;1;2;1;90;2;;1;14;2;;1;14;2;;2;;2;;2;;2;;2;;11;12;11;3419.8320136
6038360;1;4;1;90;2;;2;;2;;2;;2;;2;;2;;2;;2;;2;;11;12;11;3419.8320136
6038360;1;5;1;90;2;;1;12;2;;2;;2;;2;;2;;2;;2;;2;;11;12;11;3419.8320136
6038360;1;6;1;90;2;;1;2;2;;2;;2;;2;;2;;2;;2;;2;;11;12;11;3419.8320136
6038360;1;7;1;90;2;;2;;2;;2;;2;;2;;2;;2;;2;;2;;11;12;11;3419.8320136
6038361;1;1;1;90;2;;1;12;2;;1;12;2;;2;;2;;2;;2;;2;;11;12;11;4187.2373412
6038361;1;2;1;90;2;;2;;2;;1;6;2;;2;;2;;2;;2;;2;;11;12;11;4187.2373412
6038361;1;4;1;90;2;;2;;2;;1;6;2;;2;;2;;2;;2;;2;;11;12;11;4187.2373412
6038361;1;5;1;90;2;;1;3;2;;1;3;2;;2;;2;;2;;2;;2;;11;12;11;4187.2373412
6038361;1;6;1;90;2;;1;10;2;;1;3;2;;2;;2;;2;;2;;2;;11;12;11;4187.2373412
6038362;1;1;1;90;2;;1;1;2;;2;;2;;2;;2;;2;;2;;2;;11;12;11;3381.6230259
6038362;1;2;1;90;2;;1;48;2;;2;;2;;2;;2;;2;;2;;2;;11;12;11;3381.6230259
6038363;1;1;1;90;2;;1;14;2;;2;;2;;2;;2;;2;;2;;2;;11;12;11;3030.3299964
6038363;1;2;1;90;2;;2;;2;;2;;2;;2;;2;;2;;2;;2;;11;12;11;3030.3299964
6038363;1;3;1;90;2;;2;;2;;2;;2;;2;;2;;2;;2;;2;;11;12;11;3030.3299964
6038363;1;4;1;90;2;;1;10;2;;2;;2;;2;;2;;2;;2;;2;;11;12;11;3030.3299964
6038363;1;5;1;90;2;;2;;2;;2;;2;;2;;2;;2;;2;;2;;11;12;11;3030.3299964
6038364;1;1;1;90;2;;1;14;2;;2;;2;;2;;2;;2;;2;;2;;11;12;11;2665.078398
6038364;1;2;1;90;2;;1;7;2;;2;;2;;2;;2;;2;;2;;2;;11;12;11;2665.078398
6038364;1;3;1;90;2;;2;;2;;2;;2;;2;;2;;2;;2;;2;;11;12;11;2665.078398
6038365;1;1;1;90;2;;1;14;2;;2;;2;;2;;2;;2;;2;;2;;11;12;11;3742.1583604
6038366;1;1;1;90;2;;1;14;2;;2;;2;;2;;2;;2;;2;;2;;11;12;11;4598.8076708
6038367;1;1;1;90;2;;2;;2;;1;14;2;;2;;2;;2;;2;;2;;11;12;11;6032.6928484
6038367;1;2;1;90;2;;1;30;2;;1;30;2;;2;;2;;2;;2;;2;;11;12;11;6032.6928484
6038368;1;1;1;90;2;;1;7;2;;2;;2;;2;;2;;2;;2;;2;;11;12;11;2919.3655449
6038368;1;2;1;90;2;;1;14;2;;2;;2;;2;;2;;2;;2;;2;;11;12;11;2919.3655449
6038368;1;3;1;90;2;;1;5;2;;2;;2;;2;;2;;2;;2;;2;;11;12;11;2919.3655449
6038369;1;1;1;90;2;;1;5;2;;1;2;2;;2;;2;;2;;2;;2;;11;12;11;4707.1579371
6038369;1;2;1;90;2;;1;14;2;;2;;2;;2;;2;;2;;2;;2;;11;12;11;4707.1579371
6038370;1;1;1;90;2;;1;5;2;;2;;2;;2;;2;;2;;2;;2;;11;12;11;3437.355692
6038370;1;2;1;90;2;;1;30;2;;2;;2;;2;;2;;2;;2;;2;;11;12;11;3437.355692
6038371;1;1;1;90;2;;2;;2;;2;;2;;2;;2;;2;;2;;2;;11;12;11;3381.6230259
6038371;1;2;1;90;2;;1;21;2;;2;;2;;2;;2;;2;;2;;2;;11;12;11;3381.6230259
6038372;1;1;1;90;2;;2;;2;;2;;2;;2;;2;;2;;2;;2;;11;12;11;4578.5423286
6038372;1;2;1;90;2;;1;14;2;;2;;2;;2;;2;;2;;2;;2;;11;12;11;4578.5423286
6038373;1;1;1;90;2;;1;14;2;;2;;2;;2;;2;;2;;2;;2;;11;12;11;4707.1579371
6038373;1;2;1;90;2;;1;30;2;;1;30;2;;2;;2;;2;;2;;2;;11;12;11;4707.1579371
6038374;1;1;1;90;2;;1;14;2;;2;;2;;2;;2;;2;;2;;2;;11;12;11;3742.1583604
6038375;1;1;1;90;2;;2;;2;;2;;2;;2;;2;;2;;2;;2;;11;12;11;3147.4276729
6038375;1;2;1;90;2;;2;;2;;2;;2;;2;;2;;2;;2;;2;;11;12;11;3147.4276729
6038375;1;3;1;90;2;;1;5;2;;2;;2;;2;;2;;2;;2;;2;;11;12;11;3147.4276729
6038375;1;4;1;90;2;;1;10;2;;2;;2;;2;;2;;2;;2;;2;;11;12;11;3147.4276729
6038376;1;1;1;90;2;;1;12;2;;2;;2;;2;;2;;2;;2;;2;;11;12;11;3996.4455073
6038377;1;1;1;90;2;;1;5;2;;2;;2;;2;;2;;2;;2;;2;;11;12;11;3401.8883681
6038378;1;1;1;90;2;;1;7;2;;2;;2;;2;;2;;2;;2;;2;;11;12;11;4324.0816334
6038378;1;2;1;90;2;;1;17;2;;2;;2;;2;;2;;2;;2;;2;;11;12;11;4324.0816334
6038378;1;3;1;90;2;;1;2;2;;2;;2;;2;;2;;2;;2;;2;;11;12;11;4324.0816334
6038378;1;4;1;90;2;;1;4;2;;2;;2;;2;;2;;2;;2;;2;;11;12;11;4324.0816334
6038378;1;6;1;90;2;;1;5;2;;2;;2;;2;;2;;2;;2;;2;;11;12;11;4324.0816334
6038379;1;1;1;90;2;;2;;2;;2;;2;;2;;2;;2;;2;;2;;11;12;11;3451.9604659
6038379;1;2;1;90;2;;1;14;2;;2;;2;;2;;2;;2;;2;;2;;11;12;11;3451.9604659
6038379;1;3;1;90;2;;1;7;2;;2;;2;;2;;2;;2;;2;;2;;11;12;11;3451.9604659
6038379;1;4;1;90;2;;1;24;2;;2;;2;;2;;2;;2;;2;;2;;11;12;11;3451.9604659
6038379;1;5;1;90;2;;2;;2;;2;;2;;2;;2;;2;;2;;2;;11;12;11;3451.9604659
6038379;1;6;1;90;2;;1;7;2;;2;;2;;2;;2;;2;;2;;2;;11;12;11;3451.9604659
6038379;1;7;1;90;2;;2;;2;;2;;2;;2;;2;;2;;2;;2;;11;12;11;3451.9604659
6038380;1;1;1;90;2;;2;;2;;2;;2;;2;;2;;2;;2;;2;;11;12;11;4240.2283435
6038380;1;2;1;90;2;;1;28;2;;2;;2;;2;;2;;2;;2;;2;;11;12;11;4240.2283435
6038381;1;1;1;90;2;;1;8;2;;2;;2;;2;;2;;2;;2;;2;;11;12;11;3381.6230259
6038381;1;2;1;90;2;;1;8;2;;2;;2;;2;;2;;2;;2;;2;;11;12;11;3381.6230259
6038382;1;1;1;90;2;;1;4;2;;2;;2;;2;;2;;2;;2;;2;;11;12;11;2822.5332106
6038382;1;2;1;90;2;;1;16;2;;2;;2;;2;;2;;2;;2;;2;;11;12;11;2822.5332106
6038382;1;3;1;90;2;;2;;2;;2;;2;;2;;2;;2;;2;;2;;11;12;11;2822.5332106
6038383;1;1;1;90;2;;1;5;2;;2;;2;;2;;2;;2;;2;;2;;11;12;11;3381.6230259
6038383;1;2;1;90;2;;1;20;2;;2;;2;;2;;2;;2;;2;;2;;11;12;11;3381.6230259
6038384;1;1;1;90;2;;1;14;2;;2;;2;;2;;2;;2;;2;;2;;11;12;11;3284.7906915
6038384;1;2;1;90;2;;1;7;2;;2;;2;;2;;2;;2;;2;;2;;11;12;11;3284.7906915
6038385;1;1;1;90;2;;1;6;2;;2;;2;;2;;2;;2;;2;;2;;11;12;11;7358.2277596
6038385;1;2;1;90;2;;1;5;2;;2;;2;;2;;2;;2;;2;;2;;11;12;11;7358.2277596
6038388;1;1;1;90;2;;1;21;2;;1;20;2;;2;;2;;2;;2;;2;;11;12;11;5216.371816
6038388;1;2;1;90;2;;1;28;2;;2;;2;;2;;2;;2;;2;;2;;11;12;11;5216.371816
6038388;1;3;1;90;2;;1;20;2;;1;15;2;;2;;2;;2;;2;;2;;11;12;11;5216.371816
6038389;1;1;1;90;2;;1;7;2;;2;;2;;2;;2;;2;;2;;2;;11;12;11;4102.8653248
6038389;1;2;1;90;2;;1;14;2;;2;;2;;2;;2;;2;;2;;2;;11;12;11;4102.8653248
6038389;1;3;1;90;2;;2;;2;;2;;2;;2;;2;;2;;2;;2;;11;12;11;4102.8653248
6038389;1;4;1;90;2;;1;3;2;;2;;2;;2;;2;;2;;2;;2;;11;12;11;4102.8653248
6038390;1;1;1;90;2;;1;2;2;;2;;2;;2;;2;;2;;2;;2;;11;12;11;3742.1583604
6038392;1;1;1;90;2;;1;7;2;;2;;1;18;2;;2;;2;;2;;2;;11;12;11;2665.078398
6038392;1;2;1;90;2;;1;7;2;;2;;1;7;2;;2;;2;;2;;2;;11;12;11;2665.078398
6038392;1;3;1;90;2;;2;;2;;2;;2;;2;;2;;2;;2;;2;;11;12;11;2665.078398
6038393;1;1;1;90;2;;2;;2;;2;;2;;2;;2;;2;;2;;2;;11;12;11;3721.8930183
6038393;1;2;1;90;2;;1;7;2;;2;;2;;2;;2;;2;;2;;2;;11;12;11;3721.8930183
6038394;1;1;1;90;2;;1;14;2;;2;;2;;2;;2;;2;;2;;2;;11;12;11;3401.8883681
6038395;1;1;1;90;2;;1;31;2;;2;;2;;2;;2;;2;;2;;2;;11;12;11;4136.5501898
6038395;1;2;1;90;2;;1;2;2;;2;;2;;2;;2;;2;;2;;2;;11;12;11;4136.5501898
6038396;1;1;1;90;2;;1;1;2;;2;;2;;2;;2;;2;;2;;2;;11;12;11;3381.6230259
6038396;1;2;1;90;2;;1;33;2;;2;;2;;2;;2;;2;;2;;2;;11;12;11;3381.6230259
6038397;1;1;1;90;2;;1;14;2;;2;;2;;2;;2;;2;;2;;2;;11;12;11;3401.8883681
6038398;1;1;1;90;2;;2;;2;;2;;2;;2;;2;;2;;2;;2;;11;12;11;3604.7953417
6038398;1;2;1;90;2;;2;;2;;1;10;2;;2;;2;;2;;2;;2;;11;12;11;3604.7953417
6038398;1;3;1;90;2;;2;;2;;2;;2;;2;;2;;2;;2;;2;;11;12;11;3604.7953417
6038399;1;1;1;90;2;;1;35;2;;2;;2;;2;;2;;2;;2;;2;;11;12;11;3467.6058714
6038399;1;2;1;90;2;;1;35;2;;2;;2;;2;;2;;2;;2;;2;;11;12;11;3467.6058714
6038400;1;1;1;90;2;;2;;2;;2;;2;;2;;2;;2;;2;;2;;11;12;11;4240.2283435
6038400;1;2;1;90;2;;2;;2;;2;;2;;2;;2;;2;;2;;2;;11;12;11;4240.2283435
6038401;1;1;1;90;2;;1;14;2;;2;;2;;2;;2;;2;;2;;2;;11;12;11;4461.4446521
6038401;1;2;1;90;2;;1;25;2;;2;;2;;2;;2;;2;;2;;2;;11;12;11;4461.4446521
6038401;1;3;1;90;2;;1;7;2;;2;;2;;2;;2;;2;;2;;2;;11;12;11;4461.4446521
6038402;1;1;1;90;2;;1;10;2;;2;;2;;2;;2;;2;;2;;2;;11;12;11;3401.8883681
6038403;1;1;1;90;2;;1;14;2;;2;;2;;2;;2;;2;;2;;2;;11;12;11;2324.8084057
6038403;1;2;1;90;2;;1;7;2;;2;;2;;2;;2;;2;;2;;2;;11;12;11;2324.8084057
6038403;1;3;1;90;2;;1;3;2;;2;;2;;2;;2;;2;;2;;2;;11;12;11;2324.8084057
6038404;1;1;1;90;2;;1;4;2;;2;;2;;2;;2;;2;;2;;2;;11;12;11;3401.8883681
6038405;1;1;1;90;2;;1;5;2;;2;;2;;2;;1;5;2;;2;;2;;11;12;11;3996.4455073
6038406;1;1;1;90;2;;1;7;2;;2;;2;;2;;2;;2;;2;;2;;11;12;11;3554.4533685
6038407;1;1;1;90;2;;2;;2;;2;;2;;2;;2;;2;;2;;2;;11;12;11;4707.1579371
6038407;1;2;1;90;2;;1;20;2;;1;35;2;;2;;2;;2;;2;;2;;11;12;11;4707.1579371
6038408;1;1;1;90;2;;2;;2;;2;;2;;2;;2;;2;;2;;2;;11;12;11;5289.2547585
6038408;1;2;1;90;2;;1;12;2;;2;;2;;2;;2;;2;;2;;2;;11;12;11;5289.2547585
6038408;1;5;1;90;2;;2;;2;;2;;2;;2;;2;;2;;2;;2;;11;12;11;5289.2547585
6038409;1;1;1;90;2;;1;5;2;;2;;2;;2;;2;;2;;2;;2;;11;12;11;3899.6131729
6038411;1;1;1;90;2;;1;6;2;;2;;2;;2;;2;;2;;2;;2;;11;12;11;3401.8883681
6038415;1;1;1;90;2;;1;13;2;;2;;2;;2;;2;;2;;2;;2;;11;12;11;2939.6308871
6038415;1;2;1;90;2;;1;7;2;;2;;2;;2;;2;;2;;2;;2;;11;12;11;2939.6308871
6038417;1;1;1;90;2;;1;3;2;;2;;2;;2;;2;;2;;2;;2;;11;12;11;2304.5430636
6038417;1;2;1;90;2;;1;15;2;;2;;2;;2;;2;;2;;2;;2;;11;12;11;2304.5430636
6038417;1;3;1;90;2;;1;5;2;;2;;2;;2;;2;;2;;2;;2;;11;12;11;2304.5430636
6038417;1;4;1;90;2;;1;6;2;;2;;2;;2;;2;;2;;2;;2;;11;12;11;2304.5430636
6038418;1;1;1;90;2;;2;;2;;2;;2;;2;;2;;2;;2;;2;;11;12;11;4240.2283435
6038418;1;2;1;90;2;;2;;2;;2;;2;;2;;2;;2;;2;;2;;11;12;11;4240.2283435
6038419;1;1;1;90;2;;1;7;2;;2;;2;;2;;2;;2;;2;;2;;11;12;11;3401.8883681
6038420;1;1;1;90;2;;1;12;2;;2;;2;;2;;1;9;2;;2;;2;;11;12;11;3782.8606746
6038420;1;2;1;90;2;;1;14;2;;2;;2;;2;;2;;2;;2;;2;;11;12;11;3782.8606746
6038420;1;3;1;90;2;;1;2;2;;2;;2;;2;;2;;2;;2;;2;;11;12;11;3782.8606746
6038421;1;1;1;90;2;;1;40;2;;2;;2;;2;;2;;2;;2;;2;;11;12;11;3742.1583604
6038424;1;1;1;90;2;;1;36;2;;2;;2;;2;;2;;2;;2;;2;;11;12;11;3990.6133093
6038424;1;2;1;90;2;;1;6;2;;2;;2;;2;;2;;2;;2;;2;;11;12;11;3990.6133093
6038424;1;3;1;90;2;;1;3;2;;2;;2;;2;;2;;2;;2;;2;;11;12;11;3990.6133093
6038425;1;1;1;90;2;;2;;2;;2;;2;;2;;2;;2;;2;;2;;11;12;11;3381.6230259
6038425;1;2;1;90;2;;1;14;2;;2;;2;;2;;2;;2;;2;;2;;11;12;11;3381.6230259
6038427;1;1;1;90;2;;1;3;2;;2;;2;;2;;2;;2;;2;;2;;11;12;11;3381.6230259
6038427;1;2;1;90;2;;1;5;2;;2;;2;;2;;2;;2;;2;;2;;11;12;11;3381.6230259
6038428;1;1;1;90;2;;1;4;2;;2;;2;;2;;2;;2;;2;;2;;11;12;11;3996.4455073
6038431;1;1;1;90;2;;1;15;2;;2;;2;;2;;2;;2;;2;;2;;11;12;11;4514.7808325
6038433;1;1;1;90;2;;1;20;2;;1;20;2;;2;;2;;2;;2;;2;;11;12;11;5207.6244058
6038433;1;2;1;90;2;;1;7;2;;1;15;2;;2;;2;;2;;2;;2;;11;12;11;5207.6244058
6038433;1;3;1;90;2;;1;5;2;;1;10;2;;2;;1;6;2;;2;;2;;11;12;11;5207.6244058
6038433;1;6;1;90;2;;1;7;2;;2;;2;;2;;2;;2;;2;;2;;11;12;11;5207.6244058
6038433;1;7;1;90;2;;1;7;2;;2;;2;;2;;2;;2;;2;;2;;11;12;11;5207.6244058
6038435;1;1;1;90;2;;1;4;2;;2;;2;;2;;2;;2;;2;;2;;11;12;11;3996.4455073
6038438;1;1;1;90;2;;1;12;2;;2;;2;;2;;2;;2;;2;;2;;11;12;11;4481.7099943
6038438;1;2;1;90;2;;1;7;2;;2;;2;;2;;2;;2;;2;;2;;11;12;11;4481.7099943
6038439;1;1;1;90;2;;1;12;2;;2;;2;;2;;2;;2;;2;;2;;11;12;11;3976.1801652
6038439;1;2;1;90;2;;1;12;2;;2;;2;;2;;2;;2;;2;;2;;11;12;11;3976.1801652
6038440;1;1;1;90;2;;1;15;2;;2;;2;;2;;2;;2;;2;;2;;11;12;11;2822.5332106
6038440;1;2;1;90;2;;1;7;2;;2;;2;;2;;2;;2;;2;;2;;11;12;11;2822.5332106
6038440;1;3;1;90;2;;1;4;2;;2;;2;;2;;2;;2;;2;;2;;11;12;11;2822.5332106
6038441;1;1;1;90;2;;1;30;2;;2;;2;;2;;2;;2;;2;;2;;11;12;11;3899.9583511
6038441;1;2;1;90;2;;1;2;2;;2;;2;;2;;2;;2;;2;;2;;11;12;11;3899.9583511
6038442;1;1;1;90;2;;1;6;2;;2;;2;;2;;2;;2;;2;;2;;11;12;11;3899.6131729
6038443;1;1;1;90;2;;1;7;2;;2;;2;;2;;2;;2;;2;;2;;11;12;11;2899.1002028
6038443;1;2;1;90;2;;1;30;2;;2;;2;;2;;2;;2;;2;;2;;11;12;11;2899.1002028
6038443;1;3;1;90;2;;1;5;2;;2;;2;;2;;2;;2;;2;;2;;11;12;11;2899.1002028
6038443;1;4;1;90;2;;1;20;2;;2;;2;;2;;2;;2;;2;;2;;11;12;11;2899.1002028
6038444;1;1;1;90;2;;2;;2;;2;;2;;2;;2;;2;;2;;2;;11;12;11;4240.2283435
6038444;1;2;1;90;2;;1;30;2;;2;;2;;2;;2;;2;;2;;2;;11;12;11;4240.2283435
6038456;1;1;1;90;2;;2;;2;;2;;2;;2;;2;;2;;2;;2;;13;12;13;272.46019587
6038456;1;2;1;90;2;;2;;2;;2;;2;;2;;2;;2;;2;;2;;13;12;13;272.46019587
6038456;1;3;1;90;2;;2;;2;;2;;2;;2;;2;;2;;2;;2;;13;12;13;272.46019587
6038456;1;4;1;90;2;;2;;2;;2;;2;;2;;2;;2;;2;;2;;13;12;13;272.46019587
6038458;1;1;1;90;2;;1;10;2;;2;;2;;2;;2;;2;;2;;2;;13;12;13;301.62189796
6038458;1;2;1;90;2;;1;10;2;;2;;2;;2;;2;;2;;2;;2;;13;12;13;301.62189796
6038459;1;1;1;90;2;;2;;2;;2;;2;;2;;2;;2;;2;;2;;13;12;13;445.22559068
6038459;1;2;1;90;2;;2;;2;;2;;2;;2;;2;;2;;2;;2;;13;12;13;445.22559068
6038459;1;3;1;90;2;;2;;2;;2;;2;;2;;2;;2;;2;;2;;13;12;13;445.22559068
6038460;1;1;1;90;2;;1;2;2;;2;;2;;2;;2;;2;;2;;2;;13;12;13;420.30084205
6038460;1;2;1;90;2;;1;15;2;;2;;2;;2;;2;;2;;2;;2;;13;12;13;420.30084205
6038461;1;1;1;90;2;;1;15;2;;2;;2;;2;;2;;2;;2;;2;;13;12;13;255.64116079
6038461;1;3;1;90;2;;1;15;2;;2;;2;;2;;2;;2;;2;;2;;13;12;13;255.64116079
6038462;1;1;1;90;2;;2;;2;;2;;2;;2;;2;;2;;2;;2;;13;12;13;430.60268365
6038462;1;2;1;90;2;;2;;2;;2;;2;;2;;2;;2;;2;;2;;13;12;13;430.60268365
6038463;1;1;1;90;2;;1;15;2;;2;;2;;2;;2;;2;;2;;2;;13;12;13;476.40233797
6038465;1;1;1;90;2;;1;30;2;;2;;2;;2;;2;;2;;2;;2;;13;12;13;514.56833662
6038465;1;2;1;90;2;;1;20;2;;2;;2;;2;;2;;2;;2;;2;;13;12;13;514.56833662
6038465;1;3;1;90;2;;1;10;2;;2;;2;;2;;2;;2;;2;;2;;13;12;13;514.56833662
6038466;1;1;1;90;2;;1;30;2;;2;;2;;2;;2;;2;;2;;2;;13;12;13;460.34577854
6038466;1;2;1;90;2;;1;15;2;;2;;2;;2;;2;;2;;2;;2;;13;12;13;460.34577854
6038466;1;3;1;90;2;;2;;2;;2;;2;;2;;2;;2;;2;;2;;13;12;13;460.34577854
6038467;1;1;1;90;2;;1;20;2;;2;;2;;2;;2;;2;;2;;2;;13;12;13;510.06618834
6038468;1;1;1;90;2;;1;20;2;;2;;2;;2;;2;;2;;2;;2;;13;12;13;453.96469242
6038468;1;2;1;90;2;;1;20;2;;2;;2;;2;;2;;2;;2;;2;;13;12;13;453.96469242
6038469;1;1;1;90;2;;1;20;2;;1;20;2;;2;;2;;2;;2;;2;;13;12;13;390.16512808
6038469;1;2;1;90;2;;1;20;2;;1;20;2;;2;;2;;2;;2;;2;;13;12;13;390.16512808
6038470;1;1;1;90;2;;1;20;2;;2;;2;;2;;2;;2;;2;;2;;13;12;13;474.96868557
6038470;1;2;1;90;2;;1;20;2;;2;;2;;2;;2;;2;;2;;2;;13;12;13;474.96868557
6038470;1;3;1;90;2;;1;15;2;;2;;2;;2;;2;;2;;2;;2;;13;12;13;474.96868557
6038470;1;4;1;90;2;;1;30;2;;1;40;2;;2;;2;;2;;2;;2;;13;12;13;474.96868557
6038471;1;1;1;90;2;;1;20;2;;2;;2;;2;;2;;2;;2;;2;;13;12;13;420.30084205
6038471;1;2;1;90;2;;1;30;2;;2;;2;;2;;2;;2;;2;;2;;13;12;13;420.30084205
6038472;1;1;1;90;2;;2;;2;;2;;2;;2;;2;;2;;2;;2;;13;12;13;364.19934613
6038472;1;2;1;90;2;;1;2;2;;2;;2;;2;;2;;2;;2;;2;;13;12;13;364.19934613
6038472;1;3;1;90;2;;1;2;2;;2;;2;;2;;2;;2;;2;;2;;13;12;13;364.19934613
6038473;1;1;1;90;2;;1;3;2;;2;;2;;2;;2;;2;;2;;2;;13;12;13;420.30084205
6038473;1;2;1;90;2;;1;10;2;;2;;2;;2;;2;;2;;2;;2;;13;12;13;420.30084205
6038474;1;1;1;90;2;;2;;2;;2;;2;;2;;2;;2;;2;;2;;13;12;13;497.58741397
6038474;1;2;1;90;2;;1;15;2;;2;;2;;2;;2;;2;;2;;2;;13;12;13;497.58741397
6038474;1;3;1;90;2;;2;;2;;2;;2;;2;;2;;2;;2;;2;;13;12;13;497.58741397
6038474;1;4;1;90;2;;1;10;2;;2;;2;;2;;2;;2;;2;;2;;13;12;13;497.58741397
6038475;1;1;1;90;2;;1;20;2;;2;;2;;2;;2;;2;;2;;2;;13;12;13;419.16494259
6038475;1;2;1;90;2;;1;10;2;;2;;2;;2;;2;;2;;2;;2;;13;12;13;419.16494259
6038475;1;3;1;90;2;;1;10;2;;2;;2;;2;;2;;2;;2;;2;;13;12;13;419.16494259
6038476;1;1;1;90;2;;1;10;2;;2;;2;;2;;2;;2;;2;;2;;13;12;13;375.54222105
6038477;1;1;1;90;2;;1;21;2;;2;;2;;2;;2;;2;;2;;2;;13;12;13;510.06618834
6038478;1;1;1;90;2;;1;20;2;;1;20;2;;2;;2;;2;;2;;2;;13;12;13;536.52750073
6038478;1;2;1;90;2;;1;20;2;;1;30;2;;2;;2;;2;;2;;2;;13;12;13;536.52750073
6038481;1;1;1;90;2;;2;;2;;2;;2;;2;;2;;2;;2;;2;;13;12;13;475.36130465
6038481;1;2;1;90;2;;2;;2;;2;;2;;2;;2;;2;;2;;2;;13;12;13;475.36130465
6038481;1;3;1;90;2;;1;20;2;;2;;2;;2;;2;;2;;2;;2;;13;12;13;475.36130465
6038482;1;1;1;90;2;;1;20;2;;2;;2;;2;;2;;2;;2;;2;;13;12;13;536.99898181
6038482;1;2;1;90;2;;1;30;2;;1;20;2;;2;;2;;2;;2;;2;;13;12;13;536.99898181
6038482;1;3;1;90;2;;1;10;2;;2;;2;;2;;2;;2;;2;;2;;13;12;13;536.99898181
6038482;1;4;1;90;2;;1;10;2;;2;;2;;2;;2;;2;;2;;2;;13;12;13;536.99898181
6038482;1;5;1;90;2;;2;;2;;2;;2;;2;;2;;2;;2;;2;;13;12;13;536.99898181
6038484;1;1;1;90;2;;1;10;2;;2;;2;;2;;2;;2;;2;;2;;13;12;13;469.17634697
6038484;1;2;1;90;2;;1;10;2;;2;;2;;2;;2;;2;;2;;2;;13;12;13;469.17634697
6038486;1;1;1;90;2;;1;12;2;;2;;2;;2;;2;;2;;2;;2;;13;12;13;436.14586525
6038486;1;2;1;90;2;;2;;2;;2;;2;;2;;2;;2;;2;;2;;13;12;13;436.14586525
6038487;1;1;1;90;2;;1;7;2;;2;;2;;2;;2;;2;;2;;2;;13;12;13;524.23680957
6038487;1;2;1;90;2;;1;21;2;;2;;2;;2;;2;;2;;2;;2;;13;12;13;524.23680957
6038487;1;3;1;90;2;;1;2;2;;2;;2;;2;;2;;2;;2;;2;;13;12;13;524.23680957
6038488;1;1;1;90;2;;1;14;2;;2;;2;;2;;2;;2;;2;;2;;13;12;13;376.76258683
6038488;1;2;1;90;2;;1;20;2;;1;28;2;;2;;2;;2;;2;;2;;13;12;13;376.76258683
6038488;1;3;1;90;2;;1;8;2;;2;;2;;2;;2;;2;;2;;2;;13;12;13;376.76258683
6038489;1;1;1;90;2;;1;15;2;;2;;2;;2;;2;;2;;2;;2;;13;12;13;510.06618834
6038490;1;1;1;90;2;;2;;2;;2;;2;;2;;2;;2;;2;;2;;13;12;13;435.51249661
6038490;1;2;1;90;2;;1;30;2;;2;;2;;2;;2;;2;;2;;2;;13;12;13;435.51249661
6038492;1;1;1;90;2;;1;20;2;;2;;2;;2;;2;;2;;2;;2;;13;12;13;510.06618834
6038493;1;1;1;90;2;;1;20;2;;2;;2;;2;;2;;2;;2;;2;;13;12;13;420.30084205
6038493;1;2;1;90;2;;1;20;2;;2;;2;;2;;2;;2;;2;;2;;13;12;13;420.30084205
6038494;1;1;1;90;2;;1;20;2;;1;20;2;;2;;2;;2;;2;;2;;13;12;13;397.13496171
6038494;1;2;1;90;2;;1;20;2;;2;;2;;2;;2;;2;;2;;2;;13;12;13;397.13496171
6038495;1;1;1;90;2;;1;20;2;;2;;2;;2;;2;;2;;2;;2;;13;12;13;495.07510749
6038495;1;2;1;90;2;;1;40;2;;1;20;2;;2;;2;;2;;2;;2;;13;12;13;495.07510749
6038495;1;3;1;90;2;;1;10;2;;2;;2;;2;;2;;2;;2;;2;;13;12;13;495.07510749
6038495;1;4;1;90;2;;1;10;2;;2;;2;;2;;2;;2;;2;;2;;13;12;13;495.07510749
6038495;1;5;1;90;2;;1;10;2;;1;20;2;;2;;2;;2;;2;;2;;13;12;13;495.07510749
6038496;1;1;1;90;2;;1;8;2;;1;8;2;;2;;2;;2;;2;;2;;13;12;13;390.16512808
6038496;1;2;1;90;2;;1;18;2;;1;28;2;;2;;2;;2;;2;;2;;13;12;13;390.16512808
6038497;1;1;1;90;2;;1;15;2;;2;;2;;2;;2;;2;;2;;2;;13;12;13;390.16512808
6038497;1;2;1;90;2;;1;15;2;;1;20;2;;2;;2;;2;;2;;2;;13;12;13;390.16512808
6038499;1;1;1;90;2;;1;16;2;;1;20;2;;2;;2;;2;;2;;2;;13;12;13;390.7538756
6038500;1;1;1;90;2;;2;;2;;2;;2;;2;;2;;2;;2;;2;;13;12;13;491.20632785
6038500;1;2;1;90;2;;1;30;2;;2;;2;;2;;2;;2;;2;;2;;13;12;13;491.20632785
6038500;1;3;1;90;2;;2;;2;;2;;2;;2;;2;;2;;2;;2;;13;12;13;491.20632785
6038501;1;1;1;90;2;;1;10;2;;2;;2;;2;;2;;2;;2;;2;;13;12;13;397.8631965
6038501;1;2;1;90;2;;1;4;2;;2;;2;;2;;2;;2;;2;;2;;13;12;13;397.8631965
6038501;1;3;1;90;2;;1;18;2;;2;;2;;2;;2;;2;;2;;2;;13;12;13;397.8631965
6038502;1;1;1;90;2;;2;;2;;2;;2;;2;;2;;2;;2;;2;;13;12;13;333.43026352
6038502;1;2;1;90;2;;1;14;2;;2;;2;;2;;2;;2;;2;;2;;13;12;13;333.43026352
6038502;1;5;1;90;2;;1;10;2;;1;10;2;;2;;2;;2;;2;;2;;13;12;13;333.43026352
6038503;1;1;1;90;2;;1;20;2;;2;;2;;2;;2;;2;;2;;2;;13;12;13;498.72331343
6038503;1;2;1;90;2;;1;20;2;;2;;2;;2;;2;;2;;2;;2;;13;12;13;498.72331343
6038503;1;3;1;90;2;;1;10;2;;2;;2;;2;;2;;2;;2;;2;;13;12;13;498.72331343
6038504;1;1;1;90;2;;2;;2;;2;;2;;2;;2;;2;;2;;2;;13;12;13;420.30084205
6038504;1;2;1;90;2;;1;21;2;;2;;2;;2;;2;;2;;2;;2;;13;12;13;420.30084205
6038505;1;1;1;90;2;;2;;2;;2;;2;;2;;2;;2;;2;;2;;13;12;13;301.62189796
6038505;1;2;1;90;2;;1;20;2;;2;;1;20;2;;2;;2;;2;;2;;13;12;13;301.62189796
6038506;1;1;1;90;2;;1;18;2;;2;;2;;2;;2;;2;;2;;2;;13;12;13;215.82185848
6038506;1;2;1;90;2;;1;12;2;;2;;2;;2;;2;;2;;2;;2;;13;12;13;215.82185848
6038506;1;3;1;90;2;;1;10;2;;2;;2;;2;;2;;2;;2;;2;;13;12;13;215.82185848
6038507;1;1;1;90;2;;1;10;2;;2;;2;;2;;2;;2;;2;;2;;13;12;13;476.40233797
6038508;1;1;1;90;2;;1;14;2;;2;;2;;2;;2;;2;;2;;2;;13;12;13;448.90803748
6038508;1;2;1;90;2;;1;16;2;;2;;2;;2;;2;;2;;2;;2;;13;12;13;448.90803748
6038508;1;3;1;90;2;;1;10;2;;2;;2;;2;;2;;2;;2;;2;;13;12;13;448.90803748
6038508;1;4;1;90;2;;1;10;2;;2;;2;;2;;2;;2;;2;;2;;13;12;13;448.90803748
6038509;1;1;1;90;2;;2;;2;;2;;2;;2;;2;;2;;2;;2;;13;12;13;401.63711
6038509;1;2;1;90;2;;1;30;2;;2;;2;;2;;2;;2;;2;;2;;13;12;13;401.63711
6038509;1;3;1;90;2;;1;6;2;;2;;2;;2;;2;;2;;2;;2;;13;12;13;401.63711
6038509;1;4;1;90;2;;1;3;2;;2;;2;;2;;2;;2;;2;;2;;13;12;13;401.63711
6038510;1;1;1;90;2;;1;10;2;;2;;2;;2;;2;;2;;2;;2;;13;12;13;375.54222105
6038511;1;1;1;90;2;;1;10;2;;1;12;2;;2;;2;;2;;2;;2;;13;12;13;320.82238214
6038511;1;4;1;90;2;;2;;2;;2;;2;;2;;2;;2;;2;;2;;13;12;13;320.82238214
6038512;1;1;1;90;2;;1;10;2;;2;;2;;2;;2;;2;;2;;2;;13;12;13;301.62189796
6038512;1;2;1;90;2;;2;;2;;2;;2;;2;;2;;2;;2;;2;;13;12;13;301.62189796
6038513;1;1;1;90;2;;1;10;2;;1;10;2;;2;;2;;2;;2;;2;;13;12;13;344.18439091
6038513;1;2;1;90;2;;1;15;2;;1;15;2;;2;;2;;2;;2;;2;;13;12;13;344.18439091
6038515;1;1;1;90;2;;1;15;2;;1;20;2;;2;;2;;2;;2;;2;;13;12;13;311.7426567
6038516;1;1;1;90;2;;1;14;2;;2;;2;;2;;2;;2;;2;;2;;13;12;13;510.06618834
6038517;1;1;1;90;2;;1;14;2;;2;;2;;2;;2;;2;;2;;2;;13;12;13;375.54222105
6038518;1;1;1;90;2;;2;;2;;2;;2;;2;;2;;2;;2;;2;;13;12;13;436.14586525
6038518;1;2;1;90;2;;1;25;2;;2;;2;;2;;2;;2;;2;;2;;13;12;13;436.14586525
6038519;1;1;1;90;2;;1;24;2;;2;;2;;2;;2;;2;;2;;2;;13;12;13;397.8631965
6038519;1;2;1;90;2;;1;24;2;;2;;2;;2;;2;;2;;2;;2;;13;12;13;397.8631965
6038519;1;3;1;90;2;;2;;2;;2;;2;;2;;2;;2;;2;;2;;13;12;13;397.8631965
6038521;1;1;1;90;2;;1;30;2;;2;;2;;2;;2;;2;;2;;2;;13;12;13;441.48591805
6038521;1;2;1;90;2;;1;8;2;;2;;2;;2;;2;;2;;2;;2;;13;12;13;441.48591805
6038521;1;3;1;90;2;;2;;2;;2;;2;;2;;2;;2;;2;;2;;13;12;13;441.48591805
6038521;1;4;1;90;2;;2;;2;;2;;2;;2;;2;;2;;2;;2;;13;12;13;441.48591805
6038521;1;5;1;90;2;;2;;2;;2;;2;;2;;2;;2;;2;;2;;13;12;13;441.48591805
6038522;1;1;1;90;2;;1;20;2;;2;;2;;2;;2;;2;;2;;2;;13;12;13;721.10929649
6038522;1;2;1;90;2;;1;30;2;;2;;2;;2;;2;;2;;2;;2;;13;12;13;721.10929649
6038522;1;3;1;90;2;;1;20;2;;2;;2;;2;;2;;2;;2;;2;;13;12;13;721.10929649
6038522;1;4;1;90;2;;1;30;2;;2;;2;;2;;2;;2;;2;;2;;13;12;13;721.10929649
6038522;1;5;1;90;2;;1;30;2;;1;20;2;;2;;2;;2;;2;;2;;13;12;13;721.10929649
6038522;1;6;1;90;2;;1;10;2;;2;;2;;2;;2;;2;;2;;2;;13;12;13;721.10929649
6038522;1;7;1;90;2;;1;10;2;;2;;2;;2;;2;;2;;2;;2;;13;12;13;721.10929649
6038522;1;8;1;90;2;;2;;2;;2;;2;;2;;2;;2;;2;;2;;13;12;13;721.10929649
6038522;1;9;1;90;2;;2;;2;;2;;2;;2;;2;;2;;2;;2;;13;12;13;721.10929649
6038522;1;10;1;90;2;;1;30;2;;2;;2;;2;;2;;2;;2;;2;;13;12;13;721.10929649
6038522;1;12;1;90;2;;1;10;2;;2;;2;;2;;2;;2;;2;;2;;13;12;13;721.10929649
6038523;1;1;1;90;2;;1;21;2;;2;;2;;2;;2;;2;;2;;2;;13;12;13;357.72339387
6038524;1;1;1;90;2;;1;10;2;;2;;1;20;2;;2;;2;;2;;2;;13;12;13;457.54247748
6038524;1;2;1;90;2;;2;;2;;2;;2;;2;;2;;2;;2;;2;;13;12;13;457.54247748
6038524;1;3;1;90;2;;2;;2;;2;;2;;2;;2;;2;;2;;2;;13;12;13;457.54247748
6038526;1;1;1;90;2;;2;;2;;2;;2;;2;;2;;2;;2;;2;;13;12;13;465.05946306
6038526;1;2;1;90;2;;1;21;2;;2;;1;35;2;;2;;2;;2;;2;;13;12;13;465.05946306
6038526;1;3;1;90;2;;2;;2;;2;;2;;2;;2;;2;;2;;2;;13;12;13;465.05946306
6038527;1;1;1;90;2;;1;16;2;;2;;2;;2;;2;;2;;2;;2;;13;12;13;436.14586525
6038527;1;2;1;90;2;;1;10;2;;2;;2;;2;;2;;2;;2;;2;;13;12;13;436.14586525
6038528;1;1;1;90;2;;1;10;2;;2;;2;;2;;2;;2;;2;;2;;13;12;13;455.2891236
6038528;1;2;1;90;2;;1;30;2;;1;20;2;;2;;2;;2;;2;;2;;13;12;13;455.2891236
6038528;1;3;1;90;2;;1;20;2;;2;;2;;2;;2;;2;;2;;2;;13;12;13;455.2891236
6038528;1;4;1;90;2;;1;20;2;;2;;2;;2;;2;;2;;2;;2;;13;12;13;455.2891236
6038528;1;5;1;90;2;;1;5;2;;2;;2;;2;;2;;2;;2;;2;;13;12;13;455.2891236
6038529;1;1;1;90;2;;1;10;2;;1;15;2;;2;;2;;2;;2;;2;;13;12;13;308.00298407
6038529;1;2;1;90;2;;1;10;2;;1;10;2;;2;;2;;2;;2;;2;;13;12;13;308.00298407
6038529;1;3;1;90;2;;1;2;2;;2;;2;;2;;2;;2;;2;;2;;13;12;13;308.00298407
6038530;1;1;1;90;2;;2;;2;;2;;2;;2;;2;;2;;2;;2;;13;12;13;420.30084205
6038530;1;2;1;90;2;;1;20;2;;2;;2;;2;;2;;2;;2;;2;;13;12;13;420.30084205
6038531;1;1;1;90;2;;2;;2;;2;;2;;2;;2;;2;;2;;2;;13;12;13;497.58741397
6038531;1;2;1;90;2;;1;15;2;;2;;2;;2;;2;;2;;2;;2;;13;12;13;497.58741397
6038531;1;3;1;90;2;;1;15;2;;2;;2;;2;;2;;2;;2;;2;;13;12;13;497.58741397
6038531;1;4;1;90;2;;1;15;2;;2;;2;;2;;2;;2;;2;;2;;13;12;13;497.58741397
6038532;1;1;1;90;2;;1;10;2;;1;15;2;;2;;2;;2;;2;;2;;13;12;13;421.58502424
6038532;1;2;1;90;2;;1;8;2;;1;15;2;;2;;2;;2;;2;;2;;13;12;13;421.58502424
6038532;1;3;1;90;2;;1;2;2;;2;;2;;2;;2;;2;;2;;2;;13;12;13;421.58502424
6038532;1;4;1;90;2;;1;3;2;;2;;2;;2;;2;;2;;2;;2;;13;12;13;421.58502424
6038532;1;5;1;90;2;;1;1;2;;2;;2;;2;;2;;2;;2;;2;;13;12;13;421.58502424
6038532;1;6;1;90;2;;1;10;2;;2;;1;6;2;;2;;2;;2;;2;;13;12;13;421.58502424
6038532;1;7;1;90;2;;1;10;2;;2;;2;;2;;2;;2;;2;;2;;13;12;13;421.58502424
6038532;1;8;1;90;2;;2;;2;;2;;2;;2;;2;;2;;2;;2;;13;12;13;421.58502424
6038532;1;9;1;90;2;;1;14;2;;2;;2;;2;;2;;2;;2;;2;;13;12;13;421.58502424
6038533;1;1;1;90;2;;1;30;2;;2;;2;;2;;2;;2;;2;;2;;13;12;13;689.23210654
6038533;1;2;1;90;2;;2;;2;;2;;2;;2;;2;;2;;2;;2;;13;12;13;689.23210654
6038533;1;3;1;90;2;;2;;2;;2;;2;;2;;2;;2;;2;;2;;13;12;13;689.23210654
6038533;1;4;1;90;2;;2;;2;;2;;2;;2;;2;;2;;2;;2;;13;12;13;689.23210654
6038533;1;5;1;90;2;;1;15;2;;2;;2;;2;;2;;2;;2;;2;;13;12;13;689.23210654
6038536;1;1;1;90;2;;1;20;2;;2;;2;;2;;2;;2;;2;;2;;13;12;13;357.72339387
6038538;1;1;1;90;2;;1;20;2;;2;;2;;2;;2;;2;;2;;2;;13;12;13;453.96469242
6038538;1;2;1;90;2;;1;10;2;;2;;2;;2;;2;;2;;2;;2;;13;12;13;453.96469242
6038539;1;1;1;90;2;;1;3;2;;1;7;2;;2;;2;;2;;2;;2;;13;12;13;503.49701901
6038539;1;2;1;90;2;;1;30;2;;1;30;2;;2;;2;;2;;2;;2;;13;12;13;503.49701901
6038540;1;1;1;90;2;;1;10;2;;2;;2;;2;;2;;2;;2;;2;;13;12;13;391.13913997
6038540;1;2;1;90;2;;1;13;2;;2;;2;;2;;2;;2;;2;;2;;13;12;13;391.13913997
6038540;1;3;1;90;2;;1;14;2;;2;;2;;2;;2;;2;;2;;2;;13;12;13;391.13913997
6038540;1;4;1;90;2;;1;16;2;;2;;2;;2;;2;;2;;2;;2;;13;12;13;391.13913997
6038543;1;1;1;90;2;;1;7;2;;2;;2;;2;;2;;2;;2;;2;;13;12;13;407.98395525
6038543;1;3;1;90;2;;1;30;2;;1;21;2;;2;;2;;2;;2;;2;;13;12;13;407.98395525
6038544;1;1;1;90;2;;1;20;2;;2;;2;;2;;2;;2;;2;;2;;13;12;13;370.48556611
6038544;1;2;1;90;2;;1;10;2;;2;;2;;2;;2;;2;;2;;2;;13;12;13;370.48556611
6038544;1;3;1;90;2;;1;10;2;;2;;2;;2;;2;;2;;2;;2;;13;12;13;370.48556611
6038546;1;1;1;90;2;;1;12;2;;2;;2;;2;;2;;2;;2;;2;;13;12;13;453.96469242
6038546;1;2;1;90;2;;1;4;2;;2;;2;;2;;2;;2;;2;;2;;13;12;13;453.96469242
6038547;1;1;1;90;2;;1;10;2;;2;;2;;2;;2;;2;;2;;2;;13;12;13;227.70157486
6038547;1;2;1;90;2;;2;;2;;2;;2;;2;;2;;2;;2;;2;;13;12;13;227.70157486
6038547;1;3;1;90;2;;1;16;2;;2;;2;;2;;2;;2;;2;;2;;13;12;13;227.70157486
6038551;1;1;1;90;2;;1;14;2;;2;;2;;2;;2;;2;;2;;2;;13;12;13;322.6258911
6038551;1;2;1;90;2;;1;12;2;;2;;2;;2;;2;;2;;2;;2;;13;12;13;322.6258911
6038551;1;3;1;90;2;;1;18;2;;1;24;2;;2;;2;;2;;2;;2;;13;12;13;322.6258911
6038551;1;4;1;90;2;;1;18;2;;1;18;2;;2;;2;;2;;2;;2;;13;12;13;322.6258911
6038552;1;1;1;90;2;;2;;2;;2;;2;;2;;2;;2;;2;;2;;13;12;13;401.44098156
6038552;1;2;1;90;2;;1;20;2;;2;;2;;2;;2;;2;;2;;2;;13;12;13;401.44098156
6038552;1;3;1;90;2;;1;20;2;;2;;2;;2;;2;;2;;2;;2;;13;12;13;401.44098156
6038552;1;4;1;90;2;;1;10;2;;2;;2;;2;;2;;2;;2;;2;;13;12;13;401.44098156
6038553;1;1;1;90;2;;1;3;2;;2;;2;;2;;2;;2;;2;;2;;13;12;13;475.36130465
6038553;1;2;1;90;2;;1;30;2;;2;;2;;2;;2;;2;;2;;2;;13;12;13;475.36130465
6038553;1;3;1;90;2;;1;21;2;;2;;2;;2;;2;;2;;2;;2;;13;12;13;475.36130465
6038554;1;1;1;90;2;;2;;2;;2;;2;;2;;2;;2;;2;;2;;13;12;13;306.78086791
6038554;1;2;1;90;2;;1;30;2;;2;;2;;2;;2;;2;;2;;2;;13;12;13;306.78086791
6038554;1;3;1;90;2;;1;10;2;;1;5;2;;2;;2;;2;;2;;2;;13;12;13;306.78086791
6038554;1;4;1;90;2;;2;;2;;2;;2;;2;;2;;2;;2;;2;;13;12;13;306.78086791
6038556;1;1;1;90;2;;1;25;2;;1;15;2;;2;;2;;2;;2;;2;;13;12;13;311.7426567
6038557;1;1;1;90;2;;1;18;2;;1;20;2;;2;;2;;2;;2;;2;;13;12;13;452.19542432
6038557;1;2;1;90;2;;1;14;2;;2;;2;;2;;2;;2;;2;;2;;13;12;13;452.19542432
6038557;1;3;1;90;2;;1;8;2;;2;;2;;2;;2;;2;;2;;2;;13;12;13;452.19542432
6038558;1;1;1;90;2;;1;20;2;;2;;2;;2;;2;;2;;2;;2;;13;12;13;446.10533278
6038558;1;2;1;90;2;;1;15;2;;1;15;2;;2;;2;;2;;2;;2;;13;12;13;446.10533278
6038558;1;3;1;90;2;;1;30;2;;1;30;2;;2;;2;;2;;2;;2;;13;12;13;446.10533278
6038559;1;1;1;90;2;;2;;2;;2;;2;;2;;2;;2;;2;;2;;13;12;13;423.1956098
6038559;1;2;1;90;2;;1;10;2;;2;;2;;2;;2;;2;;2;;2;;13;12;13;423.1956098
6038560;1;1;1;90;2;;1;18;2;;2;;2;;2;;2;;2;;2;;2;;13;12;13;522.90478168
6038560;1;2;1;90;2;;1;7;2;;2;;2;;2;;2;;2;;2;;2;;13;12;13;522.90478168
6038560;1;3;1;90;2;;1;15;2;;2;;2;;2;;2;;2;;2;;2;;13;12;13;522.90478168
6038560;1;4;1;90;2;;1;7;2;;2;;2;;2;;2;;2;;2;;2;;13;12;13;522.90478168
6038562;1;1;1;90;2;;2;;2;;2;;2;;2;;2;;2;;2;;2;;13;12;13;498.72331343
6038562;1;2;1;90;2;;1;30;2;;2;;2;;2;;2;;2;;2;;2;;13;12;13;498.72331343
6038562;1;3;1;90;2;;2;;2;;2;;2;;2;;2;;2;;2;;2;;13;12;13;498.72331343
6038563;1;1;1;90;2;;1;18;2;;1;28;1;10;2;;2;;2;;2;;2;;13;12;13;557.2672913
6038563;1;2;1;90;2;;1;8;2;;2;;1;8;2;;2;;2;;2;;2;;13;12;13;557.2672913
6038563;1;3;1;90;2;;1;4;2;;2;;2;;2;;2;;2;;2;;2;;13;12;13;557.2672913
6038564;1;1;1;90;2;;2;;2;;2;;2;;2;;2;;2;;2;;2;;13;12;13;566.97303066
6038564;1;2;1;90;2;;1;20;2;;1;30;2;;2;;2;;2;;2;;2;;13;12;13;566.97303066
6038564;1;5;1;90;2;;2;;2;;2;;2;;2;;2;;2;;2;;2;;13;12;13;566.97303066
6038564;1;6;1;90;2;;2;;2;;2;;2;;2;;2;;2;;2;;2;;13;12;13;566.97303066
6038564;1;7;1;90;2;;1;20;2;;1;14;2;;2;;2;;2;;2;;2;;13;12;13;566.97303066
6038564;1;8;1;90;2;;2;;2;;2;;2;;2;;2;;2;;2;;2;;13;12;13;566.97303066
6038564;1;9;1;90;2;;2;;2;;2;;2;;2;;2;;2;;2;;2;;13;12;13;566.97303066
6038564;1;10;1;90;2;;1;15;2;;2;;2;;2;;2;;2;;2;;2;;13;12;13;566.97303066
6038565;1;1;1;90;2;;1;20;2;;2;;2;;2;;2;;2;;2;;2;;13;12;13;476.40233797
6038566;1;1;1;90;2;;1;18;2;;1;20;2;;2;;2;;2;;2;;2;;13;12;13;364.10447999
6038566;1;2;1;90;2;;1;6;2;;2;;2;;2;;2;;2;;2;;2;;13;12;13;364.10447999
6038567;1;1;1;90;2;;1;17;2;;2;;2;;2;;2;;2;;2;;2;;13;12;13;430.60268365
6038567;1;2;1;90;2;;1;7;2;;2;;2;;2;;2;;2;;2;;2;;13;12;13;430.60268365
6038568;1;1;1;90;2;;1;30;2;;2;;2;;2;;2;;2;;2;;2;;13;12;13;417.28600476
6038568;1;2;1;90;2;;2;;2;;2;;2;;2;;2;;2;;2;;2;;13;12;13;417.28600476
6038568;1;3;1;90;2;;1;20;2;;2;;2;;2;;2;;2;;2;;2;;13;12;13;417.28600476
6038568;1;4;1;90;2;;1;10;2;;2;;2;;2;;2;;2;;2;;2;;13;12;13;417.28600476
6038569;1;1;1;90;2;;1;16;2;;2;;2;;2;;2;;2;;2;;2;;13;12;13;375.54222105
6038570;1;1;1;90;2;;1;18;2;;2;;2;;2;;2;;2;;2;;2;;13;12;13;436.14586525
6038570;1;2;1;90;2;;1;7;2;;2;;2;;2;;2;;2;;2;;2;;13;12;13;436.14586525
6038571;1;1;1;90;2;;1;10;2;;2;;2;;2;;2;;2;;2;;2;;13;12;13;244.47936872
6038571;1;2;1;90;2;;1;10;2;;2;;2;;2;;2;;2;;2;;2;;13;12;13;244.47936872
6038571;1;3;1;90;2;;1;30;2;;2;;2;;2;;2;;2;;2;;2;;13;12;13;244.47936872
6038571;1;4;1;90;2;;1;30;2;;1;30;2;;2;;2;;2;;2;;2;;13;12;13;244.47936872
6038571;1;5;1;90;2;;1;5;2;;2;;2;;2;;2;;2;;2;;2;;13;12;13;244.47936872
6038572;1;1;1;90;2;;2;;2;;2;;2;;2;;2;;2;;2;;2;;13;12;13;296.66010916
6038572;1;2;1;90;2;;1;30;2;;2;;1;20;2;;2;;2;;2;;2;;13;12;13;296.66010916
6038572;1;3;1;90;2;;1;30;2;;2;;1;20;2;;2;;2;;2;;2;;13;12;13;296.66010916
6038572;1;4;1;90;2;;1;10;2;;2;;2;;2;;2;;2;;2;;2;;13;12;13;296.66010916
6038572;1;5;1;90;2;;1;10;2;;2;;2;;2;;2;;2;;2;;2;;13;12;13;296.66010916
6038573;1;1;1;90;2;;2;;2;;2;;2;;2;;2;;2;;2;;2;;13;12;13;436.14586525
6038573;1;2;1;90;2;;1;25;2;;2;;2;;2;;2;;2;;2;;2;;13;12;13;436.14586525
6038574;1;1;1;90;2;;2;;2;;2;;2;;2;;2;;2;;2;;2;;13;12;13;478.2560724
6038574;1;2;1;90;2;;1;25;2;;1;30;2;;2;;2;;2;;2;;2;;13;12;13;478.2560724
6038574;1;3;1;90;2;;2;;2;;2;;2;;2;;2;;2;;2;;2;;13;12;13;478.2560724
6038575;1;1;1;90;2;;1;20;2;;1;20;1;20;2;;2;;2;;2;;2;;13;12;13;384.65618734
6038575;1;2;1;90;2;;2;;2;;2;;2;;2;;2;;2;;2;;2;;13;12;13;384.65618734
6038575;1;3;1;90;2;;1;4;2;;2;;2;;2;;2;;2;;2;;2;;13;12;13;384.65618734
6038575;1;4;1;90;2;;2;;2;;1;8;2;;2;;2;;2;;2;;2;;13;12;13;384.65618734
6038575;1;5;1;90;2;;1;14;2;;2;;2;;2;;2;;2;;2;;2;;13;12;13;384.65618734
6038576;1;1;1;90;2;;2;;2;;2;;2;;2;;2;;2;;2;;2;;13;12;13;450.31648648
6038576;1;2;1;90;2;;1;25;2;;1;25;2;;2;;2;;2;;2;;2;;13;12;13;450.31648648
6038576;1;3;1;90;2;;2;;2;;2;;2;;2;;2;;2;;2;;2;;13;12;13;450.31648648
6038576;1;4;1;90;2;;2;;2;;1;15;2;;2;;2;;2;;2;;2;;13;12;13;450.31648648
6038577;1;1;1;90;2;;2;;2;;2;;2;;2;;2;;2;;2;;2;;13;12;13;215.82185848
6038577;1;2;1;90;2;;1;40;2;;2;;2;;2;;2;;2;;2;;2;;13;12;13;215.82185848
6038577;1;3;1;90;2;;1;40;2;;2;;2;;2;;2;;2;;2;;2;;13;12;13;215.82185848
6038577;1;4;1;90;2;;1;30;2;;2;;2;;2;;2;;2;;2;;2;;13;12;13;215.82185848
6038577;1;5;1;90;2;;1;20;2;;2;;2;;2;;2;;2;;2;;2;;13;12;13;215.82185848
6038577;1;6;1;90;2;;1;30;2;;2;;2;;2;;2;;2;;2;;2;;13;12;13;215.82185848
6038578;1;1;1;90;2;;2;;2;;2;;2;;2;;2;;2;;2;;2;;13;12;13;420.30084205
6038578;1;2;1;90;2;;1;30;2;;2;;2;;2;;2;;2;;2;;2;;13;12;13;420.30084205
6038579;1;1;1;90;2;;1;10;2;;2;;2;;2;;2;;2;;2;;2;;13;12;13;338.86353339
6038579;1;2;1;90;2;;1;10;2;;2;;2;;2;;2;;2;;2;;2;;13;12;13;338.86353339
6038579;1;3;1;90;2;;1;20;2;;2;;2;;2;;2;;2;;2;;2;;13;12;13;338.86353339
6038580;1;1;1;90;2;;1;20;2;;1;20;2;;2;;2;;2;;2;;2;;13;12;13;445.8143382
6038580;1;2;1;90;2;;1;10;2;;2;;2;;2;;2;;2;;2;;2;;13;12;13;445.8143382
6038581;1;1;1;90;2;;2;;2;;2;;2;;2;;2;;2;;2;;2;;13;12;13;533.316535
6038581;1;2;1;90;2;;1;40;2;;1;30;2;;2;;2;;2;;2;;2;;13;12;13;533.316535
6038581;1;3;1;90;2;;1;10;2;;2;;2;;2;;2;;2;;2;;2;;13;12;13;533.316535
6038581;1;4;1;90;2;;1;5;2;;2;;2;;2;;2;;2;;2;;2;;13;12;13;533.316535
6038582;1;1;1;90;2;;1;30;2;;2;;2;;2;;2;;2;;2;;2;;13;12;13;546.26679045
6038582;1;2;1;90;2;;1;10;2;;2;;2;;2;;2;;2;;2;;2;;13;12;13;546.26679045
6038582;1;3;1;90;2;;1;10;2;;2;;2;;2;;2;;2;;2;;2;;13;12;13;546.26679045
6038582;1;4;1;90;2;;1;10;2;;2;;2;;2;;2;;2;;2;;2;;13;12;13;546.26679045
6038584;1;1;1;90;2;;1;18;2;;1;18;2;;2;;2;;2;;2;;2;;13;12;13;372.40737469
6038584;1;2;1;90;2;;2;;2;;2;;2;;2;;2;;2;;2;;2;;13;12;13;372.40737469
6038584;1;3;1;90;2;;1;6;2;;1;2;2;;2;;2;;2;;2;;2;;13;12;13;372.40737469
6038584;1;4;1;90;2;;1;1;2;;2;;2;;2;;2;;2;;2;;2;;13;12;13;372.40737469
6038584;1;5;1;90;2;;2;;2;;1;5;2;;2;;2;;2;;2;;2;;13;12;13;372.40737469
6038584;1;6;1;90;2;;1;16;2;;1;30;2;;2;;2;;2;;2;;2;;13;12;13;372.40737469
6038585;1;1;1;90;2;;2;;2;;2;;2;;2;;2;;2;;2;;2;;13;12;13;546.26679045
6038585;1;2;1;90;2;;1;30;2;;2;;2;;2;;2;;2;;2;;2;;13;12;13;546.26679045
6038585;1;3;1;90;2;;1;10;2;;2;;2;;2;;2;;2;;2;;2;;13;12;13;546.26679045
6038585;1;4;1;90;2;;1;10;2;;2;;2;;2;;2;;2;;2;;2;;13;12;13;546.26679045
6038587;1;1;1;90;2;;1;2;2;;2;;2;;2;;2;;2;;2;;2;;13;12;13;431.18407645
6038587;1;2;1;90;2;;1;16;2;;2;;2;;2;;2;;2;;2;;2;;13;12;13;431.18407645
6038587;1;3;1;90;2;;2;;2;;2;;2;;2;;2;;2;;2;;2;;13;12;13;431.18407645
6038587;1;4;1;90;2;;1;8;2;;2;;2;;2;;2;;2;;2;;2;;13;12;13;431.18407645
6038587;1;5;1;90;2;;1;7;2;;2;;2;;2;;2;;2;;2;;2;;13;12;13;431.18407645
6038588;1;1;1;90;2;;2;;2;;1;25;2;;2;;2;;2;;2;;2;;13;12;13;288.08289499
6038588;1;2;1;90;2;;2;;2;;2;;2;;2;;2;;2;;2;;2;;13;12;13;288.08289499
6038588;1;5;1;90;2;;2;;2;;2;;2;;2;;2;;2;;2;;2;;13;12;13;288.08289499
6038589;1;1;1;90;2;;2;;2;;2;;2;;2;;2;;2;;2;;2;;13;12;13;481.9385192
6038589;1;2;1;90;2;;1;25;2;;2;;2;;2;;2;;2;;2;;2;;13;12;13;481.9385192
6038589;1;3;1;90;2;;1;2;2;;2;;2;;2;;2;;2;;2;;2;;13;12;13;481.9385192
6038589;1;4;1;90;2;;1;2;2;;2;;2;;2;;2;;2;;2;;2;;13;12;13;481.9385192
6038590;1;1;1;90;2;;2;;2;;2;;2;;2;;2;;2;;2;;2;;13;12;13;323.28271277
6038590;1;2;1;90;2;;1;24;2;;1;20;2;;2;;2;;2;;2;;2;;13;12;13;323.28271277
6038590;1;3;1;90;2;;1;7;2;;2;;2;;2;;2;;2;;2;;2;;13;12;13;323.28271277
6038590;1;4;1;90;2;;2;;2;;2;;2;;2;;2;;2;;2;;2;;13;12;13;323.28271277
6038591;1;1;1;90;2;;1;20;2;;2;;2;;2;;2;;2;;2;;2;;13;12;13;390.16512808
6038591;1;2;1;90;2;;1;30;2;;1;20;2;;2;;2;;2;;2;;2;;13;12;13;390.16512808
6038592;1;1;1;90;2;;1;18;2;;1;30;2;;2;;2;;2;;2;;2;;13;12;13;549.47775618
6038592;1;2;1;90;2;;1;4;2;;1;10;2;;2;;2;;2;;2;;2;;13;12;13;549.47775618
6038593;1;1;1;90;2;;1;30;2;;1;20;2;;2;;2;;2;;2;;2;;13;12;13;399.24485351
6038593;1;2;1;90;2;;2;;2;;2;;2;;2;;2;;2;;2;;2;;13;12;13;399.24485351
6038593;1;3;1;90;2;;1;15;2;;2;;2;;2;;2;;2;;2;;2;;13;12;13;399.24485351
6038594;1;1;1;90;2;;1;18;2;;1;15;2;;2;;2;;2;;2;;2;;13;12;13;402.92730031
6038594;1;2;1;90;2;;2;;2;;2;;2;;2;;2;;2;;2;;2;;13;12;13;402.92730031
6038594;1;3;1;90;2;;1;4;2;;2;;2;;2;;2;;2;;2;;2;;13;12;13;402.92730031
6038594;1;4;1;90;2;;1;2;2;;2;;2;;2;;2;;2;;2;;2;;13;12;13;402.92730031
6038595;1;1;1;90;2;;1;40;2;;1;30;2;;2;;2;;2;;2;;2;;13;12;13;539.69762112
6038595;1;2;1;90;2;;1;10;2;;2;;2;;2;;2;;2;;2;;2;;13;12;13;539.69762112
6038595;1;3;1;90;2;;1;10;2;;2;;2;;2;;2;;2;;2;;2;;13;12;13;539.69762112
6038595;1;4;1;90;2;;1;5;2;;2;;2;;2;;2;;2;;2;;2;;13;12;13;539.69762112
6038595;1;5;1;90;2;;1;4;2;;2;;2;;2;;2;;2;;2;;2;;13;12;13;539.69762112
6038596;1;1;1;90;2;;1;15;2;;1;20;2;;2;;2;;2;;2;;2;;13;12;13;434.92374909
6038596;1;3;1;90;2;;1;4;2;;2;;2;;2;;2;;2;;2;;2;;13;12;13;434.92374909
6038596;1;4;1;90;2;;1;4;2;;2;;2;;2;;2;;2;;2;;2;;13;12;13;434.92374909
6038597;1;1;1;90;2;;1;20;2;;2;;2;;2;;2;;2;;2;;2;;13;12;13;475.36130465
6038597;1;2;1;90;2;;1;30;2;;2;;2;;2;;2;;2;;2;;2;;13;12;13;475.36130465
6038597;1;3;1;90;2;;1;10;2;;2;;2;;2;;2;;2;;2;;2;;13;12;13;475.36130465
6038598;1;1;1;90;2;;1;18;2;;1;26;2;;2;;2;;2;;2;;2;;13;12;13;496.3652978
6038598;1;2;1;90;2;;1;4;2;;1;9;2;;2;;2;;2;;2;;2;;13;12;13;496.3652978
6038598;1;3;1;90;2;;1;1;2;;2;;2;;2;;2;;2;;2;;2;;13;12;13;496.3652978
6038598;1;4;1;90;2;;2;;2;;2;;2;;2;;2;;2;;2;;2;;13;12;13;496.3652978
6038598;1;6;1;90;2;;2;;2;;2;;2;;2;;2;;2;;2;;2;;13;12;13;496.3652978
6038599;1;1;1;90;2;;2;;2;;2;;2;;2;;2;;2;;2;;2;;13;12;13;497.58741397
6038599;1;2;1;90;2;;1;15;2;;2;;2;;2;;2;;2;;2;;2;;13;12;13;497.58741397
6038599;1;3;1;90;2;;1;10;2;;2;;2;;2;;2;;2;;2;;2;;13;12;13;497.58741397
6038599;1;4;1;90;2;;1;10;2;;2;;2;;2;;2;;2;;2;;2;;13;12;13;497.58741397
6038600;1;1;1;90;2;;1;15;2;;2;;2;;2;;2;;2;;2;;2;;13;12;13;388.30439328
6038600;1;2;1;90;2;;1;15;2;;2;;2;;2;;2;;2;;2;;2;;13;12;13;388.30439328
6038600;1;3;1;90;2;;1;10;2;;2;;2;;2;;2;;2;;2;;2;;13;12;13;388.30439328
6038601;1;1;1;90;2;;2;;2;;2;;2;;2;;2;;2;;2;;2;;13;12;13;301.62189796
6038601;1;2;1;90;2;;2;;2;;2;;2;;2;;2;;2;;2;;2;;13;12;13;301.62189796
6038602;1;1;1;90;2;;1;5;2;;2;;2;;2;;2;;2;;2;;2;;13;12;13;542.34603497
6038602;1;2;1;90;2;;1;20;2;;1;18;2;;2;;2;;2;;2;;2;;13;12;13;542.34603497
6038602;1;3;1;90;2;;1;14;2;;2;;2;;2;;2;;2;;2;;2;;13;12;13;542.34603497
6038602;1;4;1;90;2;;1;6;2;;2;;2;;2;;2;;2;;2;;2;;13;12;13;542.34603497
6038602;1;5;1;90;2;;1;12;2;;2;;2;;2;;2;;2;;2;;2;;13;12;13;542.34603497
6038604;1;1;1;90;2;;2;;2;;2;;2;;2;;2;;2;;2;;2;;13;12;13;472.34646736
6038604;1;2;1;90;2;;1;10;2;;2;;2;;2;;2;;2;;2;;2;;13;12;13;472.34646736
6038604;1;3;1;90;2;;1;14;2;;2;;2;;2;;2;;2;;2;;2;;13;12;13;472.34646736
6038604;1;4;1;90;2;;1;10;2;;2;;2;;2;;2;;2;;2;;2;;13;12;13;472.34646736
6038604;1;5;1;90;2;;1;10;2;;2;;2;;2;;2;;2;;2;;2;;13;12;13;472.34646736
6038605;1;1;1;90;2;;1;10;2;;2;;2;;2;;2;;2;;2;;2;;13;12;13;301.62189796
6038605;1;2;1;90;2;;1;10;2;;2;;2;;2;;2;;2;;2;;2;;13;12;13;301.62189796
6038606;1;1;1;90;2;;1;14;2;;2;;2;;2;;2;;2;;2;;2;;13;12;13;287.71472117
6038606;1;2;1;90;2;;1;20;2;;1;38;2;;2;;2;;2;;2;;2;;13;12;13;287.71472117
6038606;1;3;1;90;2;;2;;2;;2;;2;;2;;2;;2;;2;;2;;13;12;13;287.71472117
6038606;1;5;1;90;2;;1;20;2;;1;30;2;;2;;2;;2;;2;;2;;13;12;13;287.71472117
6038606;1;6;1;90;2;;1;10;2;;2;;2;;2;;2;;2;;2;;2;;13;12;13;287.71472117
6038606;1;9;1;90;2;;1;22;2;;1;28;2;;2;;2;;2;;2;;2;;13;12;13;287.71472117
6038606;1;10;1;90;2;;2;;2;;2;;2;;2;;2;;2;;2;;2;;13;12;13;287.71472117
6038606;1;12;1;90;2;;2;;2;;2;;2;;2;;2;;2;;2;;2;;13;12;13;287.71472117
6038608;1;1;1;90;2;;1;4;2;;2;;2;;2;;2;;2;;2;;2;;13;12;13;552.64787657
6038608;1;2;1;90;2;;1;24;2;;2;;2;;2;;2;;2;;2;;2;;13;12;13;552.64787657
6038608;1;3;1;90;2;;2;;2;;2;;2;;2;;2;;2;;2;;2;;13;12;13;552.64787657
6038608;1;4;1;90;2;;2;;2;;2;;2;;2;;2;;2;;2;;2;;13;12;13;552.64787657
6038608;1;5;1;90;2;;1;3;2;;2;;2;;2;;2;;2;;2;;2;;13;12;13;552.64787657
6038609;1;1;1;90;2;;1;8;2;;2;;2;;2;;2;;2;;2;;2;;13;12;13;219.78118236
6038610;1;1;1;90;2;;1;8;2;;2;;2;;2;;2;;2;;2;;2;;13;12;13;357.72339387
6038611;1;1;1;90;2;;1;10;2;;2;;2;;2;;2;;2;;2;;2;;13;12;13;576.00988534
6038611;1;2;1;90;2;;2;;2;;2;;2;;2;;2;;2;;2;;2;;13;12;13;576.00988534
6038611;1;3;1;90;2;;2;;2;;2;;2;;2;;2;;2;;2;;2;;13;12;13;576.00988534
6038611;1;4;1;90;2;;2;;2;;2;;2;;2;;2;;2;;2;;2;;13;12;13;576.00988534
6038611;1;5;1;90;2;;1;10;2;;2;;2;;2;;2;;2;;2;;2;;13;12;13;576.00988534
6038612;1;1;1;90;2;;1;8;2;;2;;1;8;2;;2;;2;;2;;2;;13;12;13;498.72331343
6038612;1;2;1;90;2;;2;;2;;2;;2;;2;;2;;2;;2;;2;;13;12;13;498.72331343
6038612;1;3;1;90;2;;1;6;2;;2;;2;;2;;2;;2;;2;;2;;13;12;13;498.72331343
6038614;1;1;1;90;2;;2;;2;;2;;2;;2;;2;;2;;2;;2;;13;12;13;308.00298407
6038614;1;2;1;90;2;;1;30;2;;2;;1;14;2;;2;;2;;2;;2;;13;12;13;308.00298407
6038614;1;3;1;90;2;;1;3;2;;2;;2;;2;;2;;2;;2;;2;;13;12;13;308.00298407
6038615;1;1;1;90;2;;1;14;2;;2;;2;;2;;2;;2;;2;;2;;13;12;13;510.06618834
6038616;1;1;1;90;2;;1;2;2;;2;;2;;2;;2;;2;;2;;2;;13;12;13;420.30084205
6038616;1;2;1;90;2;;1;21;2;;2;;2;;2;;2;;2;;1;7;2;;13;12;13;420.30084205
6038617;1;1;1;90;2;;2;;2;;2;;2;;2;;2;;2;;2;;2;;13;12;13;420.30084205
6038617;1;2;1;90;2;;1;35;2;;2;;2;;2;;2;;2;;2;;2;;13;12;13;420.30084205
6038618;1;1;1;90;2;;1;21;2;;1;14;2;;2;;2;;2;;2;;2;;13;12;13;510.06618834
6038619;1;1;1;90;2;;2;;2;;2;;2;;2;;2;;2;;2;;2;;13;12;13;242.3244819
6038619;1;2;1;90;2;;1;30;2;;2;;2;;2;;2;;2;;2;;2;;13;12;13;242.3244819
6038619;1;3;1;90;2;;1;14;2;;2;;2;;2;;2;;2;;2;;2;;13;12;13;242.3244819
6038619;1;4;1;90;2;;1;30;2;;1;5;2;;2;;2;;2;;2;;2;;13;12;13;242.3244819
6038620;1;1;1;90;2;;1;21;2;;2;;2;;2;;2;;2;;2;;2;;13;12;13;452.36915245
6038620;1;2;1;90;2;;1;30;2;;2;;2;;2;;2;;2;;2;;2;;13;12;13;452.36915245
6038620;1;3;1;90;2;;2;;2;;2;;2;;2;;2;;2;;2;;2;;13;12;13;452.36915245
6038620;1;4;1;90;2;;1;7;2;;2;;2;;2;;2;;2;;2;;2;;13;12;13;452.36915245
6038620;1;5;1;90;2;;2;;2;;2;;2;;2;;2;;2;;2;;2;;13;12;13;452.36915245
6038620;1;6;1;90;2;;1;30;2;;2;;2;;2;;2;;2;;2;;2;;13;12;13;452.36915245
6038620;1;7;1;90;2;;1;2;2;;2;;2;;2;;2;;2;;2;;2;;13;12;13;452.36915245
6038620;1;8;1;90;2;;1;7;2;;2;;2;;2;;2;;2;;2;;2;;13;12;13;452.36915245
6038621;1;1;1;90;2;;1;7;2;;2;;2;;2;;2;;2;;2;;2;;13;12;13;476.40233797
6038624;1;1;1;90;2;;1;10;2;;2;;2;;2;;2;;2;;2;;2;;13;12;13;476.40233797
6038627;1;1;1;90;2;;1;4;2;;2;;2;;2;;2;;2;;2;;2;;13;12;13;580.58746249
6038627;1;2;1;90;2;;2;;2;;2;;2;;2;;2;;2;;2;;2;;13;12;13;580.58746249
6038627;1;3;1;90;2;;2;;2;;1;8;2;;2;;2;;2;;2;;2;;13;12;13;580.58746249
6038627;1;4;1;90;2;;1;16;2;;1;30;2;;2;;2;;2;;2;;2;;13;12;13;580.58746249
6038628;1;1;1;90;2;;2;;2;;2;;2;;2;;2;;2;;2;;2;;13;12;13;634.35773478
6038628;1;2;1;90;2;;1;26;2;;1;7;1;4;2;;2;;2;;2;;2;;13;12;13;634.35773478
6038628;1;3;1;90;2;;1;15;2;;1;7;2;;2;;2;;2;;2;;2;;13;12;13;634.35773478
6038628;1;4;1;90;2;;2;;2;;2;;2;;2;;2;;2;;2;;2;;13;12;13;634.35773478
6038628;1;5;1;90;2;;2;;2;;2;;2;;2;;2;;2;;2;;2;;13;12;13;634.35773478
6038629;1;1;1;90;2;;2;;2;;1;8;2;;2;;2;;2;;2;;2;;13;12;13;401.12379134
6038629;1;2;1;90;2;;1;15;2;;1;40;2;;2;;2;;2;;2;;2;;13;12;13;401.12379134
6038630;1;1;1;90;2;;2;;2;;2;;2;;2;;2;;2;;2;;2;;13;12;13;491.20632785
6038630;1;2;1;90;2;;1;25;2;;2;;2;;2;;2;;2;;2;;2;;13;12;13;491.20632785
6038630;1;3;1;90;2;;2;;2;;2;;2;;2;;2;;2;;2;;2;;13;12;13;491.20632785
6038631;1;1;1;90;2;;1;10;2;;2;;2;;2;;2;;2;;2;;2;;13;12;13;503.96850008
6038631;1;2;1;90;2;;1;30;2;;1;20;2;;2;;2;;2;;2;;2;;13;12;13;503.96850008
6038631;1;3;1;90;2;;1;10;2;;2;;2;;2;;2;;2;;2;;2;;13;12;13;503.96850008
6038631;1;4;1;90;2;;1;5;2;;2;;2;;2;;2;;2;;2;;2;;13;12;13;503.96850008
6038631;1;5;1;90;2;;1;5;2;;2;;2;;2;;2;;2;;2;;2;;13;12;13;503.96850008
6038632;1;1;1;90;2;;2;;2;;2;;2;;2;;2;;2;;2;;2;;13;12;13;480.13501024
6038632;1;2;1;90;2;;1;28;2;;1;30;2;;2;;2;;2;;2;;2;;13;12;13;480.13501024
6038633;1;1;1;90;2;;1;16;2;;1;30;2;;2;;2;;2;;2;;2;;13;12;13;390.16512808
6038633;1;2;1;90;2;;2;;2;;1;8;2;;2;;2;;2;;2;;2;;13;12;13;390.16512808
6038634;1;1;1;90;2;;2;;2;;2;;2;;2;;2;;2;;2;;2;;13;12;13;463.9235636
6038634;1;2;1;90;2;;1;30;2;;2;;2;;2;;2;;2;;2;;2;;13;12;13;463.9235636
6038634;1;3;1;90;2;;1;10;2;;2;;2;;2;;2;;2;;2;;2;;13;12;13;463.9235636
6038634;1;4;1;90;2;;1;30;2;;2;;2;;2;;2;;2;;2;;2;;13;12;13;463.9235636
6038635;1;1;1;90;2;;2;;2;;2;;2;;2;;2;;2;;2;;2;;13;12;13;420.30084205
6038635;1;2;1;90;2;;1;20;2;;2;;2;;2;;2;;2;;2;;2;;13;12;13;420.30084205
6038636;1;1;1;90;2;;1;2;2;;2;;2;;2;;2;;2;;2;;2;;13;12;13;421.97349364
6038636;1;2;1;90;2;;1;21;2;;1;21;2;;2;;2;;2;;2;;2;;13;12;13;421.97349364
6038636;1;3;1;90;2;;2;;2;;2;;2;;2;;2;;2;;2;;2;;13;12;13;421.97349364
6038637;1;1;1;90;2;;1;16;2;;1;18;2;;2;;2;;2;;2;;2;;13;12;13;351.15422454
6038637;1;2;1;90;2;;1;2;2;;2;;2;;2;;2;;2;;2;;2;;13;12;13;351.15422454
6038638;1;1;1;90;2;;1;10;2;;2;;2;;2;;2;;2;;2;;2;;13;12;13;568.99543058
6038638;1;2;1;90;2;;1;30;2;;1;20;2;;2;;2;;2;;2;;2;;13;12;13;568.99543058
6038638;1;3;1;90;2;;1;15;2;;2;;2;;2;;2;;2;;2;;2;;13;12;13;568.99543058
6038638;1;5;1;90;2;;1;5;2;;2;;2;;2;;2;;2;;2;;2;;13;12;13;568.99543058
6038640;1;1;1;90;2;;1;10;2;;2;;2;;2;;2;;2;;2;;2;;13;12;13;436.14586525
6038640;1;2;1;90;2;;1;10;2;;2;;2;;2;;2;;2;;2;;2;;13;12;13;436.14586525
6038641;1;1;1;90;2;;2;;2;;2;;2;;2;;2;;2;;2;;2;;13;12;13;445.47196413
6038641;1;2;1;90;2;;2;;2;;2;;2;;2;;2;;2;;2;;2;;13;12;13;445.47196413
6038641;1;3;1;90;2;;1;30;2;;1;30;2;;2;;2;;2;;2;;2;;13;12;13;445.47196413
6038644;1;1;1;90;2;;1;30;2;;2;;2;;2;;2;;2;;2;;2;;13;12;13;375.54222105
6038645;1;1;1;90;2;;1;14;2;;2;;2;;2;;2;;2;;2;;2;;13;12;13;436.14586525
6038645;1;2;1;90;2;;2;;2;;2;;2;;2;;2;;2;;2;;2;;13;12;13;436.14586525
6038646;1;1;1;90;2;;1;20;2;;2;;2;;2;;2;;2;;2;;2;;13;12;13;396.54621419
6038646;1;2;1;90;2;;1;10;2;;2;;2;;2;;2;;2;;2;;2;;13;12;13;396.54621419
6038646;1;3;1;90;2;;1;20;2;;1;30;2;;2;;2;;2;;2;;2;;13;12;13;396.54621419
6038647;1;1;1;90;2;;1;8;2;;2;;2;;2;;2;;2;;2;;2;;13;12;13;436.14586525
6038647;1;2;1;90;2;;2;;2;;2;;2;;2;;2;;2;;2;;2;;13;12;13;436.14586525
6038648;1;1;1;90;2;;2;;2;;2;;2;;2;;2;;2;;2;;2;;13;12;13;546.26679045
6038648;1;2;1;90;2;;1;20;2;;2;;2;;2;;2;;2;;2;;2;;13;12;13;546.26679045
6038648;1;3;1;90;2;;1;14;2;;2;;2;;2;;2;;2;;2;;2;;13;12;13;546.26679045
6038648;1;4;1;90;2;;1;10;2;;2;;2;;2;;2;;2;;2;;2;;13;12;13;546.26679045
6038649;1;1;1;90;2;;1;21;2;;2;;2;;2;;2;;2;;2;;2;;13;12;13;357.72339387
6038650;1;1;1;90;2;;1;8;2;;2;;2;;2;;2;;2;;2;;2;;13;12;13;565.12665094
6038650;1;2;1;90;2;;1;6;2;;2;;2;;2;;2;;2;;2;;2;;13;12;13;565.12665094
6038651;1;1;1;90;2;;1;30;2;;2;;2;;2;;2;;2;;2;;2;;13;12;13;436.98376976
6038651;1;2;1;90;2;;1;14;2;;2;;2;;2;;2;;2;;2;;2;;13;12;13;436.98376976
6038651;1;3;1;90;2;;1;30;2;;1;14;2;;2;;2;;2;;2;;2;;13;12;13;436.98376976
6038652;1;1;1;90;2;;1;21;2;;1;21;2;;2;;2;;2;;2;;2;;13;12;13;434.92374909
6038652;1;3;1;90;2;;2;;2;;2;;2;;2;;2;;2;;2;;2;;13;12;13;434.92374909
6038652;1;4;1;90;2;;1;3;2;;2;;2;;2;;2;;2;;2;;2;;13;12;13;434.92374909
6038653;1;1;1;90;2;;2;;2;;2;;2;;2;;2;;2;;2;;2;;13;12;13;436.14586525
6038653;1;2;1;90;2;;1;30;2;;2;;2;;2;;2;;2;;2;;2;;13;12;13;436.14586525
6038654;1;1;1;90;2;;2;;2;;2;;2;;2;;2;;2;;2;;2;;13;12;13;389.53175944
6038654;1;2;1;90;2;;1;30;2;;1;30;2;;2;;2;;2;;2;;2;;13;12;13;389.53175944
6038655;1;1;1;90;2;;2;;2;;2;;2;;2;;2;;2;;2;;2;;13;12;13;356.50127771
6038655;1;2;1;90;2;;1;18;2;;1;30;2;;2;;2;;2;;2;;2;;13;12;13;356.50127771
6038656;1;1;1;90;2;;1;8;2;;2;;2;;2;;2;;2;;2;;2;;13;12;13;308.00298407
6038656;1;2;1;90;2;;1;5;2;;2;;2;;2;;2;;2;;2;;2;;13;12;13;308.00298407
6038656;1;3;1;90;2;;1;24;2;;2;;2;;2;;2;;2;;2;;2;;13;12;13;308.00298407
6038657;1;1;1;90;2;;1;10;2;;1;10;2;;2;;2;;2;;2;;2;;13;12;13;311.7426567
6038658;1;1;1;90;2;;1;10;2;;2;;2;;2;;2;;2;;2;;2;;13;12;13;648.0512706
6038658;1;2;1;90;2;;1;18;2;;2;;2;;2;;2;;2;;2;;2;;13;12;13;648.0512706
6038658;1;3;1;90;2;;1;8;2;;2;;2;;2;;2;;2;;2;;2;;13;12;13;648.0512706
6038658;1;4;1;90;2;;1;10;2;;2;;2;;2;;2;;2;;2;;2;;13;12;13;648.0512706
6038658;1;5;1;90;2;;1;12;2;;2;;2;;2;;2;;2;;2;;2;;13;12;13;648.0512706
6038659;1;1;1;90;2;;1;20;2;;2;;2;;2;;2;;2;;2;;2;;13;12;13;293.17379079
6038659;1;2;1;90;2;;2;;2;;2;;2;;2;;2;;2;;2;;2;;13;12;13;293.17379079
6038659;1;3;1;90;2;;1;16;2;;2;;2;;2;;2;;2;;2;;2;;13;12;13;293.17379079
6038659;1;4;1;90;2;;1;6;2;;1;10;2;;2;;2;;2;;2;;2;;13;12;13;293.17379079
6038660;1;1;1;90;2;;1;30;2;;2;;2;;2;;2;;2;;2;;2;;13;12;13;412.78385648
6038660;1;2;1;90;2;;2;;2;;2;;2;;2;;2;;2;;2;;2;;13;12;13;412.78385648
6038661;1;1;1;90;2;;1;20;2;;2;;2;;2;;2;;2;;2;;2;;13;12;13;588.48865971
6038661;1;2;1;90;2;;1;20;2;;2;;2;;2;;2;;2;;2;;2;;13;12;13;588.48865971
6038662;1;1;1;90;2;;1;14;2;;2;;2;;2;;2;;2;;2;;2;;13;12;13;476.40233797
6038663;1;1;1;90;2;;1;20;2;;2;;2;;2;;2;;2;;2;;2;;13;12;13;476.40233797
6038666;1;1;1;90;2;;1;10;2;;2;;2;;2;;2;;2;;2;;2;;13;12;13;476.40233797
6038667;1;1;1;90;2;;2;;2;;2;;2;;2;;2;;2;;2;;2;;13;12;13;328.56169179
6038667;1;2;1;90;2;;1;7;2;;2;;2;;2;;2;;2;;2;;2;;13;12;13;328.56169179
6038667;1;3;1;90;2;;1;7;2;;2;;2;;2;;2;;2;;2;;2;;13;12;13;328.56169179
6038668;1;1;1;90;2;;1;35;2;;2;;2;;2;;2;;2;;2;;2;;13;12;13;301.62189796
6038668;1;2;1;90;2;;1;15;2;;2;;2;;2;;2;;2;;2;;2;;13;12;13;301.62189796
6038669;1;1;1;90;2;;1;15;2;;2;;2;;2;;2;;2;;2;;2;;13;12;13;375.54222105
6038670;1;1;1;90;2;;1;10;2;;2;;2;;2;;2;;2;;2;;2;;13;12;13;411.26398737
6038670;1;2;1;90;2;;1;30;2;;1;10;2;;2;;2;;2;;2;;2;;13;12;13;411.26398737
6038670;1;3;1;90;2;;1;10;2;;2;;2;;2;;2;;2;;2;;2;;13;12;13;411.26398737
6038670;1;4;1;90;2;;2;;2;;1;10;2;;2;;2;;2;;2;;2;;13;12;13;411.26398737
6038670;1;5;1;90;2;;1;40;2;;1;30;2;;2;;2;;2;;2;;2;;13;12;13;411.26398737
6038671;1;1;1;90;2;;2;;2;;2;;2;;2;;2;;2;;2;;2;;13;12;13;478.2560724
6038671;1;2;1;90;2;;1;30;2;;1;30;2;;2;;2;;2;;2;;2;;13;12;13;478.2560724
6038671;1;3;1;90;2;;1;5;2;;2;;2;;2;;2;;2;;2;;2;;13;12;13;478.2560724
6038672;1;1;1;90;2;;2;;2;;2;;2;;2;;2;;2;;2;;2;;13;12;13;383.59595875
6038672;1;2;1;90;2;;1;15;2;;1;25;2;;2;;2;;2;;2;;2;;13;12;13;383.59595875
6038672;1;6;1;90;2;;1;15;2;;1;15;2;;2;;2;;2;;2;;2;;13;12;13;383.59595875
6038673;1;1;1;90;2;;2;;2;;2;;2;;2;;2;;2;;2;;2;;13;12;13;390.16512808
6038673;1;2;1;90;2;;1;40;2;;1;20;2;;2;;2;;2;;2;;2;;13;12;13;390.16512808
6038674;1;1;1;90;2;;2;;2;;2;;2;;2;;2;;2;;2;;2;;13;12;13;429.57669592
6038674;1;2;1;90;2;;1;14;2;;1;20;2;;2;;2;;2;;2;;2;;13;12;13;429.57669592
6038674;1;3;1;90;2;;2;;2;;2;;2;;2;;2;;2;;2;;2;;13;12;13;429.57669592
6038675;1;1;1;90;2;;1;15;2;;2;;2;;2;;2;;2;;2;;2;;13;12;13;436.14586525
6038675;1;2;1;90;2;;1;15;2;;2;;2;;2;;2;;2;;2;;2;;13;12;13;436.14586525
6038676;1;1;1;90;2;;1;10;2;;1;10;2;;2;;2;;2;;2;;2;;13;12;13;469.17634697
6038676;1;2;1;90;2;;1;15;2;;1;15;2;;2;;2;;2;;2;;2;;13;12;13;469.17634697
6038677;1;1;1;90;2;;1;5;2;;2;;2;;2;;2;;2;;2;;2;;13;12;13;420.30084205
6038677;1;2;1;90;2;;1;16;2;;2;;2;;2;;2;;2;;2;;2;;13;12;13;420.30084205
6038678;1;1;1;90;2;;1;10;2;;2;;2;;2;;2;;2;;2;;2;;13;12;13;420.30084205
6038678;1;2;1;90;2;;1;30;2;;2;;2;;2;;2;;2;;2;;2;;13;12;13;420.30084205
6038679;1;1;1;90;2;;1;15;2;;2;;2;;2;;2;;2;;2;;2;;13;12;13;458.4668407
6038679;1;2;1;90;2;;2;;2;;2;;2;;2;;2;;2;;2;;2;;13;12;13;458.4668407
6038679;1;3;1;90;2;;1;15;2;;2;;2;;2;;2;;2;;2;;2;;13;12;13;458.4668407
6038679;1;4;1;90;2;;1;3;2;;2;;2;;2;;2;;2;;2;;2;;13;12;13;458.4668407
6038680;1;1;1;90;2;;1;5;2;;1;5;2;;2;;2;;2;;2;;2;;13;12;13;287.92100742
6038680;1;2;1;90;2;;1;10;2;;1;14;2;;2;;2;;2;;2;;2;;13;12;13;287.92100742
6038680;1;3;1;90;2;;1;10;2;;2;;2;;2;;2;;2;;2;;2;;13;12;13;287.92100742
6038680;1;4;1;90;2;;1;3;2;;2;;2;;2;;2;;2;;2;;2;;13;12;13;287.92100742
6038680;1;5;1;90;2;;1;5;2;;1;5;2;;2;;2;;2;;2;;2;;13;12;13;287.92100742
6038680;1;6;1;90;2;;1;12;2;;1;20;2;;2;;2;;2;;2;;2;;13;12;13;287.92100742
6038681;1;1;1;90;2;;1;15;2;;2;;2;;2;;2;;2;;2;;2;;13;12;13;436.14586525
6038681;1;2;1;90;2;;1;20;2;;2;;2;;2;;2;;2;;2;;2;;13;12;13;436.14586525
6038682;1;1;1;90;2;;1;15;2;;2;;1;20;2;;2;;2;;2;;2;;13;12;13;319.44072513
6038682;1;2;1;90;2;;2;;2;;2;;2;;2;;2;;2;;2;;2;;13;12;13;319.44072513
6038683;1;1;1;90;2;;1;14;2;;2;;2;;2;;2;;2;;2;;2;;13;12;13;314.38407019
6038683;1;2;1;90;2;;1;21;2;;2;;2;;2;;2;;2;;2;;2;;13;12;13;314.38407019
6038683;1;3;1;90;2;;1;5;2;;2;;2;;2;;2;;2;;2;;2;;13;12;13;314.38407019
6038683;1;4;1;90;2;;1;4;2;;2;;2;;2;;2;;2;;2;;2;;13;12;13;314.38407019
6038684;1;1;1;90;2;;1;21;2;;1;21;2;;2;;2;;2;;2;;2;;13;12;13;483.34696821
6038684;1;3;1;90;2;;2;;2;;2;;2;;2;;2;;2;;2;;2;;13;12;13;483.34696821
6038684;1;4;1;90;2;;1;30;2;;1;30;2;;2;;2;;2;;2;;2;;13;12;13;483.34696821
6038684;1;5;1;90;2;;2;;2;;2;;2;;2;;2;;2;;2;;2;;13;12;13;483.34696821
6038685;1;1;1;90;2;;1;20;2;;2;;2;;2;;2;;2;;2;;2;;13;12;13;424.03351432
6038685;1;2;1;90;2;;1;3;2;;2;;2;;2;;2;;2;;2;;2;;13;12;13;424.03351432
6038685;1;3;1;90;2;;1;6;2;;1;20;2;;2;;2;;2;;2;;2;;13;12;13;424.03351432
6038686;1;1;1;90;2;;2;;2;;1;3;2;;2;;2;;2;;2;;2;;13;12;13;445.22559068
6038686;1;2;1;90;2;;1;30;2;;1;30;2;;2;;2;;2;;2;;2;;13;12;13;445.22559068
6038686;1;4;1;90;2;;1;3;2;;2;;2;;2;;2;;2;;2;;2;;13;12;13;445.22559068
6038687;1;1;1;90;2;;1;18;2;;1;20;2;;2;;2;;2;;2;;2;;13;12;13;490.27520626
6038687;1;2;1;90;2;;2;;2;;2;;2;;2;;2;;2;;2;;2;;13;12;13;490.27520626
6038687;1;3;1;90;2;;1;10;2;;2;;2;;2;;2;;2;;2;;2;;13;12;13;490.27520626
6038687;1;4;1;90;2;;1;10;2;;2;;2;;2;;2;;2;;2;;2;;13;12;13;490.27520626
6038687;1;5;1;90;2;;1;20;2;;1;30;2;;2;;2;;2;;2;;2;;13;12;13;490.27520626
6038688;1;1;1;90;2;;1;24;2;;2;;2;;2;;2;;2;;2;;2;;13;12;13;664.10082966
6038688;1;2;1;90;2;;2;;2;;2;;2;;2;;2;;2;;2;;2;;13;12;13;664.10082966
6038688;1;3;1;90;2;;2;;2;;2;;2;;2;;2;;2;;2;;2;;13;12;13;664.10082966
6038688;1;4;1;90;2;;2;;2;;2;;2;;2;;2;;2;;2;;2;;13;12;13;664.10082966
6038688;1;5;1;90;2;;1;6;2;;1;12;2;;2;;2;;2;;2;;2;;13;12;13;664.10082966
6038688;1;6;1;90;2;;2;;2;;2;;2;;2;;2;;2;;2;;2;;13;12;13;664.10082966
6038689;1;1;1;90;2;;2;;2;;2;;2;;2;;2;;2;;2;;2;;13;12;13;445.22559068
6038689;1;2;1;90;2;;1;18;2;;1;20;2;;2;;2;;2;;2;;2;;13;12;13;445.22559068
6038689;1;3;1;90;2;;1;12;2;;2;;2;;2;;2;;2;;2;;2;;13;12;13;445.22559068
6038691;1;1;1;90;2;;1;14;2;;2;;2;;2;;2;;2;;2;;2;;13;12;13;341.0334658
6038691;1;2;1;90;2;;1;12;2;;1;20;2;;2;;2;;2;;2;;2;;13;12;13;341.0334658
6038691;1;3;1;90;2;;1;8;2;;2;;2;;2;;2;;2;;2;;2;;13;12;13;341.0334658
6038692;1;1;1;90;2;;2;;2;;2;;2;;2;;2;;2;;2;;2;;13;12;13;350.56547702
6038692;1;2;1;90;2;;1;20;2;;1;14;2;;2;;2;;2;;2;;2;;13;12;13;350.56547702
6038692;1;3;1;90;2;;2;;2;;2;;2;;2;;2;;2;;2;;2;;13;12;13;350.56547702
6038694;1;1;1;90;2;;1;20;2;;1;10;2;;2;;2;;2;;2;;2;;13;12;13;475.55743309
6038694;1;2;1;90;2;;1;20;2;;1;10;2;;2;;2;;2;;2;;2;;13;12;13;475.55743309
6038694;1;3;1;90;2;;1;10;2;;2;;2;;2;;2;;2;;2;;2;;13;12;13;475.55743309
6038695;1;1;1;90;2;;2;;2;;2;;2;;2;;2;;2;;2;;2;;13;12;13;515.22515829
6038695;1;2;1;90;2;;1;10;2;;1;10;1;15;2;;2;;2;;2;;2;;13;12;13;515.22515829
6038695;1;3;1;90;2;;1;30;2;;1;20;1;20;2;;2;;2;;2;;2;;13;12;13;515.22515829
6038696;1;1;1;90;2;;2;;2;;2;;2;;2;;2;;2;;2;;2;;13;12;13;346.38051896
6038696;1;2;1;90;2;;1;30;2;;2;;1;30;2;;2;;2;;2;;2;;13;12;13;346.38051896
6038696;1;3;1;90;2;;2;;2;;2;;2;;2;;2;;2;;2;;2;;13;12;13;346.38051896
6038697;1;1;1;90;2;;1;30;2;;1;30;2;;2;;2;;2;;2;;2;;13;12;13;215.82185848
6038697;1;2;1;90;2;;1;30;2;;2;;2;;2;;2;;2;;2;;2;;13;12;13;215.82185848
6038697;1;3;1;90;2;;1;10;2;;2;;2;;2;;2;;2;;2;;2;;13;12;13;215.82185848
6038697;1;4;1;90;2;;1;20;2;;1;20;2;;2;;2;;2;;2;;2;;13;12;13;215.82185848
6038698;1;1;1;90;2;;1;40;2;;2;;2;;2;;2;;2;;2;;2;;13;12;13;412.78385648
6038698;1;2;1;90;2;;1;20;2;;2;;2;;2;;2;;2;;2;;2;;13;12;13;412.78385648
6038699;1;1;1;90;2;;1;15;2;;2;;2;;2;;2;;2;;2;;2;;13;12;13;565.12665094
6038699;1;2;1;90;2;;1;15;2;;2;;2;;2;;2;;2;;2;;2;;13;12;13;565.12665094
6038700;1;1;1;90;2;;1;4;2;;2;;2;;2;;2;;2;;2;;2;;13;12;13;480.15444751
6038700;1;2;1;90;2;;1;10;2;;1;6;2;;2;;2;;2;;2;;2;;13;12;13;480.15444751
6038700;1;3;1;90;2;;1;14;2;;1;28;2;;2;;2;;2;;2;;2;;13;12;13;480.15444751
6038700;1;5;1;90;2;;2;;2;;2;;2;;2;;2;;2;;2;;2;;13;12;13;480.15444751
6038700;1;6;1;90;2;;1;8;2;;2;;2;;2;;2;;2;;2;;2;;13;12;13;480.15444751
6038700;1;7;1;90;2;;2;;2;;2;;2;;2;;2;;2;;2;;2;;13;12;13;480.15444751
6038701;1;1;1;90;2;;1;30;2;;2;;2;;2;;2;;2;;2;;2;;13;12;13;442.52695136
6038701;1;2;1;90;2;;2;;2;;2;;2;;2;;2;;2;;2;;2;;13;12;13;442.52695136
6038701;1;3;1;90;2;;1;7;2;;2;;2;;2;;2;;2;;2;;2;;13;12;13;442.52695136
6038702;1;1;1;90;2;;1;15;2;;1;6;2;;2;;2;;2;;2;;2;;13;12;13;419.16494259
6038702;1;2;1;90;2;;1;6;2;;2;;2;;2;;2;;2;;2;;2;;13;12;13;419.16494259
6038702;1;3;1;90;2;;1;2;2;;2;;2;;2;;2;;2;;2;;2;;13;12;13;419.16494259
6038703;1;1;1;90;2;;2;;2;;2;;2;;2;;2;;2;;2;;2;;13;12;13;509.02515502
6038703;1;2;1;90;2;;1;35;2;;2;;2;;2;;2;;2;;2;;2;;13;12;13;509.02515502
6038703;1;3;1;90;2;;2;;2;;2;;2;;2;;2;;2;;2;;2;;13;12;13;509.02515502
6038704;1;1;1;90;2;;1;3;2;;2;;2;;2;;2;;2;;2;;2;;13;12;13;436.14586525
6038704;1;2;1;90;2;;1;30;2;;2;;2;;2;;2;;2;;2;;2;;13;12;13;436.14586525
6038705;1;1;1;90;2;;1;10;2;;2;;2;;2;;2;;2;;2;;2;;13;12;13;300.39978179
6038705;1;2;1;90;2;;1;20;2;;2;;2;;2;;2;;2;;2;;2;;13;12;13;300.39978179
6038705;1;3;1;90;2;;1;10;2;;1;20;2;;2;;2;;2;;2;;2;;13;12;13;300.39978179
6038707;1;1;1;90;2;;1;14;2;;2;;2;;2;;2;;2;;2;;2;;13;12;13;397.8631965
6038707;1;2;1;90;2;;1;12;2;;2;;2;;2;;2;;2;;2;;2;;13;12;13;397.8631965
6038707;1;3;1;90;2;;2;;2;;2;;2;;2;;2;;2;;2;;2;;13;12;13;397.8631965
6038708;1;1;1;90;2;;1;20;2;;1;20;2;;2;;2;;2;;2;;2;;13;12;13;237.82233361
6038708;1;2;1;90;2;;1;40;2;;2;;2;;2;;2;;2;;2;;2;;13;12;13;237.82233361
6038709;1;1;1;90;2;;1;14;2;;2;;2;;2;;2;;2;;2;;2;;13;12;13;442.52695136
6038709;1;2;1;90;2;;2;;2;;2;;2;;2;;2;;2;;2;;2;;13;12;13;442.52695136
6038709;1;3;1;90;2;;1;15;2;;2;;2;;2;;2;;2;;2;;2;;13;12;13;442.52695136
6038710;1;1;1;90;2;;1;15;2;;2;;2;;2;;2;;2;;2;;2;;13;12;13;380.04436933
6038710;1;2;1;90;2;;1;6;2;;2;;2;;2;;2;;2;;2;;2;;13;12;13;380.04436933
6038710;1;3;1;90;2;;2;;2;;2;;2;;2;;2;;2;;2;;2;;13;12;13;380.04436933
6038711;1;1;1;90;2;;1;15;2;;1;15;2;;2;;2;;2;;2;;2;;13;12;13;311.7426567
6038713;1;1;1;90;2;;1;10;2;;2;;2;;2;;2;;2;;2;;2;;13;12;13;453.96469242
6038713;1;2;1;90;2;;1;40;2;;2;;2;;2;;2;;2;;2;;2;;13;12;13;453.96469242
6038714;1;1;1;90;2;;1;18;2;;2;;2;;2;;2;;2;;2;;2;;13;12;13;435.10483193
6038714;1;2;1;90;2;;1;17;2;;2;;2;;2;;2;;2;;2;;2;;13;12;13;435.10483193
6038714;1;3;1;90;2;;1;10;2;;2;;2;;2;;2;;2;;2;;2;;13;12;13;435.10483193
6038714;1;4;1;90;2;;1;10;2;;2;;2;;2;;2;;2;;2;;2;;13;12;13;435.10483193
6038715;1;1;1;90;2;;1;14;2;;2;;2;;2;;2;;2;;2;;2;;13;12;13;513.5273033
6038715;1;2;1;90;2;;2;;2;;2;;2;;2;;2;;2;;2;;2;;13;12;13;513.5273033
6038715;1;3;1;90;2;;1;10;2;;2;;2;;2;;2;;2;;2;;2;;13;12;13;513.5273033
6038715;1;4;1;90;2;;1;8;2;;2;;2;;2;;2;;2;;2;;2;;13;12;13;513.5273033
6038715;1;5;1;90;2;;2;;2;;2;;2;;2;;2;;2;;2;;2;;13;12;13;513.5273033
6038716;1;1;1;90;2;;1;30;2;;2;;2;;2;;2;;2;;2;;2;;13;12;13;347.94325882
6038716;1;2;1;90;2;;2;;2;;2;;2;;2;;2;;2;;2;;2;;13;12;13;347.94325882
6038716;1;3;1;90;2;;2;;2;;2;;2;;2;;2;;2;;2;;2;;13;12;13;347.94325882
6038716;1;4;1;90;2;;1;10;2;;1;10;2;;2;;2;;2;;2;;2;;13;12;13;347.94325882
6038717;1;1;1;90;2;;1;14;2;;2;;2;;2;;2;;2;;2;;2;;13;12;13;364.10447999
6038717;1;2;1;90;2;;1;18;2;;2;;2;;2;;2;;2;;2;;2;;13;12;13;364.10447999
6038718;1;1;1;90;2;;1;30;2;;1;20;2;;2;;2;;2;;2;;2;;13;12;13;379.41100069
6038718;1;3;1;90;2;;2;;2;;2;;2;;2;;2;;2;;2;;2;;13;12;13;379.41100069
6038718;1;4;1;90;2;;1;10;2;;2;;2;;2;;2;;2;;2;;2;;13;12;13;379.41100069
6038719;1;1;1;90;2;;2;;2;;2;;2;;2;;2;;2;;2;;2;;13;12;13;456.22609153
6038719;1;2;1;90;2;;1;40;2;;1;20;2;;2;;2;;2;;2;;2;;13;12;13;456.22609153
6038720;1;1;1;90;2;;1;21;2;;2;;2;;2;;2;;2;;2;;2;;13;12;13;510.06618834
6038721;1;1;1;90;2;;1;21;2;;2;;2;;2;;2;;2;;2;;2;;13;12;13;290.1841569
6038721;1;2;1;90;2;;1;21;2;;2;;2;;2;;2;;2;;2;;2;;13;12;13;290.1841569
6038721;1;3;1;90;2;;1;21;2;;2;;2;;2;;2;;2;;2;;2;;13;12;13;290.1841569
6038722;1;1;1;90;2;;1;14;2;;2;;2;;2;;2;;2;;2;;2;;13;12;13;498.72331343
6038722;1;2;1;90;2;;1;12;2;;2;;2;;2;;2;;2;;2;;2;;13;12;13;498.72331343
6038722;1;3;1;90;2;;1;14;2;;2;;2;;2;;2;;2;;2;;2;;13;12;13;498.72331343
6038724;1;1;1;90;2;;1;10;2;;1;10;2;;2;;2;;2;;2;;2;;13;12;13;451.6066768
6038724;1;2;1;90;2;;1;20;2;;1;10;2;;2;;2;;2;;2;;2;;13;12;13;451.6066768
6038724;1;3;1;90;2;;1;10;2;;2;;2;;2;;2;;2;;2;;2;;13;12;13;451.6066768
6038724;1;4;1;90;2;;1;10;2;;2;;2;;2;;2;;2;;2;;2;;13;12;13;451.6066768
6038725;1;1;1;90;2;;2;;2;;2;;2;;2;;2;;2;;2;;2;;13;12;13;581.64793308
6038725;1;2;1;90;2;;1;20;2;;2;;2;;2;;2;;2;;2;;2;;13;12;13;581.64793308
6038725;1;3;1;90;2;;2;;2;;2;;2;;2;;2;;2;;2;;2;;13;12;13;581.64793308
6038725;1;4;1;90;2;;1;6;2;;2;;2;;2;;2;;2;;2;;2;;13;12;13;581.64793308
6038725;1;5;1;90;2;;2;;2;;2;;2;;2;;2;;2;;2;;2;;13;12;13;581.64793308
6038725;1;6;1;90;2;;1;6;2;;2;;2;;2;;2;;2;;2;;2;;13;12;13;581.64793308
6038726;1;1;1;90;2;;1;10;2;;2;;2;;2;;2;;2;;2;;2;;13;12;13;375.54222105
6038728;1;1;1;90;2;;2;;2;;2;;2;;2;;2;;2;;2;;2;;13;12;13;364.19934613
6038728;1;2;1;90;2;;1;20;2;;2;;2;;2;;2;;2;;2;;2;;13;12;13;364.19934613
6038728;1;3;1;90;2;;2;;2;;2;;2;;2;;2;;2;;2;;2;;13;12;13;364.19934613
6038729;1;1;1;90;2;;2;;2;;2;;2;;2;;2;;2;;2;;2;;13;12;13;457.54247748
6038729;1;2;1;90;2;;2;;2;;2;;2;;2;;2;;2;;2;;2;;13;12;13;457.54247748
6038729;1;3;1;90;2;;2;;2;;2;;2;;2;;2;;2;;2;;2;;13;12;13;457.54247748
6038730;1;1;1;90;2;;1;10;2;;1;20;2;;2;;2;;2;;2;;2;;13;12;13;429.57669592
6038730;1;2;1;90;2;;1;18;2;;1;20;2;;2;;2;;2;;2;;2;;13;12;13;429.57669592
6038730;1;3;1;90;2;;1;18;2;;1;20;2;;2;;2;;2;;2;;2;;13;12;13;429.57669592
6038733;1;1;1;90;2;;1;30;2;;2;;2;;2;;2;;2;;2;;2;;13;12;13;388.30439328
6038733;1;2;1;90;2;;1;15;2;;2;;2;;2;;2;;2;;2;;2;;13;12;13;388.30439328
6038733;1;3;1;90;2;;1;10;2;;2;;2;;2;;2;;2;;2;;2;;13;12;13;388.30439328
6038735;1;1;1;90;2;;1;30;2;;2;;2;;2;;2;;2;;2;;2;;13;12;13;393.92399599
6038735;1;2;1;90;2;;1;10;2;;2;;2;;2;;2;;2;;2;;2;;13;12;13;393.92399599
6038735;1;3;1;90;2;;1;10;2;;2;;2;;2;;2;;2;;2;;2;;13;12;13;393.92399599
6038735;1;4;1;90;2;;1;30;2;;2;;2;;2;;2;;2;;2;;2;;13;12;13;393.92399599
6038736;1;1;1;90;2;;1;30;2;;1;30;2;;2;;2;;2;;2;;2;;13;12;13;311.7426567
6038737;1;1;1;90;2;;2;;2;;2;;2;;2;;2;;2;;2;;2;;13;12;13;497.58741397
6038737;1;2;1;90;2;;1;20;2;;1;18;2;;2;;2;;2;;2;;2;;13;12;13;497.58741397
6038737;1;3;1;90;2;;1;12;2;;2;;2;;2;;2;;2;;2;;2;;13;12;13;497.58741397
6038737;1;4;1;90;2;;1;10;2;;2;;2;;2;;2;;2;;2;;2;;13;12;13;497.58741397
6038738;1;1;1;90;2;;2;;2;;2;;2;;2;;2;;2;;2;;2;;13;12;13;304.58473985
6038738;1;2;1;90;2;;1;16;2;;1;16;2;;2;;2;;2;;2;;2;;13;12;13;304.58473985
6038738;1;5;1;90;2;;1;10;2;;1;14;2;;2;;2;;2;;2;;2;;13;12;13;304.58473985
6038739;1;1;1;90;2;;1;10;2;;2;;2;;2;;2;;2;;2;;2;;13;12;13;310.70162339
6038739;1;2;1;90;2;;1;4;2;;2;;2;;2;;2;;2;;2;;2;;13;12;13;310.70162339
6038739;1;3;1;90;2;;1;20;2;;1;8;2;;2;;2;;2;;2;;2;;13;12;13;310.70162339
6038740;1;1;1;90;2;;1;30;2;;2;;2;;2;;2;;2;;2;;2;;13;12;13;436.98376976
6038740;1;2;1;90;2;;1;14;2;;2;;2;;2;;2;;2;;2;;2;;13;12;13;436.98376976
6038740;1;3;1;90;2;;1;3;2;;2;;2;;2;;2;;2;;2;;2;;13;12;13;436.98376976
6038743;1;1;1;90;2;;1;15;2;;2;;2;;2;;2;;2;;2;;2;;13;12;13;424.80299034
6038743;1;2;1;90;2;;1;30;2;;2;;2;;2;;2;;2;;2;;2;;13;12;13;424.80299034
6038743;1;3;1;90;2;;1;10;2;;2;;2;;2;;2;;2;;2;;2;;13;12;13;424.80299034
6038743;1;4;1;90;2;;1;10;2;;2;;2;;2;;2;;2;;2;;2;;13;12;13;424.80299034
6038744;1;1;1;90;2;;1;20;2;;1;30;2;;2;;2;;2;;2;;2;;13;12;13;469.17634697
6038744;1;2;1;90;2;;2;;2;;2;;2;;2;;2;;2;;2;;2;;13;12;13;469.17634697
6038746;1;1;1;90;2;;1;18;2;;1;12;2;;2;;2;;2;;2;;2;;13;12;13;445.22559068
6038746;1;2;1;90;2;;1;15;2;;1;6;2;;2;;2;;2;;2;;2;;13;12;13;445.22559068
6038746;1;3;1;90;2;;1;3;2;;2;;2;;2;;2;;2;;2;;2;;13;12;13;445.22559068
6038747;1;1;1;90;2;;2;;2;;2;;2;;2;;2;;2;;2;;2;;13;12;13;414.36504137
6038747;1;2;1;90;2;;1;10;2;;1;10;2;;2;;2;;2;;2;;2;;13;12;13;414.36504137
6038747;1;3;1;90;2;;1;18;2;;1;28;2;;2;;2;;2;;2;;2;;13;12;13;414.36504137
6038748;1;1;1;90;2;;1;16;2;;2;;2;;2;;2;;2;;2;;2;;13;12;13;364.10447999
6038748;1;2;1;90;2;;1;15;2;;2;;2;;2;;2;;2;;2;;2;;13;12;13;364.10447999
6038749;1;1;1;90;2;;1;21;2;;1;14;2;;2;;2;;2;;2;;2;;13;12;13;366.80311931
6038749;1;2;1;90;2;;1;3;2;;2;;2;;2;;2;;2;;2;;2;;13;12;13;366.80311931
6038750;1;1;1;90;2;;1;10;2;;2;;2;;2;;2;;2;;2;;2;;13;12;13;533.15464744
6038750;1;2;1;90;2;;1;40;2;;1;20;2;;2;;2;;2;;2;;2;;13;12;13;533.15464744
6038750;1;3;1;90;2;;2;;2;;2;;2;;2;;2;;2;;2;;2;;13;12;13;533.15464744
6038750;1;4;1;90;2;;1;20;2;;2;;2;;2;;2;;2;;2;;2;;13;12;13;533.15464744
6038750;1;5;1;90;2;;1;20;2;;2;;2;;2;;2;;2;;2;;2;;13;12;13;533.15464744
6038750;1;6;1;90;2;;1;10;2;;2;;2;;2;;2;;2;;2;;2;;13;12;13;533.15464744
6038750;1;7;1;90;2;;1;10;2;;1;20;2;;2;;2;;2;;2;;2;;13;12;13;533.15464744
6038751;1;1;1;90;2;;1;10;2;;1;12;2;;2;;2;;2;;2;;2;;13;12;13;317.0827095
6038751;1;2;1;90;2;;1;18;2;;2;;2;;2;;2;;2;;2;;2;;13;12;13;317.0827095
6038751;1;3;1;90;2;;1;3;2;;1;8;2;;2;;2;;2;;2;;2;;13;12;13;317.0827095
6038751;1;4;1;90;2;;1;18;2;;1;30;2;;2;;2;;2;;2;;2;;13;12;13;317.0827095
6038752;1;1;1;90;2;;2;;2;;2;;2;;2;;2;;2;;2;;2;;13;12;13;436.14586525
6038752;1;2;1;90;2;;1;20;2;;2;;2;;2;;2;;2;;2;;2;;13;12;13;436.14586525
6038753;1;1;1;90;2;;1;10;2;;2;;2;;2;;2;;2;;2;;2;;13;12;13;469.17634697
6038753;1;2;1;90;2;;1;30;2;;1;30;2;;2;;2;;2;;2;;2;;13;12;13;469.17634697
6038754;1;1;1;90;2;;1;10;2;;2;;2;;2;;2;;2;;2;;2;;13;12;13;402.92730031
6038754;1;2;1;90;2;;1;30;2;;1;30;2;;2;;2;;2;;2;;2;;13;12;13;402.92730031
6038754;1;3;1;90;2;;1;10;2;;2;;2;;2;;2;;2;;2;;2;;13;12;13;402.92730031
6038754;1;4;1;90;2;;1;5;2;;2;;2;;2;;2;;2;;2;;2;;13;12;13;402.92730031
6038755;1;1;1;90;2;;2;;2;;2;;2;;2;;2;;2;;2;;2;;13;12;13;426.68192817
6038755;1;2;1;90;2;;1;15;2;;2;;2;;2;;2;;2;;2;;2;;13;12;13;426.68192817
6038755;1;3;1;90;2;;1;15;2;;2;;2;;2;;2;;2;;2;;2;;13;12;13;426.68192817
6038756;1;1;1;90;2;;2;;2;;2;;2;;2;;2;;2;;2;;2;;13;12;13;346.38051896
6038756;1;2;1;90;2;;1;30;2;;2;;2;;2;;2;;2;;2;;2;;13;12;13;346.38051896
6038756;1;3;1;90;2;;1;20;2;;2;;2;;2;;2;;2;;2;;2;;13;12;13;346.38051896
6038757;1;1;1;90;2;;1;7;2;;2;;2;;2;;2;;2;;2;;2;;13;12;13;282.76203747
6038757;1;2;1;90;2;;2;;2;;2;;2;;2;;2;;2;;2;;2;;13;12;13;282.76203747
6038757;1;3;1;90;2;;1;20;2;;2;;2;;2;;2;;2;;2;;2;;13;12;13;282.76203747
6038757;1;4;1;90;2;;1;25;2;;2;;2;;2;;2;;2;;2;;2;;13;12;13;282.76203747
6038758;1;1;1;90;2;;1;3;2;;2;;2;;2;;2;;2;;2;;2;;13;12;13;270.26406782
6038758;1;2;1;90;2;;1;10;2;;1;18;2;;2;;2;;2;;2;;2;;13;12;13;270.26406782
6038758;1;5;1;90;2;;2;;2;;2;;2;;2;;2;;2;;2;;2;;13;12;13;270.26406782
6038759;1;1;1;90;2;;1;10;2;;2;;2;;2;;2;;2;;2;;2;;13;12;13;532.38716379
6038759;1;2;1;90;2;;1;20;2;;2;;2;;2;;2;;2;;2;;2;;13;12;13;532.38716379
6038759;1;3;1;90;2;;1;30;2;;2;;2;;2;;2;;2;;2;;2;;13;12;13;532.38716379
6038760;1;1;1;90;2;;1;13;2;;2;;2;;2;;2;;2;;2;;2;;13;12;13;364.19934613
6038760;1;2;1;90;2;;2;;2;;2;;2;;2;;2;;2;;2;;2;;13;12;13;364.19934613
6038760;1;3;1;90;2;;1;8;2;;2;;2;;2;;2;;2;;2;;2;;13;12;13;364.19934613
6038761;1;1;1;90;2;;2;;2;;2;;2;;2;;2;;2;;2;;2;;13;12;13;308.09785022
6038761;1;2;1;90;2;;1;10;2;;2;;2;;2;;2;;2;;2;;2;;13;12;13;308.09785022
6038761;1;3;1;90;2;;1;30;2;;2;;2;;2;;2;;2;;2;;2;;13;12;13;308.09785022
6038761;1;4;1;90;2;;1;40;2;;2;;1;30;2;;2;;2;;2;;2;;13;12;13;308.09785022
6038762;1;1;1;90;2;;1;8;2;;2;;2;;2;;2;;2;;2;;2;;13;12;13;532.38716379
6038762;1;2;1;90;2;;1;6;2;;2;;2;;2;;2;;2;;2;;2;;13;12;13;532.38716379
6038762;1;3;1;90;2;;1;3;2;;2;;2;;2;;2;;2;;2;;2;;13;12;13;532.38716379
6038763;1;1;1;90;2;;1;35;2;;2;;2;;2;;2;;2;;2;;2;;13;12;13;465.05946306
6038763;1;2;1;90;2;;2;;2;;2;;2;;2;;2;;2;;2;;2;;13;12;13;465.05946306
6038763;1;3;1;90;2;;2;;2;;2;;2;;2;;2;;2;;2;;2;;13;12;13;465.05946306
6038764;1;1;1;90;2;;1;4;2;;2;;1;15;2;;2;;2;;2;;2;;13;12;13;420.30084205
6038764;1;2;1;90;2;;2;;2;;2;;2;;2;;2;;2;;2;;2;;13;12;13;420.30084205
6038765;1;1;1;90;2;;1;10;2;;2;;2;;2;;2;;2;;2;;2;;13;12;13;420.30084205
6038765;1;2;1;90;2;;1;10;2;;2;;2;;2;;2;;2;;2;;2;;13;12;13;420.30084205
6038766;1;1;1;90;2;;2;;2;;2;;2;;2;;2;;2;;2;;2;;13;12;13;475.36130465
6038766;1;2;1;90;2;;1;10;2;;2;;2;;2;;2;;2;;2;;2;;13;12;13;475.36130465
6038766;1;3;1;90;2;;2;;2;;2;;2;;2;;2;;2;;2;;2;;13;12;13;475.36130465
6038767;1;1;1;90;2;;2;;2;;2;;2;;2;;2;;2;;2;;2;;13;12;13;420.30084205
6038767;1;2;1;90;2;;1;30;2;;2;;2;;2;;2;;2;;2;;2;;13;12;13;420.30084205
6038768;1;1;1;90;2;;2;;2;;2;;2;;2;;2;;2;;2;;2;;13;12;13;319.44072513
6038768;1;2;1;90;2;;2;;2;;2;;2;;2;;2;;2;;2;;2;;13;12;13;319.44072513
6038769;1;1;1;90;2;;1;40;2;;2;;2;;2;;2;;2;;2;;2;;13;12;13;460.34577854
6038769;1;2;1;90;2;;1;15;2;;2;;2;;2;;2;;2;;2;;2;;13;12;13;460.34577854
6038769;1;3;1;90;2;;1;30;2;;2;;2;;2;;2;;2;;2;;2;;13;12;13;460.34577854
6038770;1;1;1;90;2;;2;;2;;2;;2;;2;;2;;2;;2;;2;;13;12;13;381.92330716
6038770;1;2;1;90;2;;1;30;2;;2;;1;40;2;;2;;2;;2;;2;;13;12;13;381.92330716
6038771;1;1;1;90;2;;1;15;2;;2;;2;;2;;2;;2;;2;;2;;13;12;13;420.30084205
6038771;1;2;1;90;2;;1;20;2;;2;;2;;2;;2;;2;;2;;2;;13;12;13;420.30084205
6038772;1;1;1;90;2;;1;35;2;;2;;2;;2;;2;;2;;2;;2;;13;12;13;375.54222105
6038773;1;1;1;90;2;;1;16;2;;1;7;1;30;2;;2;;2;;2;;2;;13;12;13;248.981517
6038773;1;2;1;90;2;;1;8;2;;2;;1;2;2;;2;;2;;2;;2;;13;12;13;248.981517
6038773;1;3;1;90;2;;1;3;2;;2;;2;;2;;2;;2;;2;;2;;13;12;13;248.981517
6038773;1;4;1;90;2;;2;;2;;2;;2;;2;;2;;2;;2;;2;;13;12;13;248.981517
6038773;1;5;1;90;2;;2;;2;;2;;2;;2;;2;;2;;2;;2;;13;12;13;248.981517
6038773;1;6;1;90;2;;1;10;2;;1;18;1;10;2;;2;;2;;2;;2;;13;12;13;248.981517
6038773;1;7;1;90;2;;2;;2;;2;;2;;2;;2;;2;;2;;2;;13;12;13;248.981517
6038774;1;1;1;90;2;;1;20;2;;2;;2;;2;;2;;2;;2;;2;;13;12;13;357.72339387
6038775;1;1;1;90;2;;1;15;2;;2;;2;;2;;2;;2;;2;;2;;13;12;13;357.72339387
6038777;1;1;1;90;2;;1;3;2;;2;;2;;2;;2;;2;;2;;2;;13;12;13;411.85273489
6038777;1;2;1;90;2;;1;15;2;;1;10;2;;2;;2;;2;;2;;2;;13;12;13;411.85273489
6038777;1;3;1;90;2;;2;;2;;1;8;2;;2;;2;;2;;2;;2;;13;12;13;411.85273489
6038777;1;4;1;90;2;;1;15;2;;1;15;2;;2;;2;;2;;2;;2;;13;12;13;411.85273489
6039035;1;1;1;90;2;;2;;2;;2;;2;;2;;2;;2;;2;;2;;17;12;17;177.58284887
6039035;1;2;1;90;2;;2;;2;;2;;2;;2;;2;;2;;2;;2;;17;12;17;177.58284887
6039035;1;3;1;90;2;;1;45;2;;2;;2;;2;;2;;2;;2;;2;;17;12;17;177.58284887
6039035;1;4;1;90;2;;2;;2;;2;;2;;2;;2;;2;;2;;2;;17;12;17;177.58284887
6039036;1;1;1;90;1;4;2;;2;;2;;2;;2;;2;;2;;2;;2;;17;12;17;187.51816749
6039036;1;2;1;90;2;;1;10;2;;2;;2;;2;;2;;2;;2;;2;;17;12;17;187.51816749
6039038;1;1;1;90;2;;2;;2;;2;;2;;2;;2;;2;;2;;2;;17;12;17;199.81397298
6039038;1;2;1;90;2;;1;7;2;;2;;2;;2;;2;;2;;2;;2;;17;12;17;199.81397298
6039038;1;3;1;90;2;;1;4;2;;2;;2;;2;;2;;2;;2;;2;;17;12;17;199.81397298
6039039;1;1;1;90;2;;2;;2;;2;;2;;2;;2;;2;;2;;2;;17;12;17;187.51816749
6039039;1;2;1;90;2;;1;20;2;;2;;2;;2;;2;;2;;2;;2;;17;12;17;187.51816749
6039041;1;1;1;90;2;;2;;2;;2;;2;;2;;2;;2;;2;;2;;17;12;17;399.44278177
6039041;1;2;1;90;2;;2;;2;;2;;2;;2;;2;;2;;2;;2;;17;12;17;399.44278177
6039042;1;1;1;90;2;;1;8;2;;2;;2;;2;;2;;2;;2;;2;;17;12;17;330.45620165
6039042;1;2;1;90;2;;1;30;2;;1;18;2;;2;;2;;2;;2;;2;;17;12;17;330.45620165
6039042;1;4;1;90;2;;1;6;2;;2;;2;;2;;2;;2;;2;;2;;17;12;17;330.45620165
6039043;1;1;1;90;2;;1;14;2;;2;;2;;2;;2;;2;;2;;2;;17;12;17;216.93209979
6039043;1;2;1;90;2;;1;10;2;;2;;2;;2;;2;;2;;2;;2;;17;12;17;216.93209979
6039045;1;1;1;90;2;;1;30;2;;2;;2;;2;;2;;2;;2;;2;;17;12;17;152.90469289
6039045;1;2;1;90;2;;1;12;2;;2;;2;;2;;2;;2;;2;;2;;17;12;17;152.90469289
6039045;1;3;1;90;2;;1;7;2;;1;10;2;;2;;2;;2;;2;;2;;17;12;17;152.90469289
6039045;1;5;1;90;2;;2;;2;;2;;2;;2;;2;;2;;2;;2;;17;12;17;152.90469289
6039045;1;6;1;90;2;;2;;2;;2;;2;;2;;2;;2;;2;;2;;17;12;17;152.90469289
6039046;1;1;1;90;2;;2;;2;;2;;2;;2;;2;;2;;2;;2;;17;12;17;187.51816749
6039046;1;2;1;90;2;;2;;2;;2;;2;;2;;2;;2;;2;;2;;17;12;17;187.51816749
6039048;1;1;1;90;2;;1;5;2;;2;;2;;2;;2;;2;;2;;2;;17;12;17;201.69545782
6039048;1;2;1;90;2;;1;35;2;;2;;1;20;2;;2;;2;;2;;2;;17;12;17;201.69545782
6039048;1;3;1;90;2;;1;3;2;;2;;2;;2;;2;;2;;2;;2;;17;12;17;201.69545782
6039050;1;1;1;90;2;;1;3;2;;2;;2;;2;;2;;2;;2;;2;;17;12;17;183.15039405
6039050;1;2;1;90;2;;1;25;2;;2;;2;;2;;2;;2;;2;;2;;17;12;17;183.15039405
6039050;1;3;1;90;2;;1;30;2;;2;;2;;2;;2;;2;;2;;2;;17;12;17;183.15039405
6039051;1;1;1;90;2;;1;3;2;;2;;2;;2;;2;;2;;2;;2;;17;12;17;230.05297214
6039051;1;2;1;90;2;;1;50;2;;2;;2;;2;;2;;2;;2;;2;;17;12;17;230.05297214
6039051;1;3;1;90;2;;2;;2;;2;;2;;2;;2;;2;;2;;2;;17;12;17;230.05297214
6039053;1;1;1;90;2;;1;40;2;;2;;2;;2;;2;;2;;2;;2;;17;12;17;216.93209979
6039053;1;2;1;90;2;;2;;2;;2;;2;;2;;2;;2;;2;;2;;17;12;17;216.93209979
6039054;1;1;1;90;2;;1;10;2;;2;;2;;2;;2;;2;;2;;2;;17;12;17;201.69545782
6039054;1;2;1;90;2;;1;5;2;;2;;2;;2;;2;;2;;2;;2;;17;12;17;201.69545782
6039054;1;3;1;90;2;;1;4;2;;2;;2;;2;;2;;2;;2;;2;;17;12;17;201.69545782
6039055;1;1;1;90;2;;1;7;2;;1;14;2;;2;;2;;2;;2;;2;;17;12;17;364.23790739
6039055;1;2;1;90;2;;2;;2;;2;;2;;2;;2;;2;;2;;2;;17;12;17;364.23790739
6039056;1;1;1;90;2;;1;30;2;;2;;2;;2;;2;;2;;2;;2;;17;12;17;183.25469121
6039056;1;2;1;90;2;;2;;2;;2;;2;;2;;2;;2;;2;;2;;17;12;17;183.25469121
6039056;1;3;1;90;2;;1;10;2;;2;;2;;2;;2;;2;;2;;2;;17;12;17;183.25469121
6039056;1;4;1;90;2;;2;;2;;2;;2;;2;;2;;2;;2;;2;;17;12;17;183.25469121
6039056;1;5;1;90;2;;1;10;2;;2;;2;;2;;2;;2;;2;;2;;17;12;17;183.25469121
6039056;1;6;1;90;2;;2;;2;;2;;2;;2;;2;;2;;2;;2;;17;12;17;183.25469121
6039058;1;1;1;90;2;;1;10;2;;2;;2;;2;;2;;2;;2;;2;;17;12;17;216.93209979
6039058;1;2;1;90;2;;1;20;2;;2;;2;;2;;2;;2;;2;;2;;17;12;17;216.93209979
6039059;1;1;1;90;2;;1;7;2;;2;;2;;2;;2;;2;;2;;2;;17;12;17;202.75480947
6039060;1;1;1;90;2;;1;15;2;;2;;2;;2;;2;;2;;2;;2;;17;12;17;301.97163337
6039060;1;2;1;90;2;;2;;2;;2;;2;;2;;2;;2;;2;;2;;17;12;17;301.97163337
6039060;1;3;1;90;2;;2;;2;;2;;2;;2;;2;;2;;2;;2;;17;12;17;301.97163337
6039060;1;4;1;90;2;;1;50;2;;2;;2;;2;;2;;2;;2;;2;;17;12;17;301.97163337
6039060;1;5;1;90;2;;1;4;2;;2;;2;;2;;2;;2;;2;;2;;17;12;17;301.97163337
6039060;1;6;1;90;2;;1;4;2;;2;;2;;2;;2;;2;;2;;2;;17;12;17;301.97163337
6039061;1;1;1;90;2;;1;5;2;;2;;2;;2;;2;;2;;2;;2;;17;12;17;199.81397298
6039061;1;2;1;90;2;;1;5;2;;2;;2;;2;;2;;2;;1;5;2;;17;12;17;199.81397298
6039061;1;3;1;90;2;;1;5;2;;2;;2;;2;;2;;2;;2;;2;;17;12;17;199.81397298
6039062;1;1;1;90;2;;1;25;2;;2;;2;;2;;2;;2;;2;;2;;17;12;17;203.81122744
6039063;1;1;1;90;2;;2;;2;;2;;2;;2;;2;;2;;2;;2;;17;12;17;187.51816749
6039063;1;2;1;90;2;;1;45;2;;2;;2;;2;;2;;2;;2;;2;;17;12;17;187.51816749
6039064;1;1;1;90;2;;1;6;2;;2;;2;;2;;2;;2;;2;;2;;17;12;17;216.93209979
6039064;1;2;1;90;2;;1;21;2;;2;;2;;2;;2;;2;;2;;2;;17;12;17;216.93209979
6039065;1;1;1;90;2;;1;5;2;;2;;2;;2;;2;;2;;2;;2;;17;12;17;122.06759196
6039065;1;2;1;90;2;;2;;2;;2;;2;;2;;2;;2;;2;;2;;17;12;17;122.06759196
6039065;1;3;1;90;2;;2;;2;;2;;2;;2;;2;;2;;2;;2;;17;12;17;122.06759196
6039065;1;4;1;90;2;;1;30;2;;2;;2;;2;;2;;2;;2;;2;;17;12;17;122.06759196
6039067;1;1;1;90;2;;2;;2;;2;;2;;2;;2;;2;;2;;2;;17;12;17;187.51816749
6039067;1;2;1;90;2;;1;10;2;;2;;2;;2;;2;;2;;2;;2;;17;12;17;187.51816749
6039068;1;1;1;90;2;;1;30;2;;2;;2;;2;;2;;2;;2;;2;;17;12;17;215.87568182
6039068;1;2;1;90;2;;2;;2;;2;;2;;2;;2;;2;;2;;2;;17;12;17;215.87568182
6039069;1;1;1;90;2;;1;20;2;;2;;2;;2;;2;;2;;2;;2;;17;12;17;364.23790739
6039069;1;2;1;90;2;;1;20;2;;2;;2;;2;;2;;2;;2;;2;;17;12;17;364.23790739
6039070;1;1;1;90;2;;1;30;2;;2;;2;;2;;2;;2;;2;;2;;17;12;17;216.10703294
6039070;1;2;1;90;2;;1;10;2;;2;;2;;2;;2;;2;;2;;2;;17;12;17;216.10703294
6039071;1;1;1;90;2;;1;40;2;;2;;2;;2;;2;;2;;2;;2;;17;12;17;215.87568182
6039071;1;2;1;90;2;;2;;2;;2;;2;;2;;2;;2;;2;;2;;17;12;17;215.87568182
6039073;1;1;1;90;2;;2;;2;;2;;2;;2;;2;;2;;2;;2;;17;12;17;126.68301632
6039073;1;2;1;90;2;;2;;2;;2;;2;;2;;2;;2;;2;;2;;17;12;17;126.68301632
6039073;1;3;1;90;2;;2;;2;;2;;2;;2;;2;;2;;2;;2;;17;12;17;126.68301632
6039073;1;4;1;90;2;;2;;2;;2;;2;;2;;2;;2;;2;;2;;17;12;17;126.68301632
6039073;1;5;1;90;2;;1;14;2;;2;;2;;2;;2;;2;;2;;2;;17;12;17;126.68301632
6039073;1;6;1;90;2;;1;14;2;;2;;2;;2;;2;;2;;2;;2;;17;12;17;126.68301632
6039074;1;1;1;90;2;;2;;2;;2;;2;;2;;2;;2;;2;;2;;17;12;17;252.13697417
6039074;1;2;1;90;2;;1;20;2;;2;;2;;2;;2;;2;;2;;2;;17;12;17;252.13697417
6039075;1;1;1;90;2;;1;20;2;;1;15;2;;2;;2;;2;;2;;2;;17;12;17;232.39213866
6039075;1;2;1;90;2;;1;4;2;;2;;2;;2;;2;;2;;2;;2;;17;12;17;232.39213866
6039077;1;1;1;90;2;;2;;2;;2;;2;;2;;2;;2;;2;;2;;17;12;17;252.13697417
6039077;1;2;1;90;2;;1;25;2;;2;;2;;2;;2;;2;;2;;2;;17;12;17;252.13697417
6039078;1;1;1;90;2;;1;10;2;;2;;2;;2;;2;;2;;2;;2;;17;12;17;221.29987323
6039079;1;1;1;90;2;;2;;2;;2;;2;;2;;2;;2;;2;;2;;17;12;17;187.51816749
6039079;1;2;1;90;2;;2;;2;;2;;2;;2;;2;;2;;2;;2;;17;12;17;187.51816749
6039080;1;1;1;90;2;;2;;2;;1;20;2;;2;;2;;2;;2;;2;;17;12;17;399.44278177
6039080;1;2;1;90;2;;1;20;2;;1;15;2;;2;;2;;2;;2;;2;;17;12;17;399.44278177
6039081;1;1;1;90;2;;2;;2;;1;5;2;;2;;2;;2;;2;;2;;17;12;17;252.13697417
6039081;1;2;1;90;2;;1;30;2;;1;30;2;;2;;2;;2;;2;;2;;17;12;17;252.13697417
6039083;1;1;1;90;2;;2;;2;;2;;2;;2;;2;;2;;2;;2;;17;12;17;241.52371078
6039083;1;2;1;90;2;;1;45;2;;2;;2;;2;;2;;2;;2;;2;;17;12;17;241.52371078
6039083;1;3;1;90;2;;2;;2;;2;;2;;2;;2;;2;;2;;2;;17;12;17;241.52371078
6039083;1;4;1;90;2;;2;;2;;2;;2;;2;;2;;2;;2;;2;;17;12;17;241.52371078
6039084;1;1;1;90;2;;1;3;2;;2;;2;;2;;2;;2;;2;;2;;17;12;17;176.5264309
6039084;1;2;1;90;2;;1;10;2;;2;;2;;2;;2;;2;;2;;2;;17;12;17;176.5264309
6039084;1;3;1;90;2;;2;;2;;2;;2;;2;;2;;2;;2;;2;;17;12;17;176.5264309
6039084;1;4;1;90;2;;1;20;2;;2;;2;;2;;2;;2;;2;;2;;17;12;17;176.5264309
6039087;1;1;1;90;2;;2;;2;;2;;2;;2;;2;;2;;2;;2;;17;12;17;167.91375207
6039087;1;2;1;90;2;;2;;2;;2;;2;;2;;2;;2;;2;;2;;17;12;17;167.91375207
6039087;1;3;1;90;2;;2;;2;;2;;2;;2;;2;;2;;2;;2;;17;12;17;167.91375207
6039087;1;4;1;90;2;;2;;2;;2;;2;;2;;2;;2;;2;;2;;17;12;17;167.91375207
6039088;1;1;1;90;2;;2;;2;;2;;2;;2;;2;;2;;2;;2;;17;12;17;169.90246774
6039088;1;2;1;90;2;;1;40;2;;2;;2;;2;;2;;2;;2;;2;;17;12;17;169.90246774
6039088;1;3;1;90;2;;2;;2;;2;;2;;2;;2;;2;;2;;2;;17;12;17;169.90246774
6039088;1;4;1;90;2;;2;;2;;2;;2;;2;;2;;2;;2;;2;;17;12;17;169.90246774
6039088;1;5;1;90;2;;2;;2;;2;;2;;2;;2;;2;;2;;2;;17;12;17;169.90246774
6039089;1;1;1;90;2;;2;;2;;2;;2;;2;;2;;2;;2;;2;;17;12;17;210.30813664
6039089;1;2;1;90;2;;2;;2;;2;;2;;2;;2;;2;;2;;2;;17;12;17;210.30813664
6039089;1;3;1;90;2;;2;;2;;2;;2;;2;;2;;2;;2;;2;;17;12;17;210.30813664
6039090;1;1;1;90;2;;1;5;2;;2;;2;;2;;2;;2;;2;;2;;17;12;17;187.51816749
6039090;1;2;1;90;2;;1;14;2;;2;;2;;2;;2;;2;;2;;2;;17;12;17;187.51816749
6039091;1;1;1;90;2;;1;30;2;;2;;2;;2;;2;;2;;2;;2;;17;12;17;473.07303041
6039091;1;2;1;90;2;;2;;2;;2;;2;;2;;2;;2;;2;;2;;17;12;17;473.07303041
6039092;1;1;1;90;2;;1;5;2;;2;;2;;2;;2;;2;;2;;2;;17;12;17;200.87039096
6039092;1;2;1;90;2;;1;30;2;;2;;2;;2;;2;;2;;2;;2;;17;12;17;200.87039096
6039092;1;3;1;90;2;;1;5;2;;2;;2;;2;;2;;2;;2;;2;;17;12;17;200.87039096
6039093;1;1;1;90;2;;1;5;2;;2;;2;;2;;2;;2;;2;;2;;17;12;17;377.35877974
6039093;1;2;1;90;2;;1;35;2;;1;20;2;;2;;2;;2;;2;;2;;17;12;17;377.35877974
6039093;1;3;1;90;2;;1;7;2;;2;;2;;2;;2;;2;;2;;2;;17;12;17;377.35877974
6039094;1;1;1;90;2;;2;;2;;2;;2;;2;;2;;2;;2;;2;;17;12;17;196.13084631
6039094;1;2;1;90;2;;1;20;2;;2;;2;;2;;2;;2;;2;;2;;17;12;17;196.13084631
6039095;1;1;1;90;2;;1;35;2;;2;;2;;2;;2;;2;;2;;2;;17;12;17;200.63903984
6039095;1;2;1;90;2;;1;5;2;;2;;2;;2;;2;;2;;2;;2;;17;12;17;200.63903984
6039095;1;3;1;90;2;;1;7;2;;2;;2;;2;;2;;2;;2;;2;;17;12;17;200.63903984
6039096;1;1;1;90;2;;2;;2;;2;;2;;2;;2;;2;;2;;2;;17;12;17;411.73858726
6039096;1;2;1;90;2;;1;10;2;;2;;2;;2;;2;;2;;2;;2;;17;12;17;411.73858726
6039096;1;3;1;90;2;;1;25;2;;2;;2;;2;;2;;2;;2;;2;;17;12;17;411.73858726
6039097;1;1;1;90;2;;2;;2;;2;;2;;2;;2;;2;;2;;2;;17;12;17;221.29987323
6039099;1;1;1;90;2;;1;5;2;;2;;2;;2;;2;;2;;2;;2;;17;12;17;252.13697417
6039099;1;2;1;90;2;;1;30;2;;2;;2;;2;;2;;2;;2;;2;;17;12;17;252.13697417
6039100;1;1;1;90;2;;1;20;2;;2;;1;20;2;;2;;2;;2;;2;;17;12;17;234.42074558
6039100;1;2;1;90;2;;1;4;2;;2;;2;;2;;2;;2;;2;;2;;17;12;17;234.42074558
6039102;1;1;1;90;2;;1;20;2;;2;;2;;2;;2;;2;;2;;2;;17;12;17;210.30813664
6039102;1;2;1;90;2;;2;;2;;2;;2;;2;;2;;2;;2;;2;;17;12;17;210.30813664
6039102;1;3;1;90;2;;2;;2;;2;;2;;2;;2;;2;;2;;2;;17;12;17;210.30813664
6039104;1;1;1;90;2;;1;30;2;;2;;2;;2;;2;;2;;2;;2;;17;12;17;203.68417348
6039104;1;2;1;90;2;;2;;2;;2;;2;;2;;2;;2;;2;;2;;17;12;17;203.68417348
6039104;1;3;1;90;2;;2;;2;;2;;2;;2;;2;;2;;2;;2;;17;12;17;203.68417348
6039104;1;4;1;90;2;;1;3;2;;2;;2;;2;;2;;2;;2;;2;;17;12;17;203.68417348
6039106;1;1;1;90;2;;1;2;2;;2;;2;;2;;2;;2;;2;;2;;17;12;17;216.93209979
6039106;1;2;1;90;2;;1;3;2;;2;;2;;2;;2;;2;;2;;2;;17;12;17;216.93209979
6039107;1;1;1;90;2;;1;5;2;;2;;2;;2;;2;;2;;2;;2;;17;12;17;230.05297214
6039107;1;2;1;90;2;;1;5;2;;2;;2;;2;;2;;2;;2;;2;;17;12;17;230.05297214
6039107;1;3;1;90;2;;1;14;2;;2;;2;;2;;2;;2;;2;;2;;17;12;17;230.05297214
6039108;1;1;1;90;2;;1;30;2;;2;;2;;2;;2;;2;;2;;2;;17;12;17;208.42665181
6039108;1;2;1;90;2;;2;;2;;2;;2;;2;;2;;2;;2;;2;;17;12;17;208.42665181
6039108;1;3;1;90;2;;2;;2;;2;;2;;2;;2;;2;;2;;2;;17;12;17;208.42665181
6039109;1;1;1;90;2;;1;8;2;;2;;2;;2;;2;;2;;2;;2;;17;12;17;187.51816749
6039109;1;2;1;90;2;;1;5;2;;2;;2;;2;;2;;2;;2;;2;;17;12;17;187.51816749
6039110;1;1;1;90;2;;1;20;2;;2;;2;;2;;2;;2;;2;;2;;17;12;17;202.75480947
6039111;1;1;1;90;2;;1;10;2;;2;;2;;2;;2;;2;;2;;2;;17;12;17;187.51816749
6039111;1;2;1;90;2;;1;8;2;;2;;2;;2;;2;;2;;2;;2;;17;12;17;187.51816749
6039112;1;1;1;90;2;;1;20;2;;2;;2;;2;;2;;2;;2;;2;;17;12;17;172.50910831
6039112;1;2;1;90;2;;1;10;2;;2;;2;;2;;2;;2;;2;;2;;17;12;17;172.50910831
6039112;1;3;1;90;2;;1;5;2;;2;;2;;2;;2;;2;;2;;2;;17;12;17;172.50910831
6039113;1;1;1;90;2;;1;30;2;;2;;2;;2;;2;;2;;2;;2;;17;12;17;170.0295217
6039113;1;2;1;90;2;;1;15;2;;2;;2;;2;;2;;2;;2;;2;;17;12;17;170.0295217
6039115;1;1;1;90;2;;1;6;2;;2;;2;;2;;2;;2;;2;;2;;17;12;17;229.22790529
6039115;1;2;1;90;2;;2;;2;;2;;2;;2;;2;;2;;2;;2;;17;12;17;229.22790529
6039115;1;3;1;90;2;;2;;2;;2;;2;;2;;2;;2;;2;;2;;17;12;17;229.22790529
6039116;1;1;1;90;2;;1;4;2;;2;;2;;2;;2;;2;;2;;2;;17;12;17;297.15806743
6039116;1;2;1;90;2;;1;30;2;;2;;2;;2;;2;;2;;2;;2;;17;12;17;297.15806743
6039119;1;1;1;90;2;;2;;2;;2;;2;;2;;2;;2;;2;;2;;17;12;17;170.0295217
6039119;1;2;1;90;2;;1;7;2;;2;;2;;2;;2;;2;;2;;2;;17;12;17;170.0295217
6039120;1;1;1;90;2;;1;50;2;;2;;2;;2;;2;;2;;2;;2;;17;12;17;137.30423393
6039120;1;2;1;90;2;;2;;2;;2;;2;;2;;2;;2;;2;;2;;17;12;17;137.30423393
6039120;1;3;1;90;2;;2;;2;;2;;2;;2;;2;;2;;2;;2;;17;12;17;137.30423393
6039123;1;1;1;90;2;;1;10;2;;2;;2;;2;;2;;2;;2;;2;;17;12;17;187.51816749
6039123;1;2;1;90;2;;1;35;2;;2;;2;;2;;2;;2;;2;;2;;17;12;17;187.51816749
6039124;1;1;1;90;2;;1;14;2;;2;;1;48;2;;2;;2;;2;;2;;17;12;17;297.73091388
6039124;1;2;1;90;2;;2;;2;;2;;2;;2;;2;;2;;2;;2;;17;12;17;297.73091388
6039124;1;3;1;90;2;;1;20;2;;2;;2;;2;;2;;2;;2;;2;;17;12;17;297.73091388
6039124;1;4;1;90;2;;2;;2;;1;40;1;20;2;;2;;2;;2;;2;;17;12;17;297.73091388
6039126;1;1;1;90;2;;1;10;2;;2;;2;;2;;2;;2;;2;;2;;17;12;17;248.8323207
6039127;1;1;1;90;2;;2;;2;;2;;2;;2;;2;;2;;2;;2;;17;12;17;216.93209979
6039127;1;2;1;90;2;;1;30;2;;2;;2;;2;;2;;2;;2;;2;;17;12;17;216.93209979
6039128;1;1;1;90;2;;1;10;2;;2;;2;;2;;2;;2;;2;;2;;17;12;17;223.2885889
6039128;1;2;1;90;2;;1;10;2;;2;;2;;2;;2;;2;;2;;2;;17;12;17;223.2885889
6039129;1;1;1;90;2;;1;30;2;;2;;2;;2;;2;;2;;2;;2;;17;12;17;208.42665181
6039129;1;2;1;90;2;;1;5;2;;2;;2;;2;;2;;2;;2;;2;;17;12;17;208.42665181
6039129;1;3;1;90;2;;1;5;2;;2;;2;;2;;2;;2;;2;;2;;17;12;17;208.42665181
6039130;1;1;1;90;2;;1;3;2;;2;;2;;2;;2;;2;;2;;2;;17;12;17;223.2885889
6039130;1;2;1;90;2;;1;3;2;;2;;2;;2;;2;;2;;2;;2;;17;12;17;223.2885889
6039131;1;1;1;90;2;;1;7;2;;2;;2;;2;;2;;2;;2;;2;;17;12;17;248.8323207
6039132;1;1;1;90;2;;1;10;2;;2;;2;;2;;2;;2;;2;;2;;17;12;17;287.34184854
6039132;1;2;1;90;2;;1;10;2;;2;;2;;2;;2;;2;;2;;2;;17;12;17;287.34184854
6039133;1;1;1;90;2;;1;3;2;;2;;2;;2;;2;;2;;2;;2;;17;12;17;233.84332965
6039133;1;2;1;90;2;;2;;2;;2;;2;;2;;2;;2;;2;;2;;17;12;17;233.84332965
6039133;1;3;1;90;2;;2;;2;;2;;2;;2;;2;;2;;2;;2;;17;12;17;233.84332965
6039133;1;4;1;90;2;;2;;2;;2;;2;;2;;2;;2;;2;;2;;17;12;17;233.84332965
6039133;1;5;1;90;2;;2;;2;;2;;2;;2;;2;;2;;2;;2;;17;12;17;233.84332965
6039134;1;1;1;90;2;;1;24;2;;2;;2;;2;;2;;2;;2;;2;;17;12;17;202.75480947
6039137;1;1;1;90;2;;1;10;2;;2;;2;;2;;2;;2;;2;;2;;17;12;17;168.97310372
6039137;1;2;1;90;2;;1;30;2;;1;10;2;;2;;2;;2;;2;;2;;17;12;17;168.97310372
6039138;1;1;1;90;2;;1;30;2;;2;;2;;2;;2;;2;;2;;2;;17;12;17;208.42665181
6039138;1;2;1;90;2;;1;2;2;;2;;2;;2;;2;;2;;2;;2;;17;12;17;208.42665181
6039138;1;3;1;90;2;;2;;2;;2;;2;;2;;2;;2;;2;;2;;17;12;17;208.42665181
6039139;1;1;1;90;2;;1;4;2;;2;;2;;2;;2;;2;;2;;2;;17;12;17;203.81122744
6039140;1;1;1;90;2;;1;5;2;;2;;2;;2;;2;;2;;2;;2;;17;12;17;249.65738756
6039141;1;1;1;90;2;;1;30;2;;2;;2;;2;;2;;2;;2;;2;;17;12;17;168.97310372
6039141;1;2;1;90;2;;1;30;2;;2;;2;;2;;2;;2;;2;;2;;17;12;17;168.97310372
6039142;1;1;1;90;2;;1;20;2;;2;;2;;2;;2;;2;;2;;2;;17;12;17;183.15039405
6039142;1;2;1;90;2;;1;5;2;;2;;2;;2;;2;;2;;2;;2;;17;12;17;183.15039405
6039142;1;3;1;90;2;;2;;2;;2;;2;;2;;2;;2;;2;;2;;17;12;17;183.15039405
6039145;1;1;1;90;2;;1;5;2;;2;;2;;2;;2;;2;;2;;2;;17;12;17;172.28152551
6039145;1;2;1;90;2;;1;24;2;;2;;2;;2;;2;;2;;2;;2;;17;12;17;172.28152551
6039145;1;3;1;90;2;;1;3;2;;2;;2;;2;;2;;2;;2;;2;;17;12;17;172.28152551
6039146;1;1;1;90;2;;1;5;2;;2;;2;;2;;2;;2;;2;;2;;17;12;17;215.87568182
6039146;1;2;1;90;2;;1;35;2;;2;;2;;2;;2;;2;;2;;2;;17;12;17;215.87568182
6039148;1;1;1;90;2;;1;6;2;;2;;2;;2;;2;;2;;2;;2;;17;12;17;215.05061496
6039148;1;2;1;90;2;;1;6;2;;2;;2;;2;;2;;2;;2;;2;;17;12;17;215.05061496
6039149;1;1;1;90;2;;1;4;2;;2;;2;;2;;2;;2;;2;;2;;17;12;17;168.97017005
6039149;1;2;1;90;2;;1;7;2;;2;;2;;2;;2;;2;;2;;2;;17;12;17;168.97017005
6039149;1;3;1;90;2;;2;;2;;2;;2;;2;;2;;2;;2;;2;;17;12;17;168.97017005
6039149;1;4;1;90;2;;1;6;2;;2;;2;;2;;2;;2;;2;;2;;17;12;17;168.97017005
6039150;1;1;1;90;2;;1;24;2;;1;20;2;;2;;2;;2;;2;;2;;17;12;17;224.02711077
6039150;1;2;1;90;2;;2;;2;;2;;2;;2;;2;;2;;2;;2;;17;12;17;224.02711077
6039150;1;3;1;90;2;;1;10;2;;2;;2;;2;;2;;2;;2;;2;;17;12;17;224.02711077
6039150;1;4;1;90;2;;1;7;2;;2;;2;;2;;2;;2;;2;;2;;17;12;17;224.02711077
6039150;1;5;1;90;2;;2;;2;;1;20;2;;2;;2;;2;;2;;2;;17;12;17;224.02711077
6039152;1;1;1;90;2;;1;15;2;;2;;2;;2;;2;;2;;2;;2;;17;12;17;202.75480947
6039153;1;1;1;90;2;;1;10;2;;2;;2;;2;;2;;2;;2;;2;;17;12;17;202.75480947
6039154;1;1;1;90;2;;2;;2;;2;;2;;2;;2;;2;;2;;2;;17;12;17;251.44437317
6039154;1;2;1;90;2;;1;45;2;;2;;2;;2;;2;;2;;2;;2;;17;12;17;251.44437317
6039154;1;3;1;90;2;;2;;2;;2;;2;;2;;2;;2;;2;;2;;17;12;17;251.44437317
6039154;1;4;1;90;2;;1;20;2;;2;;2;;2;;2;;2;;2;;2;;17;12;17;251.44437317
6039154;1;7;1;90;2;;2;;2;;2;;2;;2;;2;;2;;2;;2;;17;12;17;251.44437317
6039155;1;1;1;90;2;;2;;2;;2;;2;;2;;2;;2;;2;;2;;17;12;17;200.63903984
6039155;1;2;1;90;2;;1;30;2;;2;;2;;2;;2;;2;;2;;2;;17;12;17;200.63903984
6039155;1;3;1;90;2;;1;5;2;;2;;2;;2;;2;;2;;2;;2;;17;12;17;200.63903984
6039156;1;1;1;90;2;;1;15;2;;2;;2;;2;;2;;2;;2;;2;;17;12;17;245.51301101
6039156;1;2;1;90;2;;1;5;2;;2;;2;;2;;2;;2;;2;;2;;17;12;17;245.51301101
6039156;1;3;1;90;2;;2;;2;;2;;2;;2;;2;;2;;2;;2;;17;12;17;245.51301101
6039157;1;1;1;90;2;;1;5;2;;2;;2;;2;;2;;2;;2;;2;;17;12;17;295.47472417
6039157;1;2;1;90;2;;1;30;2;;2;;2;;2;;2;;2;;2;;2;;17;12;17;295.47472417
6039157;1;3;1;90;2;;1;7;2;;2;;2;;2;;2;;2;;2;;2;;17;12;17;295.47472417
6039157;1;5;1;90;2;;2;;2;;2;;2;;2;;2;;2;;2;;2;;17;12;17;295.47472417
6039158;1;1;1;90;2;;1;20;2;;2;;2;;2;;2;;2;;2;;2;;17;12;17;251.18485335
6039158;1;2;1;90;2;;1;30;2;;2;;2;;2;;2;;2;;2;;2;;17;12;17;251.18485335
6039158;1;3;1;90;2;;2;;2;;2;;2;;2;;2;;2;;2;;2;;17;12;17;251.18485335
6039158;1;4;1;90;2;;2;;2;;2;;2;;2;;2;;2;;2;;2;;17;12;17;251.18485335
6039158;1;5;1;90;2;;1;20;2;;2;;2;;2;;2;;2;;2;;2;;17;12;17;251.18485335
6039160;1;1;1;90;2;;1;4;2;;2;;2;;2;;2;;2;;2;;2;;17;12;17;234.42074558
6039160;1;2;1;90;2;;1;5;2;;2;;2;;2;;2;;2;;2;;2;;17;12;17;234.42074558
6039161;1;1;1;90;2;;1;7;2;;1;16;2;;2;;2;;2;;2;;2;;17;12;17;399.44278177
6039161;1;2;1;90;2;;2;;2;;2;;2;;2;;2;;2;;2;;2;;17;12;17;399.44278177
6039162;1;1;1;90;2;;2;;2;;2;;2;;2;;2;;2;;2;;2;;17;12;17;188.57458546
6039162;1;2;1;90;2;;1;40;2;;2;;2;;2;;2;;2;;2;;2;;17;12;17;188.57458546
6039163;1;1;1;90;2;;1;3;2;;2;;2;;2;;2;;2;;2;;2;;17;12;17;384.20613979
6039163;1;2;1;90;2;;1;40;2;;2;;2;;2;;2;;2;;2;;2;;17;12;17;384.20613979
6039163;1;5;1;90;2;;1;3;2;;2;;2;;2;;2;;2;;2;;2;;17;12;17;384.20613979
6039164;1;1;1;90;2;;1;20;2;;2;;2;;2;;2;;2;;2;;2;;17;12;17;202.75480947
6039165;1;1;1;90;2;;1;30;2;;1;25;1;30;2;;2;;2;;2;;2;;17;12;17;202.75480947
6039166;1;1;1;90;2;;2;;2;;2;;2;;2;;2;;2;;2;;2;;17;12;17;202.75480947
6039167;1;1;1;90;2;;1;6;2;;2;;2;;2;;2;;2;;2;;2;;17;12;17;168.97310372
6039167;1;2;1;90;2;;1;25;2;;2;;2;;2;;2;;2;;2;;2;;17;12;17;168.97310372
6039168;1;1;1;90;2;;2;;2;;2;;2;;2;;2;;2;;2;;2;;17;12;17;187.51816749
6039168;1;2;1;90;2;;1;30;2;;2;;2;;2;;2;;2;;2;;2;;17;12;17;187.51816749
6039169;1;1;1;90;2;;1;30;2;;2;;2;;2;;2;;2;;2;;2;;17;12;17;202.75480947
6039170;1;1;1;90;2;;1;20;2;;2;;2;;2;;2;;2;;2;;2;;17;12;17;202.75480947
6039171;1;1;1;90;2;;1;30;2;;2;;2;;2;;2;;2;;2;;2;;17;12;17;196.13084631
6039171;1;2;1;90;2;;2;;2;;2;;2;;2;;2;;2;;2;;2;;17;12;17;196.13084631
6039172;1;1;1;90;2;;1;30;2;;2;;2;;2;;2;;2;;2;;2;;17;12;17;211.0466585
6039172;1;2;1;90;2;;1;10;2;;2;;2;;2;;2;;2;;2;;2;;17;12;17;211.0466585
6039172;1;3;1;90;2;;1;7;2;;1;16;2;;2;;2;;2;;2;;2;;17;12;17;211.0466585
6039172;1;5;1;90;2;;1;7;2;;2;;2;;2;;2;;2;;2;;2;;17;12;17;211.0466585
6039172;1;6;1;90;2;;2;;2;;2;;2;;2;;2;;2;;2;;2;;17;12;17;211.0466585
6039172;1;7;1;90;2;;2;;2;;2;;2;;2;;2;;2;;2;;2;;17;12;17;211.0466585
6039174;1;1;1;90;2;;1;7;2;;2;;2;;2;;2;;2;;2;;2;;17;12;17;261.95319305
6039174;1;2;1;90;2;;2;;2;;2;;2;;2;;2;;2;;2;;2;;17;12;17;261.95319305
6039175;1;1;1;90;2;;1;10;2;;2;;2;;2;;2;;2;;2;;2;;17;12;17;473.07303041
6039175;1;2;1;90;2;;1;20;2;;2;;2;;2;;2;;2;;2;;2;;17;12;17;473.07303041
6039175;1;3;1;90;2;;1;5;2;;2;;2;;2;;2;;2;;2;;2;;17;12;17;473.07303041
6039176;1;1;1;90;2;;1;15;2;;2;;2;;2;;2;;2;;2;;2;;17;12;17;202.75480947
6039177;1;1;1;90;2;;2;;2;;2;;2;;2;;2;;2;;2;;2;;17;12;17;200.63903984
6039177;1;2;1;90;2;;1;10;2;;2;;2;;2;;2;;2;;2;;2;;17;12;17;200.63903984
6039177;1;3;1;90;2;;1;5;2;;2;;2;;2;;2;;2;;2;;2;;17;12;17;200.63903984
6039178;1;1;1;90;2;;2;;2;;2;;2;;2;;2;;2;;2;;2;;17;12;17;203.68417348
6039178;1;2;1;90;2;;1;21;2;;2;;2;;2;;2;;2;;2;;2;;17;12;17;203.68417348
6039178;1;3;1;90;2;;2;;2;;2;;2;;2;;2;;2;;2;;2;;17;12;17;203.68417348
6039178;1;4;1;90;2;;2;;2;;2;;2;;2;;2;;2;;2;;2;;17;12;17;203.68417348
6039180;1;1;1;90;2;;1;10;2;;2;;2;;2;;2;;2;;2;;2;;17;12;17;180.89420434
6039180;1;2;1;90;2;;1;30;2;;2;;2;;2;;2;;2;;2;;2;;17;12;17;180.89420434
6039180;1;3;1;90;2;;1;3;2;;2;;2;;2;;2;;2;;2;;2;;17;12;17;180.89420434
6039181;1;1;1;90;2;;2;;2;;2;;2;;2;;2;;2;;2;;2;;17;12;17;167.91375207
6039181;1;2;1;90;2;;1;30;2;;2;;2;;2;;2;;2;;2;;2;;17;12;17;167.91375207
6039181;1;3;1;90;2;;1;10;2;;2;;2;;2;;2;;2;;2;;2;;17;12;17;167.91375207
6039181;1;4;1;90;2;;2;;2;;2;;2;;2;;2;;2;;2;;2;;17;12;17;167.91375207
6039184;1;1;1;90;2;;1;20;2;;2;;2;;2;;2;;2;;2;;2;;17;12;17;202.75480947
6039185;1;1;1;90;2;;2;;2;;2;;2;;2;;2;;2;;2;;2;;17;12;17;399.44278177
6039185;1;2;1;90;2;;1;60;2;;2;;2;;2;;2;;2;;2;;2;;17;12;17;399.44278177
6039186;1;1;1;90;2;;1;20;2;;1;20;2;;2;;2;;2;;2;;2;;17;12;17;250.25548934
6039186;1;2;1;90;2;;1;14;2;;2;;2;;2;;2;;2;;2;;2;;17;12;17;250.25548934
6039188;1;1;1;90;2;;1;40;2;;2;;2;;2;;2;;2;;2;;2;;17;12;17;209.25171866
6039188;1;2;1;90;2;;2;;2;;2;;2;;2;;2;;2;;2;;2;;17;12;17;209.25171866
6039188;1;3;1;90;2;;2;;2;;2;;2;;2;;2;;2;;2;;2;;17;12;17;209.25171866
6039189;1;1;1;90;2;;1;20;2;;2;;2;;2;;2;;2;;2;;2;;17;12;17;203.81122744
6039190;1;1;1;90;2;;1;30;2;;1;20;2;;2;;2;;2;;2;;2;;17;12;17;201.80268865
6039190;1;2;1;90;2;;1;3;2;;2;;2;;2;;2;;2;;2;;2;;17;12;17;201.80268865
6039190;1;3;1;90;2;;1;2;2;;2;;2;;2;;2;;2;;2;;2;;17;12;17;201.80268865
6039190;1;4;1;90;2;;1;2;2;;2;;2;;2;;2;;2;;2;;2;;17;12;17;201.80268865
6039191;1;1;1;90;2;;2;;2;;2;;2;;2;;2;;2;;2;;2;;17;12;17;210.30813664
6039191;1;2;1;90;2;;1;20;2;;2;;2;;2;;2;;2;;2;;2;;17;12;17;210.30813664
6039191;1;3;1;90;2;;2;;2;;2;;2;;2;;2;;2;;2;;2;;17;12;17;210.30813664
6039192;1;1;1;90;2;;1;30;2;;2;;2;;2;;2;;2;;2;;2;;17;12;17;202.75480947
6039193;1;1;1;90;2;;1;5;2;;2;;2;;2;;2;;2;;2;;2;;17;12;17;202.75480947
6039194;1;1;1;90;2;;1;10;2;;2;;2;;2;;2;;2;;2;;2;;17;12;17;249.65738756
6039195;1;1;1;90;2;;1;20;2;;2;;2;;2;;2;;2;;2;;2;;17;12;17;229.22790529
6039195;1;2;1;90;2;;1;5;2;;2;;2;;2;;2;;2;;2;;2;;17;12;17;229.22790529
6039195;1;3;1;90;2;;1;5;2;;2;;2;;2;;2;;2;;2;;2;;17;12;17;229.22790529
6039196;1;1;1;90;2;;1;3;2;;2;;2;;2;;2;;2;;2;;2;;17;12;17;216.93209979
6039196;1;2;1;90;2;;1;15;2;;2;;2;;2;;2;;2;;2;;2;;17;12;17;216.93209979
6039197;1;1;1;90;2;;1;30;2;;2;;2;;2;;2;;2;;2;;2;;17;12;17;119.95475601
6039197;1;2;1;90;2;;1;5;2;;2;;2;;2;;2;;2;;2;;2;;17;12;17;119.95475601
6039197;1;3;1;90;2;;2;;2;;2;;2;;2;;2;;2;;2;;2;;17;12;17;119.95475601
6039197;1;4;1;90;2;;2;;2;;2;;2;;2;;2;;2;;2;;2;;17;12;17;119.95475601
6039198;1;1;1;90;2;;2;;2;;2;;2;;2;;2;;2;;2;;2;;17;12;17;187.51816749
6039198;1;2;1;90;2;;1;50;2;;2;;2;;2;;2;;2;;2;;2;;17;12;17;187.51816749
6039201;1;1;1;90;2;;2;;2;;1;5;2;;2;;2;;2;;2;;2;;17;12;17;364.23790739
6039201;1;2;1;90;2;;1;25;2;;1;15;2;;2;;2;;2;;2;;2;;17;12;17;364.23790739
6039202;1;1;1;90;2;;1;3;2;;2;;2;;2;;2;;2;;2;;2;;17;12;17;170.0295217
6039202;1;2;1;90;2;;1;24;2;;2;;2;;2;;2;;2;;2;;2;;17;12;17;170.0295217
6039203;1;1;1;90;2;;1;4;2;;2;;2;;2;;2;;2;;2;;2;;17;12;17;161.28978892
6039203;1;2;1;90;2;;1;30;2;;2;;2;;2;;2;;2;;2;;2;;17;12;17;161.28978892
6039203;1;3;1;90;2;;1;20;2;;2;;2;;2;;2;;2;;2;;2;;17;12;17;161.28978892
6039203;1;4;1;90;2;;1;3;2;;2;;2;;2;;2;;2;;2;;2;;17;12;17;161.28978892
6039203;1;5;1;90;2;;1;3;2;;2;;2;;2;;2;;2;;2;;2;;17;12;17;161.28978892
6039206;1;1;1;90;2;;2;;2;;2;;2;;2;;2;;2;;2;;2;;17;12;17;187.51816749
6039206;1;2;1;90;2;;1;30;2;;2;;2;;2;;2;;2;;2;;2;;17;12;17;187.51816749
6039207;1;1;1;90;2;;1;7;2;;2;;2;;2;;2;;2;;2;;2;;17;12;17;175.32665916
6039207;1;2;1;90;2;;1;10;2;;2;;2;;2;;2;;2;;2;;2;;17;12;17;175.32665916
6039207;1;3;1;90;2;;1;6;2;;2;;2;;2;;2;;2;;2;;2;;17;12;17;175.32665916
6039207;1;4;1;90;2;;1;6;2;;2;;2;;2;;2;;2;;2;;2;;17;12;17;175.32665916
6039208;1;1;1;90;2;;2;;2;;2;;2;;2;;2;;2;;2;;2;;17;12;17;187.51816749
6039208;1;2;1;90;2;;2;;2;;2;;2;;2;;2;;2;;2;;2;;17;12;17;187.51816749
6039209;1;1;1;90;2;;1;2;2;;2;;1;5;2;;2;;2;;2;;2;;17;12;17;350.98998108
6039209;1;2;1;90;2;;1;2;2;;2;;2;;2;;2;;2;;2;;2;;17;12;17;350.98998108
6039209;1;3;1;90;2;;2;;2;;2;;2;;2;;2;;2;;2;;2;;17;12;17;350.98998108
6039209;1;4;1;90;2;;2;;2;;2;;2;;2;;2;;2;;2;;2;;17;12;17;350.98998108
6039210;1;1;1;90;2;;2;;2;;2;;2;;2;;2;;2;;2;;2;;17;12;17;187.51816749
6039210;1;2;1;90;2;;1;24;2;;2;;2;;2;;2;;2;;2;;2;;17;12;17;187.51816749
6039212;1;1;1;90;2;;2;;2;;2;;2;;2;;2;;2;;2;;2;;17;12;17;242.20835755
6039212;1;2;1;90;2;;1;3;2;;2;;2;;2;;2;;2;;2;;2;;17;12;17;242.20835755
6039213;1;1;1;90;2;;1;5;2;;1;20;2;;2;;2;;2;;2;;2;;17;12;17;377.95688152
6039213;1;2;1;90;2;;1;15;2;;1;20;2;;2;;2;;2;;2;;2;;17;12;17;377.95688152
6039213;1;3;1;90;2;;2;;2;;2;;2;;2;;2;;2;;2;;2;;17;12;17;377.95688152
6039213;1;6;1;90;2;;1;5;2;;2;;2;;2;;2;;2;;2;;2;;17;12;17;377.95688152
6039214;1;1;1;90;2;;2;;2;;2;;2;;2;;2;;2;;2;;2;;17;12;17;364.23790739
6039214;1;2;1;90;2;;2;;2;;2;;2;;2;;2;;2;;2;;2;;17;12;17;364.23790739
6039215;1;1;1;90;2;;1;5;2;;2;;2;;2;;2;;2;;2;;2;;17;12;17;216.93209979
6039215;1;2;1;90;2;;1;2;2;;2;;2;;2;;2;;2;;2;;2;;17;12;17;216.93209979
6039216;1;1;1;90;2;;2;;2;;2;;2;;2;;2;;2;;2;;2;;17;12;17;187.51816749
6039216;1;2;1;90;2;;2;;2;;2;;2;;2;;2;;2;;2;;2;;17;12;17;187.51816749
6039219;1;1;1;90;2;;2;;2;;2;;2;;2;;2;;2;;2;;2;;17;12;17;221.29987323
6039220;1;1;1;90;2;;2;;2;;2;;2;;2;;2;;2;;2;;2;;17;12;17;200.63903984
6039220;1;2;1;90;2;;1;30;2;;2;;2;;2;;2;;2;;2;;2;;17;12;17;200.63903984
6039220;1;3;1;90;2;;2;;2;;2;;2;;2;;2;;2;;2;;2;;17;12;17;200.63903984
6039221;1;1;1;90;2;;1;30;2;;2;;2;;2;;2;;2;;2;;2;;17;12;17;244.68794416
6039221;1;2;1;90;2;;1;5;2;;2;;2;;2;;2;;2;;2;;2;;17;12;17;244.68794416
6039221;1;3;1;90;2;;1;3;2;;2;;2;;2;;2;;2;;2;;2;;17;12;17;244.68794416
6039223;1;1;1;90;2;;2;;2;;2;;2;;2;;2;;2;;2;;2;;17;12;17;155.72517742
6039223;1;2;1;90;2;;1;40;2;;2;;2;;2;;2;;2;;2;;2;;17;12;17;155.72517742
6039223;1;3;1;90;2;;1;3;2;;2;;2;;2;;2;;2;;2;;2;;17;12;17;155.72517742
6039223;1;4;1;90;2;;1;3;2;;2;;2;;2;;2;;2;;2;;2;;17;12;17;155.72517742
6039224;1;1;1;90;2;;2;;2;;2;;2;;2;;2;;2;;2;;2;;17;12;17;222.60394213
6039224;1;2;1;90;2;;1;30;2;;2;;2;;2;;2;;2;;2;;2;;17;12;17;222.60394213
6039224;1;3;1;90;2;;1;6;2;;2;;2;;2;;2;;2;;2;;2;;17;12;17;222.60394213
6039224;1;4;1;90;2;;2;;2;;2;;2;;2;;2;;2;;2;;2;;17;12;17;222.60394213
6039226;1;1;1;90;2;;2;;2;;2;;2;;2;;2;;2;;2;;2;;17;12;17;187.51816749
6039226;1;2;1;90;2;;1;30;2;;2;;2;;2;;2;;2;;2;;2;;17;12;17;187.51816749
6039227;1;1;1;90;2;;2;;2;;2;;2;;2;;2;;2;;2;;2;;17;12;17;188.57458546
6039227;1;2;1;90;2;;2;;2;;2;;2;;2;;2;;2;;2;;2;;17;12;17;188.57458546
6039228;1;1;1;90;2;;1;10;2;;2;;2;;2;;2;;2;;2;;2;;17;12;17;248.8323207
6039230;1;1;1;90;2;;1;20;2;;2;;2;;2;;2;;2;;2;;2;;17;12;17;182.09397607
6039230;1;2;1;90;2;;1;15;2;;2;;2;;2;;2;;2;;2;;2;;17;12;17;182.09397607
6039230;1;3;1;90;2;;1;10;2;;2;;2;;2;;2;;2;;2;;2;;17;12;17;182.09397607
6039231;1;1;1;90;2;;1;40;2;;2;;2;;2;;2;;2;;2;;2;;17;12;17;215.87568182
6039231;1;2;1;90;2;;2;;2;;2;;2;;2;;2;;2;;2;;2;;17;12;17;215.87568182
6039232;1;1;1;90;2;;1;10;2;;2;;2;;2;;2;;2;;2;;2;;17;12;17;215.87568182
6039232;1;2;1;90;2;;1;20;2;;2;;2;;2;;2;;2;;2;;2;;17;12;17;215.87568182
6039233;1;1;1;90;2;;1;20;2;;2;;2;;2;;2;;2;;2;;2;;17;12;17;229.22790529
6039233;1;2;1;90;2;;2;;2;;2;;2;;2;;2;;2;;2;;2;;17;12;17;229.22790529
6039233;1;3;1;90;2;;1;10;2;;2;;2;;2;;2;;2;;2;;2;;17;12;17;229.22790529
6039235;1;1;1;90;2;;1;30;2;;2;;2;;2;;2;;2;;2;;2;;17;12;17;386.32190942
6039236;1;1;1;90;2;;1;20;2;;1;30;2;;2;;2;;2;;2;;2;;17;12;17;202.75480947
6039237;1;1;1;90;2;;1;7;2;;2;;2;;2;;2;;2;;2;;2;;17;12;17;170.0295217
6039237;1;2;1;90;2;;1;7;2;;2;;2;;2;;2;;2;;2;;2;;17;12;17;170.0295217
6039238;1;1;1;90;2;;1;10;2;;1;12;2;;2;;2;;2;;2;;2;;17;12;17;217.15549669
6039238;1;2;1;90;2;;2;;2;;2;;2;;2;;2;;2;;2;;2;;17;12;17;217.15549669
6039238;1;4;1;90;2;;2;;2;;2;;2;;2;;2;;2;;2;;2;;17;12;17;217.15549669
6039239;1;1;1;90;2;;1;20;2;;2;;1;40;2;;2;;2;;2;;2;;17;12;17;118.2682576
6039239;1;2;1;90;2;;1;4;2;;2;;2;;2;;2;;2;;2;;2;;17;12;17;118.2682576
6039239;1;3;1;90;2;;2;;2;;2;;2;;2;;2;;2;;2;;2;;17;12;17;118.2682576
6039239;1;4;1;90;2;;1;10;2;;2;;2;;2;;2;;2;;2;;2;;17;12;17;118.2682576
6039240;1;1;1;90;2;;1;20;2;;2;;2;;2;;2;;2;;2;;2;;17;12;17;450.47721271
6039240;1;2;1;90;2;;2;;2;;2;;2;;2;;2;;2;;2;;2;;17;12;17;450.47721271
6039240;1;3;1;90;2;;2;;2;;2;;2;;2;;2;;2;;2;;2;;17;12;17;450.47721271
6039240;1;5;1;90;2;;2;;2;;2;;2;;2;;2;;2;;2;;2;;17;12;17;450.47721271
6039240;1;7;1;90;2;;2;;2;;2;;2;;2;;2;;2;;2;;2;;17;12;17;450.47721271
6039240;1;8;1;90;2;;2;;2;;2;;2;;2;;2;;2;;2;;2;;17;12;17;450.47721271
6039241;1;1;1;90;2;;1;24;2;;2;;2;;2;;2;;2;;2;;2;;17;12;17;200.63903984
6039241;1;2;1;90;2;;2;;2;;2;;2;;2;;2;;2;;2;;2;;17;12;17;200.63903984
6039241;1;3;1;90;2;;2;;2;;2;;2;;2;;2;;2;;2;;2;;17;12;17;200.63903984
6039244;1;1;1;90;2;;2;;2;;2;;2;;2;;2;;2;;2;;2;;17;12;17;210.30813664
6039244;1;2;1;90;2;;1;40;2;;2;;2;;2;;2;;2;;2;;2;;17;12;17;210.30813664
6039244;1;3;1;90;2;;2;;2;;2;;2;;2;;2;;2;;2;;2;;17;12;17;210.30813664
6039245;1;1;1;90;2;;1;15;2;;2;;2;;2;;2;;2;;2;;2;;17;12;17;238.32350082
6039245;1;2;1;90;2;;2;;2;;2;;2;;2;;2;;2;;2;;2;;17;12;17;238.32350082
6039245;1;3;1;90;2;;2;;2;;2;;2;;2;;2;;2;;2;;2;;17;12;17;238.32350082
6039245;1;4;1;90;2;;1;20;2;;2;;2;;2;;2;;2;;2;;2;;17;12;17;238.32350082
6039246;1;1;1;90;2;;1;10;2;;2;;2;;2;;2;;2;;2;;2;;17;12;17;473.07303041
6039246;1;2;1;90;2;;2;;2;;2;;2;;2;;2;;2;;2;;2;;17;12;17;473.07303041
6039246;1;5;1;90;2;;1;20;2;;2;;2;;2;;2;;2;;2;;2;;17;12;17;473.07303041
6039247;1;1;1;90;2;;1;5;2;;2;;2;;2;;2;;2;;2;;2;;17;12;17;252.13697417
6039247;1;2;1;90;2;;1;30;2;;1;30;2;;2;;2;;2;;2;;2;;17;12;17;252.13697417
6039248;1;1;1;90;2;;1;10;2;;2;;2;;2;;2;;2;;2;;2;;17;12;17;202.75480947
6039249;1;1;1;90;2;;1;5;2;;2;;2;;2;;2;;2;;2;;2;;17;12;17;148.16891657
6039249;1;2;1;90;2;;1;40;2;;2;;2;;2;;2;;2;;2;;2;;17;12;17;148.16891657
6039249;1;3;1;90;2;;1;5;2;;2;;2;;2;;2;;2;;2;;2;;17;12;17;148.16891657
6039249;1;4;1;90;2;;1;5;2;;2;;2;;2;;2;;2;;2;;2;;17;12;17;148.16891657
6039252;1;1;1;90;2;;1;30;2;;2;;2;;2;;2;;2;;2;;2;;17;12;17;195.44619955
6039252;1;2;1;90;2;;1;7;2;;2;;2;;2;;2;;2;;2;;2;;17;12;17;195.44619955
6039252;1;3;1;90;2;;1;30;2;;2;;2;;2;;2;;2;;2;;2;;17;12;17;195.44619955
6039252;1;4;1;90;2;;2;;2;;2;;2;;2;;2;;2;;2;;2;;17;12;17;195.44619955
6039253;1;1;1;90;2;;1;30;2;;2;;2;;2;;2;;2;;2;;2;;17;12;17;357.61394424
6039253;1;2;1;90;2;;2;;2;;2;;2;;2;;2;;2;;2;;2;;17;12;17;357.61394424
6039253;1;4;1;90;2;;2;;2;;2;;2;;2;;2;;2;;2;;2;;17;12;17;357.61394424
6039254;1;1;1;90;2;;1;5;2;;2;;2;;2;;2;;2;;2;;2;;17;12;17;242.20835755
6039254;1;2;1;90;2;;1;20;2;;2;;2;;2;;2;;2;;2;;2;;17;12;17;242.20835755
6039257;1;1;1;90;2;;1;20;2;;2;;2;;2;;2;;2;;2;;2;;17;12;17;200.63903984
6039257;1;2;1;90;2;;1;30;2;;2;;2;;2;;2;;2;;2;;2;;17;12;17;200.63903984
6039257;1;3;1;90;2;;2;;2;;2;;2;;2;;2;;2;;2;;2;;17;12;17;200.63903984
6039258;1;1;1;90;2;;1;40;2;;1;40;2;;2;;2;;2;;2;;2;;17;12;17;205.82956418
6039258;1;2;1;90;2;;2;;2;;2;;2;;2;;2;;2;;2;;2;;17;12;17;205.82956418
6039258;1;3;1;90;2;;1;4;2;;2;;2;;2;;2;;2;;2;;2;;17;12;17;205.82956418
6039258;1;4;1;90;2;;1;2;2;;2;;2;;2;;2;;2;;2;;2;;17;12;17;205.82956418
6039258;1;6;1;90;2;;1;3;2;;2;;2;;2;;2;;2;;2;;2;;17;12;17;205.82956418
6039259;1;1;1;90;2;;1;10;2;;2;;2;;2;;2;;2;;2;;2;;17;12;17;209.25171866
6039259;1;2;1;90;2;;1;25;2;;2;;2;;2;;2;;2;;2;;2;;17;12;17;209.25171866
6039259;1;3;1;90;2;;1;7;2;;2;;2;;2;;2;;2;;2;;2;;17;12;17;209.25171866
6039260;1;1;1;90;2;;2;;2;;2;;2;;2;;2;;2;;2;;2;;17;12;17;210.30813664
6039260;1;2;1;90;2;;1;10;2;;2;;2;;2;;2;;2;;2;;2;;17;12;17;210.30813664
6039260;1;3;1;90;2;;2;;2;;2;;2;;2;;2;;2;;2;;2;;17;12;17;210.30813664
6039261;1;1;1;90;2;;1;2;2;;2;;2;;2;;2;;2;;2;;2;;17;12;17;241.52371078
6039261;1;2;1;90;2;;1;35;2;;2;;2;;2;;2;;2;;2;;2;;17;12;17;241.52371078
6039261;1;3;1;90;2;;1;10;2;;2;;2;;2;;2;;2;;2;;2;;17;12;17;241.52371078
6039261;1;4;1;90;2;;1;8;2;;2;;2;;2;;2;;2;;2;;2;;17;12;17;241.52371078
6039262;1;1;1;90;2;;1;30;2;;2;;2;;2;;2;;2;;2;;2;;17;12;17;215.87568182
6039262;1;2;1;90;2;;2;;2;;2;;2;;2;;2;;2;;2;;2;;17;12;17;215.87568182
6039265;1;1;1;90;2;;2;;2;;2;;2;;2;;2;;2;;2;;2;;17;12;17;437.26686169
6039265;1;2;1;90;2;;2;;2;;2;;2;;2;;2;;2;;2;;2;;17;12;17;437.26686169
6039265;1;3;1;90;2;;1;5;2;;2;;2;;2;;2;;2;;2;;2;;17;12;17;437.26686169
6039265;1;4;1;90;2;;1;7;2;;2;;2;;2;;2;;2;;2;;2;;17;12;17;437.26686169
6039265;1;5;1;90;2;;1;10;2;;2;;1;7;2;;2;;2;;2;;2;;17;12;17;437.26686169
6039265;1;6;1;90;2;;1;35;2;;1;15;1;15;2;;2;;2;;2;;2;;17;12;17;437.26686169
6039265;1;7;1;90;2;;2;;2;;1;4;2;;2;;2;;2;;2;;2;;17;12;17;437.26686169
6039265;1;8;1;90;2;;1;4;2;;2;;2;;2;;2;;2;;2;;2;;17;12;17;437.26686169
6039265;1;10;1;90;2;;1;35;2;;1;20;2;;2;;2;;2;;2;;2;;17;12;17;437.26686169
6039265;1;11;1;90;2;;2;;2;;2;;2;;2;;2;;2;;2;;2;;17;12;17;437.26686169
6039266;1;1;1;90;2;;1;5;2;;2;;2;;2;;2;;2;;2;;2;;17;12;17;229.22790529
6039266;1;2;1;90;2;;1;20;2;;2;;2;;2;;2;;2;;2;;2;;17;12;17;229.22790529
6039266;1;3;1;90;2;;1;5;2;;2;;2;;2;;2;;2;;2;;2;;17;12;17;229.22790529
6039267;1;1;1;90;2;;1;4;2;;2;;2;;2;;2;;2;;2;;2;;17;12;17;221.29987323
6039268;1;1;1;90;2;;1;10;2;;2;;2;;2;;2;;2;;2;;2;;17;12;17;221.29987323
6039269;1;1;1;90;2;;1;7;2;;2;;2;;2;;2;;2;;2;;2;;17;12;17;249.65738756
6039270;1;1;1;90;2;;2;;2;;2;;2;;2;;2;;2;;2;;2;;17;12;17;249.65738756
6039271;1;1;1;90;2;;2;;2;;2;;2;;2;;2;;2;;2;;2;;17;12;17;181.26597554
6039271;1;2;1;90;2;;1;10;2;;2;;2;;2;;2;;2;;2;;2;;17;12;17;181.26597554
6039271;1;3;1;90;2;;2;;2;;2;;2;;2;;2;;2;;2;;2;;17;12;17;181.26597554
6039271;1;4;1;90;2;;1;16;2;;2;;2;;2;;2;;2;;2;;2;;17;12;17;181.26597554
6039271;1;5;1;90;2;;2;;2;;2;;2;;2;;2;;2;;2;;2;;17;12;17;181.26597554
6039272;1;1;1;90;2;;1;20;2;;2;;2;;2;;2;;2;;2;;2;;17;12;17;187.62246465
6039272;1;2;1;90;2;;2;;2;;2;;2;;2;;2;;2;;2;;2;;17;12;17;187.62246465
6039272;1;3;1;90;2;;1;10;2;;2;;2;;2;;2;;2;;2;;2;;17;12;17;187.62246465
6039272;1;4;1;90;2;;2;;2;;2;;2;;2;;2;;2;;2;;2;;17;12;17;187.62246465
6039272;1;5;1;90;2;;1;20;2;;2;;2;;2;;2;;2;;2;;2;;17;12;17;187.62246465
6039273;1;1;1;90;2;;1;3;2;;2;;2;;2;;2;;2;;2;;2;;17;12;17;201.69545782
6039273;1;2;1;90;2;;1;16;2;;2;;2;;2;;2;;2;;2;;2;;17;12;17;201.69545782
6039273;1;3;1;90;2;;2;;2;;2;;2;;2;;2;;2;;2;;2;;17;12;17;201.69545782
6039274;1;1;1;90;2;;1;10;2;;2;;2;;2;;2;;2;;2;;2;;17;12;17;473.07303041
6039275;1;1;1;90;2;;1;15;2;;2;;2;;2;;2;;2;;2;;2;;17;12;17;197.18726429
6039275;1;2;1;90;2;;2;;2;;2;;2;;2;;2;;2;;2;;2;;17;12;17;197.18726429
6039276;1;1;1;90;2;;2;;2;;2;;2;;2;;2;;2;;2;;2;;17;12;17;184.20681203
6039276;1;2;1;90;2;;1;10;2;;2;;2;;2;;2;;2;;2;;2;;17;12;17;184.20681203
6039276;1;3;1;90;2;;1;6;2;;2;;2;;2;;2;;2;;2;;2;;17;12;17;184.20681203
6039277;1;1;1;90;2;;1;10;2;;2;;2;;2;;2;;2;;2;;2;;17;12;17;241.52371078
6039277;1;2;1;90;2;;1;5;2;;2;;2;;2;;2;;2;;2;;2;;17;12;17;241.52371078
6039277;1;3;1;90;2;;1;10;2;;2;;2;;2;;2;;2;;2;;2;;17;12;17;241.52371078
6039277;1;4;1;90;2;;1;5;2;;2;;2;;2;;2;;2;;2;;2;;17;12;17;241.52371078
6039278;1;1;1;90;2;;1;10;2;;2;;2;;2;;2;;2;;2;;2;;17;12;17;249.65738756
6039280;1;1;1;90;2;;1;35;2;;2;;1;20;2;;2;;2;;2;;2;;17;12;17;215.87568182
6039280;1;2;1;90;2;;2;;2;;2;;2;;2;;2;;2;;2;;2;;17;12;17;215.87568182
6039281;1;1;1;90;2;;1;15;2;;2;;2;;2;;2;;2;;2;;2;;17;12;17;203.81122744
6039283;1;1;1;90;2;;1;7;2;;2;;2;;2;;2;;2;;2;;2;;17;12;17;203.81122744
6039284;1;1;1;90;2;;1;10;2;;2;;2;;2;;2;;2;;2;;2;;17;12;17;234.42074558
6039284;1;2;1;90;2;;1;10;2;;2;;2;;2;;2;;2;;2;;2;;17;12;17;234.42074558
6039286;1;1;1;90;2;;2;;2;;2;;2;;2;;2;;2;;2;;2;;17;12;17;221.29987323
6039288;1;1;1;90;2;;1;30;2;;2;;2;;2;;2;;2;;2;;2;;17;12;17;196.13084631
6039288;1;2;1;90;2;;2;;2;;2;;2;;2;;2;;2;;2;;2;;17;12;17;196.13084631
6039289;1;1;1;90;2;;1;5;2;;2;;2;;2;;2;;2;;2;;2;;17;12;17;297.15806743
6039289;1;2;1;90;2;;1;20;2;;1;30;2;;2;;2;;2;;2;;2;;17;12;17;297.15806743
6039290;1;1;1;90;2;;1;30;2;;1;20;2;;2;;2;;2;;2;;2;;17;12;17;286.51678169
6039290;1;2;1;90;2;;2;;2;;2;;2;;2;;2;;2;;2;;2;;17;12;17;286.51678169
6039291;1;1;1;90;2;;1;20;2;;2;;2;;2;;2;;2;;2;;2;;17;12;17;473.07303041
6039291;1;2;1;90;2;;1;15;2;;2;;2;;2;;2;;2;;2;;2;;17;12;17;473.07303041
6039293;1;1;1;90;2;;1;5;2;;2;;2;;2;;2;;2;;2;;2;;17;12;17;215.87568182
6039293;1;2;1;90;2;;1;20;2;;2;;1;40;2;;2;;2;;2;;2;;17;12;17;215.87568182
6039296;1;1;1;90;2;;1;10;2;;2;;2;;2;;2;;2;;2;;2;;17;12;17;216.93209979
6039296;1;2;1;90;2;;1;7;2;;2;;2;;2;;2;;2;;2;;2;;17;12;17;216.93209979
6039297;1;1;1;90;2;;1;10;2;;2;;2;;2;;2;;2;;2;;2;;17;12;17;221.29987323
6039298;1;1;1;90;2;;1;20;2;;2;;2;;2;;2;;2;;2;;2;;17;12;17;203.81122744
6039300;1;1;1;90;2;;1;20;2;;2;;2;;2;;2;;2;;2;;2;;17;12;17;182.32532719
6039300;1;2;1;90;2;;1;4;2;;2;;2;;2;;2;;2;;2;;2;;17;12;17;182.32532719
6039300;1;3;1;90;2;;2;;2;;2;;2;;2;;2;;2;;2;;2;;17;12;17;182.32532719
6039301;1;1;1;90;2;;1;20;2;;2;;2;;2;;2;;2;;2;;2;;17;12;17;382.20555523
6039301;1;2;1;90;2;;1;10;2;;2;;2;;2;;2;;2;;2;;2;;17;12;17;382.20555523
6039301;1;3;1;90;2;;1;5;2;;2;;2;;2;;2;;2;;2;;2;;17;12;17;382.20555523
6039301;1;4;1;90;2;;1;4;2;;2;;2;;2;;2;;2;;2;;2;;17;12;17;382.20555523
6039301;1;5;1;90;2;;1;4;2;;2;;2;;2;;2;;2;;2;;2;;17;12;17;382.20555523
6039302;1;1;1;90;2;;1;30;2;;2;;2;;2;;2;;2;;2;;2;;17;12;17;187.51816749
6039302;1;2;1;90;2;;2;;2;;2;;2;;2;;2;;2;;2;;2;;17;12;17;187.51816749
6039303;1;1;1;90;2;;1;30;2;;2;;2;;2;;2;;2;;2;;2;;17;12;17;261.95319305
6039303;1;2;1;90;2;;2;;2;;2;;2;;2;;2;;2;;2;;2;;17;12;17;261.95319305
6039304;1;1;1;90;2;;1;20;2;;2;;2;;2;;2;;2;;2;;2;;17;12;17;346.9726585
6039304;1;2;1;90;2;;2;;2;;2;;2;;2;;2;;2;;2;;2;;17;12;17;346.9726585
6039304;1;3;1;90;2;;1;30;2;;2;;2;;2;;2;;2;;2;;2;;17;12;17;346.9726585
6039305;1;1;1;90;2;;1;15;2;;1;20;2;;2;;2;;2;;2;;2;;17;12;17;252.13697417
6039305;1;2;1;90;2;;1;7;2;;1;10;2;;2;;2;;2;;2;;2;;17;12;17;252.13697417
6039306;1;1;1;90;2;;2;;2;;1;10;2;;2;;2;;2;;2;;2;;17;12;17;399.44278177
6039306;1;3;1;90;2;;1;48;2;;1;48;2;;2;;2;;2;;2;;2;;17;12;17;399.44278177
6039307;1;1;1;90;2;;2;;2;;2;;2;;2;;2;;2;;2;;2;;17;12;17;213.75991219
6039307;1;2;1;90;2;;2;;2;;2;;2;;2;;2;;2;;2;;2;;17;12;17;213.75991219
6039307;1;3;1;90;2;;2;;2;;2;;2;;2;;2;;2;;2;;2;;17;12;17;213.75991219
6039307;1;4;1;90;2;;2;;2;;2;;2;;2;;2;;2;;2;;2;;17;12;17;213.75991219
6039308;1;1;1;90;2;;1;24;2;;2;;2;;2;;2;;2;;2;;2;;17;12;17;187.51816749
6039308;1;2;1;90;2;;2;;2;;2;;2;;2;;2;;2;;2;;2;;17;12;17;187.51816749
6039309;1;1;1;90;2;;1;20;2;;2;;2;;2;;2;;2;;2;;2;;17;12;17;202.75480947
6039311;1;1;1;90;2;;1;15;2;;2;;2;;2;;2;;2;;2;;2;;17;12;17;185.88139991
6039311;1;2;1;90;2;;2;;2;;2;;2;;2;;2;;2;;2;;2;;17;12;17;185.88139991
6039311;1;3;1;90;2;;2;;2;;2;;2;;2;;2;;2;;2;;2;;17;12;17;185.88139991
6039311;1;4;1;90;2;;1;6;2;;2;;2;;2;;2;;2;;2;;2;;17;12;17;185.88139991
6039311;1;5;1;90;2;;2;;2;;2;;2;;2;;2;;2;;2;;2;;17;12;17;185.88139991
6039311;1;6;1;90;2;;2;;2;;2;;2;;2;;2;;2;;2;;2;;17;12;17;185.88139991
6039311;1;7;1;90;2;;1;10;2;;2;;2;;2;;2;;2;;2;;2;;17;12;17;185.88139991
6039313;1;1;1;90;2;;2;;2;;2;;2;;2;;2;;2;;2;;2;;17;12;17;222.60394213
6039313;1;2;1;90;2;;1;30;2;;2;;2;;2;;2;;2;;2;;2;;17;12;17;222.60394213
6039313;1;3;1;90;2;;2;;2;;2;;2;;2;;2;;2;;2;;2;;17;12;17;222.60394213
6039313;1;4;1;90;2;;2;;2;;2;;2;;2;;2;;2;;2;;2;;17;12;17;222.60394213
6039314;1;1;1;90;2;;1;30;2;;1;15;2;;2;;2;;2;;2;;2;;17;12;17;245.51301101
6039314;1;2;1;90;2;;2;;2;;2;;2;;2;;2;;2;;2;;2;;17;12;17;245.51301101
6039314;1;4;1;90;2;;2;;2;;2;;2;;2;;2;;2;;2;;2;;17;12;17;245.51301101
6039315;1;1;1;90;2;;1;30;2;;2;;2;;2;;2;;2;;2;;2;;17;12;17;362.35642256
6039315;1;2;1;90;2;;1;20;2;;2;;2;;2;;2;;2;;2;;2;;17;12;17;362.35642256
6039316;1;1;1;90;2;;1;40;2;;2;;2;;2;;2;;2;;2;;2;;17;12;17;175.70136404
6039316;1;2;1;90;2;;1;10;2;;2;;2;;2;;2;;2;;2;;2;;17;12;17;175.70136404
6039316;1;3;1;90;2;;2;;2;;2;;2;;2;;2;;2;;2;;2;;17;12;17;175.70136404
6039316;1;4;1;90;2;;1;6;2;;2;;2;;2;;2;;2;;2;;2;;17;12;17;175.70136404
6039318;1;1;1;90;2;;1;4;2;;2;;2;;2;;2;;2;;2;;2;;17;12;17;187.51816749
6039318;1;2;1;90;2;;1;16;2;;2;;2;;2;;2;;2;;2;;2;;17;12;17;187.51816749
6039319;1;1;1;90;2;;1;20;2;;2;;2;;2;;2;;2;;2;;2;;17;12;17;202.75480947
6039320;1;1;1;90;2;;1;30;2;;2;;2;;2;;2;;2;;2;;2;;17;12;17;228.40283843
6039320;1;2;1;90;2;;2;;2;;2;;2;;2;;2;;2;;2;;2;;17;12;17;228.40283843
6039320;1;3;1;90;2;;1;10;2;;2;;2;;2;;2;;2;;2;;2;;17;12;17;228.40283843
6039323;1;1;1;90;2;;1;7;2;;2;;2;;2;;2;;2;;2;;2;;17;12;17;203.81122744
6039324;1;1;1;90;2;;2;;2;;2;;2;;2;;2;;2;;2;;2;;17;12;17;221.29987323
6039325;1;1;1;90;2;;1;30;2;;2;;2;;2;;2;;2;;2;;2;;17;12;17;210.30813664
6039325;1;2;1;90;2;;1;1;2;;2;;2;;2;;2;;2;;2;;2;;17;12;17;210.30813664
6039325;1;3;1;90;2;;1;1;2;;2;;2;;2;;2;;2;;2;;2;;17;12;17;210.30813664
6039326;1;1;1;90;2;;1;30;2;;2;;2;;2;;2;;2;;2;;2;;17;12;17;330.45620165
6039326;1;2;1;90;2;;2;;2;;2;;2;;2;;2;;2;;2;;2;;17;12;17;330.45620165
6039326;1;3;1;90;2;;1;7;2;;1;16;2;;2;;2;;2;;2;;2;;17;12;17;330.45620165
6039327;1;1;1;90;2;;2;;2;;2;;2;;2;;2;;2;;2;;2;;17;12;17;172.28152551
6039327;1;2;1;90;2;;1;45;2;;2;;2;;2;;2;;2;;2;;2;;17;12;17;172.28152551
6039327;1;3;1;90;2;;2;;2;;2;;2;;2;;2;;2;;2;;2;;17;12;17;172.28152551
6039328;1;1;1;90;2;;1;1;2;;2;;2;;2;;2;;2;;2;;2;;17;12;17;349.00126542
6039328;1;2;1;90;2;;1;14;2;;2;;2;;2;;2;;2;;2;;2;;17;12;17;349.00126542
6039328;1;3;1;90;2;;1;42;2;;2;;2;;2;;2;;2;;2;;2;;17;12;17;349.00126542
6039329;1;1;1;90;2;;1;21;2;;2;;2;;2;;2;;2;;2;;2;;17;12;17;150.42510628
6039329;1;2;1;90;2;;2;;2;;2;;2;;2;;2;;2;;2;;2;;17;12;17;150.42510628
6039329;1;3;1;90;2;;1;4;2;;2;;2;;2;;2;;2;;2;;2;;17;12;17;150.42510628
6039329;1;4;1;90;2;;2;;2;;2;;2;;2;;2;;2;;2;;2;;17;12;17;150.42510628
6039330;1;1;1;90;2;;2;;2;;2;;2;;2;;2;;2;;2;;2;;17;12;17;166.8573341
6039330;1;2;1;90;2;;1;30;2;;2;;2;;2;;2;;2;;2;;2;;17;12;17;166.8573341
6039330;1;3;1;90;2;;1;4;2;;2;;2;;2;;2;;2;;2;;2;;17;12;17;166.8573341
6039330;1;4;1;90;2;;2;;2;;2;;2;;2;;2;;2;;2;;2;;17;12;17;166.8573341
6039332;1;1;1;90;2;;2;;2;;2;;2;;2;;2;;2;;2;;2;;17;12;17;163.40555855
6039332;1;2;1;90;2;;1;20;2;;2;;2;;2;;2;;2;;2;;2;;17;12;17;163.40555855
6039332;1;3;1;90;2;;1;3;2;;2;;2;;2;;2;;2;;2;;2;;17;12;17;163.40555855
6039333;1;1;1;90;2;;2;;2;;2;;2;;2;;2;;2;;2;;2;;17;12;17;187.51816749
6039333;1;2;1;90;2;;1;42;2;;2;;2;;2;;2;;2;;2;;2;;17;12;17;187.51816749
6039334;1;1;1;90;2;;1;12;2;;2;;2;;2;;2;;2;;2;;2;;17;12;17;203.81122744
6039335;1;1;1;90;2;;2;;2;;2;;2;;2;;2;;2;;2;;2;;17;12;17;180.89420434
6039335;1;2;1;90;2;;1;50;2;;2;;2;;2;;2;;2;;2;;2;;17;12;17;180.89420434
6039335;1;3;1;90;2;;2;;2;;2;;2;;2;;2;;2;;2;;2;;17;12;17;180.89420434
6039336;1;1;1;90;2;;1;15;2;;2;;2;;2;;2;;2;;2;;2;;17;12;17;214.81633017
6039336;1;2;1;90;2;;1;20;2;;2;;2;;2;;2;;2;;2;;2;;17;12;17;214.81633017
6039336;1;3;1;90;2;;2;;2;;2;;2;;2;;2;;2;;2;;2;;17;12;17;214.81633017
6039336;1;4;1;90;2;;2;;2;;2;;2;;2;;2;;2;;2;;2;;17;12;17;214.81633017
6039337;1;1;1;90;2;;2;;2;;2;;2;;2;;2;;2;;2;;2;;17;12;17;118.2682576
6039337;1;2;1;90;2;;2;;2;;2;;2;;2;;2;;2;;2;;2;;17;12;17;118.2682576
6039337;1;3;1;90;2;;1;40;2;;2;;2;;2;;2;;2;;2;;2;;17;12;17;118.2682576
6039337;1;4;1;90;2;;1;40;2;;2;;2;;2;;2;;2;;2;;2;;17;12;17;118.2682576
6039337;1;5;1;90;2;;2;;2;;2;;2;;2;;2;;2;;2;;2;;17;12;17;118.2682576
6039337;1;6;1;90;2;;1;10;2;;2;;2;;2;;2;;2;;2;;2;;17;12;17;118.2682576
6039337;1;7;1;90;2;;2;;2;;2;;2;;2;;2;;2;;2;;2;;17;12;17;118.2682576
6039338;1;1;1;90;2;;1;30;2;;2;;2;;2;;2;;2;;2;;2;;17;12;17;148.31227033
6039338;1;2;1;90;2;;2;;2;;2;;2;;2;;2;;2;;2;;2;;17;12;17;148.31227033
6039338;1;3;1;90;2;;1;15;2;;2;;2;;2;;2;;2;;2;;2;;17;12;17;148.31227033
6039338;1;4;1;90;2;;1;3;2;;2;;2;;2;;2;;2;;2;;2;;17;12;17;148.31227033
6039341;1;1;1;90;2;;1;2;2;;2;;2;;2;;2;;2;;2;;2;;17;12;17;200.63903984
6039341;1;2;1;90;2;;1;20;2;;2;;2;;2;;2;;2;;2;;2;;17;12;17;200.63903984
6039341;1;3;1;90;2;;1;5;2;;2;;2;;2;;2;;2;;2;;2;;17;12;17;200.63903984
6039342;1;1;1;90;2;;2;;2;;2;;2;;2;;2;;2;;2;;2;;17;12;17;187.51816749
6039342;1;2;1;90;2;;1;20;2;;2;;2;;2;;2;;2;;2;;2;;17;12;17;187.51816749
6039344;1;1;1;90;2;;1;3;2;;2;;2;;2;;2;;2;;2;;2;;17;12;17;215.87568182
6039344;1;2;1;90;2;;1;15;2;;2;;2;;2;;2;;2;;2;;2;;17;12;17;215.87568182
6039345;1;1;1;90;2;;1;15;2;;2;;1;50;2;;2;;2;;2;;2;;17;12;17;148.31227033
6039345;1;2;1;90;2;;2;;2;;2;;2;;2;;2;;2;;2;;2;;17;12;17;148.31227033
6039345;1;3;1;90;2;;1;15;2;;2;;2;;2;;2;;2;;2;;2;;17;12;17;148.31227033
6039345;1;4;1;90;2;;1;15;2;;2;;2;;2;;2;;2;;2;;2;;17;12;17;148.31227033
6039346;1;1;1;90;2;;1;5;2;;2;;2;;2;;2;;2;;2;;2;;17;12;17;249.65738756
6039348;1;1;1;90;2;;2;;2;;2;;2;;2;;2;;2;;2;;2;;17;12;17;308.59559652
6039348;1;2;1;90;2;;1;30;2;;2;;2;;2;;2;;2;;2;;2;;17;12;17;308.59559652
6039348;1;3;1;90;2;;1;15;2;;2;;2;;2;;2;;2;;2;;2;;17;12;17;308.59559652
6039348;1;4;1;90;2;;1;3;2;;2;;2;;2;;2;;2;;2;;2;;17;12;17;308.59559652
6039348;1;6;1;90;2;;2;;2;;2;;2;;2;;2;;2;;2;;2;;17;12;17;308.59559652
6039349;1;1;1;90;2;;2;;2;;2;;2;;2;;2;;2;;2;;2;;17;12;17;215.87568182
6039349;1;2;1;90;2;;1;20;2;;2;;1;20;2;;2;;2;;2;;2;;17;12;17;215.87568182
6039350;1;1;1;90;2;;1;10;2;;2;;2;;2;;2;;2;;2;;2;;17;12;17;221.29987323
6039836;1;1;1;90;2;;2;;2;;2;;2;;2;;2;;2;;2;;2;;23;12;23;153.75613178
6039836;1;2;1;90;2;;1;20;2;;2;;2;;2;;2;;2;;2;;2;;23;12;23;153.75613178
6039836;1;3;1;90;2;;2;;2;;2;;2;;2;;2;;2;;2;;2;;23;12;23;153.75613178
6039837;1;1;1;90;2;;1;40;2;;2;;2;;2;;2;;2;;2;;2;;23;12;23;257.67438673
6039837;1;2;1;90;2;;1;7;2;;2;;2;;2;;2;;2;;2;;2;;23;12;23;257.67438673
6039838;1;1;1;90;2;;1;5;2;;1;5;2;;2;;2;;2;;2;;2;;23;12;23;204.18052872
6039838;1;2;1;90;2;;1;20;2;;1;10;2;;2;;2;;2;;2;;2;;23;12;23;204.18052872
6039839;1;1;1;90;2;;1;18;2;;1;20;2;;2;;2;;2;;2;;2;;23;12;23;323.89240157
6039840;1;1;1;90;2;;2;;2;;2;;2;;2;;2;;2;;2;;2;;23;12;23;147.60033592
6039840;1;2;1;90;2;;1;30;2;;2;;2;;2;;2;;2;;2;;2;;23;12;23;147.60033592
6039840;1;3;1;90;2;;1;14;2;;2;;2;;2;;2;;2;;2;;2;;23;12;23;147.60033592
6039841;1;1;1;90;2;;1;6;2;;2;;2;;2;;2;;2;;2;;2;;23;12;23;131.53966463
6039841;1;2;1;90;2;;1;4;2;;2;;2;;2;;2;;2;;2;;2;;23;12;23;131.53966463
6039842;1;1;1;90;2;;1;25;2;;2;;2;;2;;2;;2;;2;;2;;23;12;23;151.34861142
6039842;1;2;1;90;2;;1;18;2;;2;;2;;2;;2;;2;;2;;2;;23;12;23;151.34861142
6039842;1;3;1;90;2;;1;10;2;;2;;2;;2;;2;;2;;2;;2;;23;12;23;151.34861142
6039842;1;4;1;90;2;;1;30;2;;2;;2;;2;;2;;2;;2;;2;;23;12;23;151.34861142
6039843;1;1;1;90;2;;2;;2;;1;6;2;;2;;2;;2;;2;;2;;23;12;23;249.24657445
6039843;1;2;1;90;2;;1;22;2;;1;6;2;;2;;2;;2;;2;;2;;23;12;23;249.24657445
6039843;1;3;1;90;2;;1;9;2;;1;3;2;;2;;2;;2;;2;;2;;23;12;23;249.24657445
6039844;1;1;1;90;2;;1;5;2;;1;5;2;;2;;2;;2;;2;;2;;23;12;23;215.30670869
6039844;1;2;1;90;2;;1;10;2;;1;10;2;;2;;2;;2;;2;;2;;23;12;23;215.30670869
6039844;1;3;1;90;2;;1;5;2;;1;5;2;;2;;2;;2;;2;;2;;23;12;23;215.30670869
6039844;1;4;1;90;2;;1;3;2;;2;;2;;2;;2;;2;;2;;2;;23;12;23;215.30670869
6039845;1;1;1;90;2;;1;10;2;;2;;1;5;2;;2;;2;;2;;2;;23;12;23;143.10625671
6039845;1;2;1;90;2;;1;3;2;;2;;2;;2;;2;;2;;2;;2;;23;12;23;143.10625671
6039846;1;1;1;90;2;;1;7;2;;1;7;2;;2;;2;;2;;2;;2;;23;12;23;244.63171379
6039846;1;2;1;90;2;;1;27;2;;1;15;2;;2;;2;;2;;2;;2;;23;12;23;244.63171379
6039846;1;3;1;90;2;;1;7;2;;2;;2;;2;;2;;2;;2;;2;;23;12;23;244.63171379
6039846;1;4;1;90;2;;1;6;2;;2;;2;;2;;2;;2;;2;;2;;23;12;23;244.63171379
6039847;1;1;1;90;2;;2;;2;;1;5;2;;2;;2;;2;;2;;2;;23;12;23;249.24657445
6039847;1;2;1;90;2;;1;20;2;;1;15;2;;2;;2;;2;;2;;2;;23;12;23;249.24657445
6039847;1;3;1;90;2;;1;5;2;;2;;2;;2;;2;;2;;2;;2;;23;12;23;249.24657445
6039848;1;1;1;90;2;;1;13;2;;1;10;2;;2;;2;;2;;2;;2;;23;12;23;231.7098223
6039848;1;2;1;90;2;;1;21;2;;1;21;2;;2;;2;;2;;2;;2;;23;12;23;231.7098223
6039848;1;3;1;90;2;;1;14;2;;2;;2;;2;;2;;2;;2;;2;;23;12;23;231.7098223
6039848;1;4;1;90;2;;2;;2;;2;;2;;2;;2;;2;;2;;2;;23;12;23;231.7098223
6039849;1;1;1;90;2;;1;20;2;;2;;2;;2;;2;;2;;2;;2;;23;12;23;108.61381526
6039849;1;2;1;90;2;;1;30;2;;2;;1;35;2;;2;;2;;2;;2;;23;12;23;108.61381526
6039849;1;3;1;90;2;;2;;2;;2;;2;;2;;2;;2;;2;;2;;23;12;23;108.61381526
6039850;1;1;1;90;2;;1;15;2;;1;12;2;;2;;2;;2;;2;;2;;23;12;23;251.51859087
6039850;1;2;1;90;2;;1;7;2;;2;;2;;2;;2;;2;;2;;2;;23;12;23;251.51859087
6039851;1;1;1;90;2;;1;40;2;;2;;2;;2;;2;;2;;2;;2;;23;12;23;143.10625671
6039851;1;2;1;90;2;;1;15;2;;2;;2;;2;;2;;2;;2;;2;;23;12;23;143.10625671
6039852;1;1;1;90;2;;2;;2;;2;;2;;2;;2;;2;;2;;2;;23;12;23;108.61381526
6039852;1;2;1;90;2;;1;16;2;;2;;2;;2;;2;;2;;2;;2;;23;12;23;108.61381526
6039852;1;3;1;90;2;;1;3;2;;2;;2;;2;;2;;2;;2;;2;;23;12;23;108.61381526
6039853;1;1;1;90;2;;1;14;2;;2;;2;;2;;2;;2;;2;;2;;23;12;23;210.34075344
6039853;1;2;1;90;2;;1;30;2;;2;;2;;2;;2;;2;;2;;2;;23;12;23;210.34075344
6039854;1;1;1;90;2;;1;20;2;;2;;2;;2;;2;;2;;2;;2;;23;12;23;257.67438673
6039854;1;2;1;90;2;;2;;2;;2;;2;;2;;2;;2;;2;;2;;23;12;23;257.67438673
6039855;1;1;1;90;2;;2;;2;;2;;2;;2;;2;;2;;2;;2;;23;12;23;275.771485
6039855;1;2;1;90;2;;1;30;2;;1;30;2;;2;;2;;2;;2;;2;;23;12;23;275.771485
6039855;1;3;1;90;2;;1;14;2;;2;;2;;2;;2;;2;;2;;2;;23;12;23;275.771485
6039855;1;4;1;90;2;;2;;2;;2;;2;;2;;2;;2;;2;;2;;23;12;23;275.771485
6039856;1;1;1;90;2;;1;10;2;;1;5;2;;2;;2;;2;;2;;2;;23;12;23;257.67438673
6039856;1;2;1;90;2;;2;;2;;1;20;2;;2;;2;;2;;2;;2;;23;12;23;257.67438673
6039857;1;1;1;90;2;;1;25;2;;1;5;2;;2;;2;;2;;2;;2;;23;12;23;222.19358577
6039857;1;2;1;90;2;;1;8;2;;2;;2;;2;;2;;2;;2;;2;;23;12;23;222.19358577
6039858;1;1;1;90;2;;1;35;2;;2;;2;;2;;2;;2;;2;;2;;23;12;23;204.18495758
6039858;1;2;1;90;2;;2;;2;;2;;2;;2;;2;;2;;2;;2;;23;12;23;204.18495758
6039859;1;1;1;90;2;;1;35;2;;2;;2;;2;;2;;2;;2;;2;;23;12;23;210.34075344
6039859;1;2;1;90;2;;2;;2;;2;;2;;2;;2;;2;;2;;2;;23;12;23;210.34075344
6039860;1;1;1;90;2;;2;;2;;1;5;2;;2;;2;;2;;2;;2;;23;12;23;154.9259736
6039860;1;2;1;90;2;;1;25;2;;1;10;1;5;2;;2;;2;;2;;2;;23;12;23;154.9259736
6039860;1;3;1;90;2;;1;20;2;;1;10;2;;2;;2;;2;;2;;2;;23;12;23;154.9259736
6039860;1;4;1;90;2;;1;5;2;;2;;2;;2;;2;;2;;2;;2;;23;12;23;154.9259736
6039860;1;5;1;90;2;;1;8;2;;2;;2;;2;;2;;2;;2;;2;;23;12;23;154.9259736
6039860;1;6;1;90;2;;2;;2;;2;;2;;2;;2;;2;;2;;2;;23;12;23;154.9259736
6039861;1;1;1;90;2;;2;;2;;2;;2;;2;;2;;2;;2;;2;;23;12;23;208.86024373
6039861;1;2;1;90;2;;1;35;2;;2;;2;;2;;2;;2;;2;;2;;23;12;23;208.86024373
6039861;1;3;1;90;2;;2;;2;;2;;2;;2;;2;;2;;2;;2;;23;12;23;208.86024373
6039861;1;5;1;90;2;;1;35;2;;2;;2;;2;;2;;2;;2;;2;;23;12;23;208.86024373
6039862;1;1;1;90;2;;1;14;2;;1;8;2;;2;;2;;2;;2;;2;;23;12;23;224.38418462
6039863;1;1;1;90;2;;2;;2;;2;;2;;2;;2;;2;;2;;2;;23;12;23;316.32439692
6039863;1;2;1;90;2;;1;20;2;;2;;2;;2;;2;;2;;2;;2;;23;12;23;316.32439692
6039864;1;1;1;90;2;;1;5;2;;2;;2;;2;;2;;2;;2;;2;;23;12;23;179.34960282
6039864;1;2;1;90;2;;1;25;2;;1;16;2;;2;;2;;2;;2;;2;;23;12;23;179.34960282
6039864;1;3;1;90;2;;2;;2;;2;;2;;2;;2;;2;;2;;2;;23;12;23;179.34960282
6039865;1;1;1;90;2;;2;;2;;2;;2;;2;;2;;2;;2;;2;;23;12;23;183.11260081
6039865;1;2;1;90;2;;1;35;2;;2;;2;;2;;2;;2;;2;;2;;23;12;23;183.11260081
6039865;1;3;1;90;2;;2;;2;;2;;2;;2;;2;;2;;2;;2;;23;12;23;183.11260081
6039865;1;4;1;90;2;;1;20;2;;2;;2;;2;;2;;2;;2;;2;;23;12;23;183.11260081
6039865;1;5;1;90;2;;2;;2;;2;;2;;2;;2;;2;;2;;2;;23;12;23;183.11260081
6039865;1;6;1;90;2;;2;;2;;2;;2;;2;;2;;2;;2;;2;;23;12;23;183.11260081
6039866;1;1;1;90;2;;1;15;2;;2;;2;;2;;2;;2;;2;;2;;23;12;23;225.95658376
6039866;1;2;1;90;2;;1;25;2;;2;;2;;2;;2;;2;;2;;2;;23;12;23;225.95658376
6039866;1;3;1;90;2;;1;5;2;;2;;2;;2;;2;;2;;2;;2;;23;12;23;225.95658376
6039866;1;4;1;90;2;;1;5;2;;2;;2;;2;;2;;2;;2;;2;;23;12;23;225.95658376
6039866;1;5;1;90;2;;1;8;2;;2;;2;;2;;2;;2;;2;;2;;23;12;23;225.95658376
6039867;1;1;1;90;2;;1;25;2;;2;;2;;2;;2;;2;;2;;2;;23;12;23;217.69950657
6039868;1;1;1;90;2;;2;;2;;2;;2;;2;;2;;2;;2;;2;;23;12;23;237.33754004
6039868;1;2;1;90;2;;1;35;2;;2;;2;;2;;2;;2;;2;;2;;23;12;23;237.33754004
6039868;1;3;1;90;2;;2;;2;;2;;2;;2;;2;;2;;2;;2;;23;12;23;237.33754004
6039868;1;4;1;90;2;;2;;2;;2;;2;;2;;2;;2;;2;;2;;23;12;23;237.33754004
6039869;1;1;1;90;2;;1;36;2;;2;;2;;2;;2;;2;;2;;2;;23;12;23;225.74995587
6039869;1;2;1;90;2;;1;7;2;;2;;2;;2;;2;;2;;2;;2;;23;12;23;225.74995587
6039869;1;3;1;90;2;;1;24;2;;2;;2;;2;;2;;2;;2;;2;;23;12;23;225.74995587
6039869;1;4;1;90;2;;2;;2;;2;;2;;2;;2;;2;;2;;2;;23;12;23;225.74995587
6039869;1;5;1;90;2;;2;;2;;2;;2;;2;;2;;2;;2;;2;;23;12;23;225.74995587
6039869;1;6;1;90;2;;1;14;2;;1;14;2;;2;;2;;2;;2;;2;;23;12;23;225.74995587
6039869;1;9;1;90;2;;1;7;2;;2;;2;;2;;2;;2;;2;;2;;23;12;23;225.74995587
6039870;1;1;1;90;2;;1;18;2;;1;12;2;;2;;2;;2;;2;;2;;23;12;23;267.80092302
6039870;1;2;1;90;2;;2;;2;;2;;2;;2;;2;;2;;2;;2;;23;12;23;267.80092302
6039870;1;3;1;90;2;;1;35;2;;1;16;2;;2;;2;;2;;2;;2;;23;12;23;267.80092302
6039870;1;4;1;90;2;;1;7;2;;2;;2;;2;;2;;2;;2;;2;;23;12;23;267.80092302
6039871;1;1;1;90;2;;1;34;2;;1;20;2;;2;;2;;2;;2;;2;;23;12;23;190.44431887
6039871;1;2;1;90;2;;2;;2;;2;;2;;2;;2;;2;;2;;2;;23;12;23;190.44431887
6039872;1;1;1;90;2;;1;3;2;;2;;2;;2;;2;;2;;2;;2;;23;12;23;143.10625671
6039872;1;2;1;90;2;;1;34;2;;2;;2;;2;;2;;2;;2;;2;;23;12;23;143.10625671
6039873;1;1;1;90;2;;1;4;2;;2;;2;;2;;2;;2;;2;;2;;23;12;23;183.55744179
6039873;1;2;1;90;2;;1;12;2;;2;;2;;2;;2;;2;;2;;2;;23;12;23;183.55744179
6039873;1;3;1;90;2;;1;14;2;;2;;2;;2;;2;;2;;2;;2;;23;12;23;183.55744179
6039873;1;4;1;90;2;;1;6;2;;2;;2;;2;;2;;2;;2;;2;;23;12;23;183.55744179
6039874;1;1;1;90;2;;2;;2;;2;;2;;2;;2;;2;;2;;2;;23;12;23;126.04138062
6039874;1;2;1;90;2;;1;30;2;;2;;2;;2;;2;;2;;2;;2;;23;12;23;126.04138062
6039874;1;3;1;90;2;;1;20;2;;2;;2;;2;;2;;2;;2;;2;;23;12;23;126.04138062
6039874;1;4;1;90;2;;1;20;2;;2;;2;;2;;2;;2;;2;;2;;23;12;23;126.04138062
6039875;1;1;1;90;2;;2;;2;;2;;2;;2;;2;;2;;2;;2;;23;12;23;183.55301293
6039875;1;2;1;90;2;;2;;2;;2;;2;;2;;2;;2;;2;;2;;23;12;23;183.55301293
6039875;1;3;1;90;2;;1;14;2;;1;8;2;;2;;2;;2;;2;;2;;23;12;23;183.55301293
6039875;1;4;1;90;2;;2;;2;;2;;2;;2;;2;;2;;2;;2;;23;12;23;183.55301293
6039876;1;1;1;90;2;;1;40;2;;2;;2;;2;;2;;2;;2;;2;;23;12;23;168.44052259
6039876;1;2;1;90;2;;1;7;2;;2;;2;;2;;2;;2;;2;;2;;23;12;23;168.44052259
6039876;1;3;1;90;2;;1;25;2;;2;;2;;2;;2;;2;;2;;2;;23;12;23;168.44052259
6039876;1;4;1;90;2;;1;14;2;;2;;2;;2;;2;;2;;2;;2;;23;12;23;168.44052259
6039876;1;5;1;90;2;;2;;2;;2;;2;;2;;2;;2;;2;;2;;23;12;23;168.44052259
6039877;1;1;1;90;2;;2;;2;;2;;2;;2;;2;;2;;2;;2;;23;12;23;237.33754004
6039877;1;2;1;90;2;;2;;2;;2;;2;;2;;2;;2;;2;;2;;23;12;23;237.33754004
6039877;1;3;1;90;2;;2;;2;;2;;2;;2;;2;;2;;2;;2;;23;12;23;237.33754004
6039877;1;4;1;90;2;;2;;2;;2;;2;;2;;2;;2;;2;;2;;23;12;23;237.33754004
6039878;1;1;1;90;2;;1;30;2;;2;;2;;2;;2;;2;;2;;2;;23;12;23;207.72186585
6039878;1;2;1;90;2;;1;21;2;;2;;2;;2;;2;;2;;2;;2;;23;12;23;207.72186585
6039878;1;3;1;90;2;;2;;2;;2;;2;;2;;2;;2;;2;;2;;23;12;23;207.72186585
6039878;1;4;1;90;2;;2;;2;;2;;2;;2;;2;;2;;2;;2;;23;12;23;207.72186585
6039879;1;1;1;90;2;;2;;2;;2;;2;;2;;2;;2;;2;;2;;23;12;23;228.34938164
6039879;1;2;1;90;2;;1;20;2;;2;;2;;2;;2;;2;;2;;2;;23;12;23;228.34938164
6039880;1;1;1;90;2;;1;5;2;;2;;2;;2;;2;;2;;2;;2;;23;12;23;210.81262949
6039880;1;2;1;90;2;;1;25;2;;2;;2;;2;;2;;2;;2;;2;;23;12;23;210.81262949
6039880;1;3;1;90;2;;1;5;2;;2;;2;;2;;2;;2;;2;;2;;23;12;23;210.81262949
6039881;1;1;1;90;2;;1;7;2;;1;10;2;;2;;2;;2;;2;;2;;23;12;23;305.21727155
6039881;1;2;1;90;2;;1;20;2;;1;10;2;;2;;2;;2;;2;;2;;23;12;23;305.21727155
6039882;1;1;1;90;2;;1;20;2;;2;;2;;2;;2;;2;;2;;2;;23;12;23;174.38364757
6039884;1;1;1;90;2;;2;;2;;2;;2;;2;;2;;2;;2;;2;;23;12;23;163.21616624
6039884;1;2;1;90;2;;1;14;2;;2;;2;;2;;2;;2;;2;;2;;23;12;23;163.21616624
6039884;1;3;1;90;2;;1;7;2;;2;;2;;2;;2;;2;;2;;2;;23;12;23;163.21616624
6039884;1;4;1;90;2;;1;6;2;;2;;2;;2;;2;;2;;2;;2;;23;12;23;163.21616624
6039884;1;5;1;90;2;;1;10;2;;2;;2;;2;;2;;2;;2;;2;;23;12;23;163.21616624
6039884;1;6;1;90;2;;1;8;2;;2;;2;;2;;2;;2;;2;;2;;23;12;23;163.21616624
6039886;1;1;1;90;2;;1;12;2;;2;;2;;2;;2;;2;;2;;2;;23;12;23;185.95023966
6039887;1;1;1;90;2;;2;;2;;2;;2;;2;;2;;2;;2;;2;;23;12;23;244.83653645
6039887;1;2;1;90;2;;1;33;2;;1;23;2;;2;;2;;2;;2;;2;;23;12;23;244.83653645
6039887;1;4;1;90;2;;1;33;2;;1;20;2;;2;;2;;2;;2;;2;;23;12;23;244.83653645
6039887;1;6;1;90;2;;2;;2;;2;;2;;2;;2;;2;;2;;2;;23;12;23;244.83653645
6039888;1;1;1;90;2;;1;18;2;;2;;2;;2;;2;;2;;2;;2;;23;12;23;217.69950657
6039890;1;1;1;90;2;;1;15;2;;2;;2;;2;;2;;2;;2;;2;;23;12;23;174.38364757
6039891;1;1;1;90;2;;1;40;2;;2;;2;;2;;2;;2;;2;;2;;23;12;23;209.15091283
6039891;1;2;1;90;2;;1;10;2;;2;;2;;2;;2;;2;;2;;2;;23;12;23;209.15091283
6039891;1;3;1;90;2;;1;3;2;;2;;2;;2;;2;;2;;2;;2;;23;12;23;209.15091283
6039891;1;4;1;90;2;;1;3;2;;2;;2;;2;;2;;2;;2;;2;;23;12;23;209.15091283
6039895;1;1;1;90;2;;1;40;2;;1;35;2;;2;;2;;2;;2;;2;;23;12;23;251.51859087
6039895;1;2;1;90;2;;1;6;2;;1;7;2;;2;;2;;2;;2;;2;;23;12;23;251.51859087
6039896;1;1;1;90;2;;2;;2;;2;;2;;2;;2;;2;;2;;2;;23;12;23;157.31877147
6039896;1;2;1;90;2;;1;10;2;;2;;2;;2;;2;;2;;2;;2;;23;12;23;157.31877147
6039896;1;3;1;90;2;;1;10;2;;2;;2;;2;;2;;2;;2;;2;;23;12;23;157.31877147
6039898;1;1;1;90;2;;2;;2;;2;;2;;2;;2;;2;;2;;2;;23;12;23;249.24657445
6039898;1;2;1;90;2;;1;20;2;;2;;2;;2;;2;;2;;2;;2;;23;12;23;249.24657445
6039898;1;3;1;90;2;;1;10;2;;2;;2;;2;;2;;2;;2;;2;;23;12;23;249.24657445
6039900;1;1;1;90;2;;1;10;2;;2;;2;;2;;2;;2;;2;;2;;23;12;23;228.34938164
6039900;1;2;1;90;2;;1;5;2;;2;;2;;2;;2;;2;;2;;2;;23;12;23;228.34938164
6039901;1;1;1;90;2;;1;30;2;;2;;2;;2;;2;;2;;2;;2;;23;12;23;143.10625671
6039901;1;2;1;90;2;;1;35;2;;2;;2;;2;;2;;2;;2;;2;;23;12;23;143.10625671
6039902;1;1;1;90;2;;1;28;2;;1;17;2;;2;;2;;2;;2;;2;;23;12;23;256.13345153
6039903;1;1;1;90;2;;1;10;2;;1;10;2;;2;;2;;2;;2;;2;;23;12;23;236.64431361
6039903;1;2;1;90;2;;1;30;2;;1;15;2;;2;;2;;2;;2;;2;;23;12;23;236.64431361
6039903;1;3;1;90;2;;2;;2;;2;;2;;2;;2;;2;;2;;2;;23;12;23;236.64431361
6039904;1;1;1;90;2;;1;21;2;;2;;2;;2;;2;;2;;2;;2;;23;12;23;196.60011473
6039904;1;2;1;90;2;;1;5;2;;2;;2;;2;;2;;2;;2;;2;;23;12;23;196.60011473
6039905;1;1;1;90;2;;1;14;2;;1;7;2;;2;;2;;2;;2;;2;;23;12;23;257.67438673
6039905;1;2;1;90;2;;1;21;2;;1;14;2;;2;;2;;2;;2;;2;;23;12;23;257.67438673
6039906;1;1;1;90;2;;2;;2;;1;14;2;;2;;2;;2;;2;;2;;23;12;23;225.92511983
6039906;1;3;1;90;2;;1;30;2;;1;14;2;;2;;2;;2;;2;;2;;23;12;23;225.92511983
6039907;1;1;1;90;2;;1;40;2;;2;;2;;2;;2;;2;;2;;2;;23;12;23;168.41348751
6039907;1;2;1;90;2;;1;20;2;;2;;2;;2;;2;;2;;2;;2;;23;12;23;168.41348751
6039908;1;1;1;90;2;;1;16;2;;1;8;2;;2;;2;;2;;2;;2;;23;12;23;168.41348751
6039908;1;2;1;90;2;;1;6;2;;2;;2;;2;;2;;2;;2;;2;;23;12;23;168.41348751
6039909;1;1;1;90;2;;1;16;2;;2;;2;;2;;2;;2;;2;;2;;23;12;23;193.27587734
6039909;1;2;1;90;2;;1;5;2;;2;;2;;2;;2;;2;;2;;2;;23;12;23;193.27587734
6039909;1;3;1;90;2;;1;3;2;;2;;2;;2;;2;;2;;2;;2;;23;12;23;193.27587734
6039909;1;4;1;90;2;;1;9;2;;2;;2;;2;;2;;2;;2;;2;;23;12;23;193.27587734
6039910;1;1;1;90;2;;1;14;2;;2;;2;;2;;2;;2;;2;;2;;23;12;23;217.69950657
6039911;1;1;1;90;2;;1;32;2;;2;;2;;2;;2;;2;;2;;2;;23;12;23;143.10625671
6039911;1;2;1;90;2;;1;6;2;;2;;2;;2;;2;;2;;2;;2;;23;12;23;143.10625671
6039912;1;1;1;90;2;;2;;2;;2;;2;;2;;2;;2;;2;;2;;23;12;23;222.60088244
6039912;1;2;1;90;2;;2;;2;;1;7;2;;2;;2;;2;;2;;2;;23;12;23;222.60088244
6039912;1;3;1;90;2;;1;14;2;;2;;2;;2;;2;;2;;2;;2;;23;12;23;222.60088244
6039912;1;4;1;90;2;;1;21;2;;1;21;2;;2;;1;21;2;;2;;2;;23;12;23;222.60088244
6039913;1;1;1;90;2;;1;16;2;;2;;2;;2;;2;;2;;2;;2;;23;12;23;228.34938164
6039913;1;2;1;90;2;;1;16;2;;2;;2;;2;;2;;2;;2;;2;;23;12;23;228.34938164
6039914;1;1;1;90;2;;1;35;2;;2;;2;;2;;2;;2;;2;;2;;23;12;23;172.90756672
6039914;1;2;1;90;2;;2;;2;;2;;2;;2;;2;;2;;2;;2;;23;12;23;172.90756672
6039914;1;3;1;90;2;;1;20;2;;2;;2;;2;;2;;2;;2;;2;;23;12;23;172.90756672
6039915;1;1;1;90;2;;2;;2;;2;;2;;2;;2;;2;;2;;2;;23;12;23;233.50996267
6039915;1;2;1;90;2;;2;;2;;2;;2;;2;;2;;2;;2;;2;;23;12;23;233.50996267
6039916;1;1;1;90;2;;2;;2;;2;;2;;2;;2;;2;;2;;2;;23;12;23;197.73849261
6039916;1;2;1;90;2;;1;36;2;;2;;2;;2;;2;;2;;2;;2;;23;12;23;197.73849261
6039917;1;1;1;90;2;;1;10;2;;1;12;2;;2;;2;;2;;2;;2;;23;12;23;296.58020774
6039917;1;2;1;90;2;;1;3;2;;1;8;2;;2;;2;;2;;2;;2;;23;12;23;296.58020774
6039917;1;4;1;90;2;;1;10;2;;1;10;2;;2;;2;;2;;2;;2;;23;12;23;296.58020774
6039918;1;1;1;90;2;;1;18;2;;2;;2;;2;;2;;2;;2;;2;;23;12;23;266.66254514
6039918;1;2;1;90;2;;2;;2;;2;;2;;2;;2;;2;;2;;2;;23;12;23;266.66254514
6039918;1;3;1;90;2;;1;3;2;;2;;2;;2;;2;;2;;2;;2;;23;12;23;266.66254514
6039918;1;4;1;90;2;;2;;2;;2;;2;;2;;2;;2;;2;;2;;23;12;23;266.66254514
6039919;1;1;1;90;2;;1;14;2;;2;;2;;2;;2;;2;;2;;2;;23;12;23;221.72170972
6039920;1;1;1;90;2;;1;32;2;;2;;1;10;2;;2;;2;;2;;2;;23;12;23;249.64913178
6039920;1;2;1;90;2;;1;3;2;;2;;2;;2;;2;;2;;2;;2;;23;12;23;249.64913178
6039920;1;3;1;90;2;;1;7;2;;2;;2;;2;;2;;2;;2;;2;;23;12;23;249.64913178
6039920;1;4;1;90;2;;2;;2;;2;;2;;2;;2;;2;;2;;2;;23;12;23;249.64913178
6039921;1;1;1;90;2;;1;5;2;;1;5;2;;2;;2;;2;;2;;2;;23;12;23;270.14376725
6039921;1;2;1;90;2;;1;35;2;;1;10;2;;2;;2;;2;;2;;2;;23;12;23;270.14376725
6039921;1;3;1;90;2;;1;4;2;;2;;2;;2;;2;;2;;2;;2;;23;12;23;270.14376725
6039921;1;4;1;90;2;;1;3;2;;2;;2;;2;;2;;2;;2;;2;;23;12;23;270.14376725
6039922;1;1;1;90;2;;1;14;2;;2;;2;;2;;2;;2;;2;;2;;23;12;23;253.74065365
6039922;1;2;1;90;2;;1;2;2;;2;;2;;2;;2;;2;;2;;2;;23;12;23;253.74065365
6039922;2;1;2;90;2;;2;;2;;2;;2;;2;;2;;2;;2;;2;;23;12;23;253.74065365
6039922;2;2;2;90;2;;1;35;2;;1;56;2;;2;;2;;2;;2;;2;;23;12;23;253.74065365
6039923;1;1;1;90;2;;2;;2;;1;10;2;;2;;2;;2;;2;;2;;23;12;23;273.48484283
6039923;1;2;1;90;2;;2;;2;;2;;2;;2;;2;;2;;2;;2;;23;12;23;273.48484283
6039923;1;3;1;90;2;;1;34;2;;1;20;2;;2;;2;;2;;2;;2;;23;12;23;273.48484283
6039924;1;1;1;90;2;;1;10;2;;2;;2;;2;;2;;2;;2;;2;;23;12;23;253.00957244
6039924;1;2;1;90;2;;1;8;2;;2;;2;;2;;2;;2;;2;;2;;23;12;23;253.00957244
6039924;1;3;1;90;2;;1;2;2;;2;;2;;2;;2;;2;;2;;2;;23;12;23;253.00957244
6039924;1;4;1;90;2;;1;35;2;;2;;2;;2;;2;;2;;2;;2;;23;12;23;253.00957244
6039924;1;5;1;90;2;;1;10;2;;2;;2;;2;;2;;2;;2;;2;;23;12;23;253.00957244
6039924;1;6;1;90;2;;2;;2;;1;6;2;;2;;2;;2;;2;;2;;23;12;23;253.00957244
6039925;1;1;1;90;2;;1;3;2;;2;;2;;2;;2;;2;;2;;2;;23;12;23;152.09441512
6039925;1;2;1;90;2;;1;16;2;;2;;2;;2;;2;;2;;2;;2;;23;12;23;152.09441512
6039925;1;3;1;90;2;;1;6;2;;2;;2;;2;;2;;2;;2;;2;;23;12;23;152.09441512
6039925;1;4;1;90;2;;1;4;2;;2;;2;;2;;2;;2;;2;;2;;23;12;23;152.09441512
6039926;1;1;1;90;2;;1;14;2;;2;;2;;2;;2;;2;;2;;2;;23;12;23;185.95023966
6039927;1;1;1;90;2;;1;12;2;;2;;2;;2;;2;;2;;2;;2;;23;12;23;174.38364757
6039928;1;1;1;90;2;;2;;2;;2;;2;;2;;2;;2;;2;;2;;23;12;23;249.24657445
6039928;1;2;1;90;2;;1;30;2;;1;5;2;;2;;2;;2;;2;;2;;23;12;23;249.24657445
6039928;1;3;1;90;2;;1;5;2;;2;;2;;2;;2;;2;;2;;2;;23;12;23;249.24657445
6039929;1;1;1;90;2;;1;10;2;;2;;2;;2;;2;;2;;2;;2;;23;12;23;168.41348751
6039929;1;2;1;90;2;;1;8;2;;2;;2;;2;;2;;2;;2;;2;;23;12;23;168.41348751
6039930;1;1;1;90;2;;1;20;2;;2;;2;;2;;2;;2;;2;;2;;23;12;23;292.37264374
6039930;1;2;1;90;2;;1;4;2;;2;;2;;2;;2;;2;;2;;2;;23;12;23;292.37264374
6039930;2;1;2;90;2;;1;3;2;;1;7;2;;2;;2;;2;;2;;2;;23;12;23;292.37264374
6039930;2;2;2;90;2;;1;40;2;;1;70;2;;2;;2;;2;;2;;2;;23;12;23;292.37264374
6039930;3;1;3;90;2;;2;;2;;2;;2;;2;;2;;2;;2;;2;;23;12;23;292.37264374
6039930;3;2;3;90;2;;1;25;2;;2;;2;;2;;2;;2;;2;;2;;23;12;23;292.37264374
6039931;1;1;1;90;2;;1;34;2;;2;;2;;2;;2;;2;;2;;2;;23;12;23;260.91404594
6039931;1;2;1;90;2;;2;;2;;2;;2;;2;;2;;2;;2;;2;;23;12;23;260.91404594
6039931;1;4;1;90;2;;1;20;2;;1;10;2;;2;;2;;2;;2;;2;;23;12;23;260.91404594
6039931;1;5;1;90;2;;2;;2;;2;;2;;2;;2;;2;;2;;2;;23;12;23;260.91404594
6039931;1;6;1;90;2;;1;10;2;;1;10;2;;2;;2;;2;;2;;2;;23;12;23;260.91404594
6039931;1;7;1;90;2;;2;;2;;1;10;2;;2;;2;;2;;2;;2;;23;12;23;260.91404594
6039932;1;1;1;90;2;;1;15;2;;1;15;2;;2;;2;;2;;2;;2;;23;12;23;286.99939183
6039932;1;2;1;90;2;;1;2;2;;2;;2;;2;;2;;2;;2;;2;;23;12;23;286.99939183
6039933;1;1;1;90;2;;1;5;2;;1;7;2;;2;;2;;2;;2;;2;;23;12;23;312.26988238
6039933;1;2;1;90;2;;1;45;2;;1;14;2;;2;;2;;2;;2;;2;;23;12;23;312.26988238
6039933;1;3;1;90;2;;1;2;2;;2;;2;;2;;2;;2;;2;;2;;23;12;23;312.26988238
6039933;1;4;1;90;2;;1;2;2;;2;;2;;2;;2;;2;;2;;2;;23;12;23;312.26988238
6039933;1;5;1;90;2;;2;;2;;2;;2;;2;;2;;2;;2;;2;;23;12;23;312.26988238
6039933;1;6;1;90;2;;1;14;2;;2;;2;;2;;2;;2;;2;;2;;23;12;23;312.26988238
6039934;1;1;1;90;2;;2;;2;;2;;2;;2;;2;;2;;2;;2;;23;12;23;174.85552362
6039934;1;2;1;90;2;;1;34;2;;2;;2;;2;;2;;2;;2;;2;;23;12;23;174.85552362
6039935;1;1;1;90;2;;2;;2;;2;;2;;2;;2;;2;;2;;2;;23;12;23;151.34861142
6039935;1;2;1;90;2;;1;34;2;;1;20;2;;2;;2;;2;;2;;2;;23;12;23;151.34861142
6039935;1;3;1;90;2;;1;10;2;;2;;2;;2;;2;;2;;2;;2;;23;12;23;151.34861142
6039935;1;4;1;90;2;;2;;2;;2;;2;;2;;2;;2;;2;;2;;23;12;23;151.34861142
6039936;1;1;1;90;2;;1;10;2;;1;10;2;;2;;2;;2;;2;;2;;23;12;23;257.20251069
6039937;1;1;1;90;2;;1;6;2;;1;5;2;;2;;2;;2;;2;;2;;23;12;23;232.84346084
6039937;1;2;1;90;2;;1;20;2;;1;10;2;;2;;2;;2;;2;;2;;23;12;23;232.84346084
6039937;1;3;1;90;2;;2;;2;;2;;2;;2;;2;;2;;2;;2;;23;12;23;232.84346084
6039938;1;1;1;90;2;;2;;2;;2;;2;;2;;2;;2;;2;;2;;23;12;23;228.34938164
6039938;1;2;1;90;2;;1;20;2;;2;;2;;2;;2;;2;;2;;2;;23;12;23;228.34938164
6039939;1;1;1;90;2;;1;5;2;;1;10;2;;2;;2;;2;;2;;2;;23;12;23;271.2774058
6039939;1;2;1;90;2;;1;25;2;;1;10;2;;2;;2;;2;;2;;2;;23;12;23;271.2774058
6039939;1;3;1;90;2;;1;5;2;;2;;2;;2;;2;;2;;2;;2;;23;12;23;271.2774058
6039940;1;1;1;90;2;;1;5;2;;1;5;2;;2;;2;;2;;2;;2;;23;12;23;222.60088244
6039940;1;2;1;90;2;;1;10;2;;1;10;2;;2;;2;;2;;2;;2;;23;12;23;222.60088244
6039940;1;3;1;90;2;;1;8;2;;1;10;2;;2;;2;;2;;2;;2;;23;12;23;222.60088244
6039940;1;4;1;90;2;;1;10;2;;1;5;2;;2;;2;;2;;2;;2;;23;12;23;222.60088244
6039941;1;1;1;90;2;;1;15;2;;1;10;2;;2;;2;;2;;2;;2;;23;12;23;200.16275442
6039941;1;2;1;90;2;;1;8;2;;2;;2;;2;;2;;2;;2;;2;;23;12;23;200.16275442
6039942;1;1;1;90;2;;1;10;2;;2;;2;;2;;2;;2;;2;;2;;23;12;23;210.81262949
6039942;1;2;1;90;2;;1;30;2;;2;;2;;2;;2;;2;;2;;2;;23;12;23;210.81262949
6039942;1;3;1;90;2;;1;16;2;;2;;2;;2;;2;;2;;2;;2;;23;12;23;210.81262949
6039943;1;1;1;90;2;;1;30;2;;1;35;2;;2;;2;;2;;2;;2;;23;12;23;253.2687776
6039943;1;2;1;90;2;;2;;2;;1;14;2;;2;;2;;2;;2;;2;;23;12;23;253.2687776
6039943;1;4;1;90;2;;2;;2;;2;;2;;2;;2;;2;;2;;2;;23;12;23;253.2687776
6039944;1;1;1;90;2;;2;;2;;2;;2;;2;;2;;2;;2;;2;;23;12;23;228.34938164
6039944;1;2;1;90;2;;2;;2;;2;;2;;2;;2;;2;;2;;2;;23;12;23;228.34938164
6039945;1;1;1;90;2;;1;7;2;;2;;2;;2;;2;;2;;2;;2;;23;12;23;161.81285068
6039945;1;2;1;90;2;;1;38;2;;2;;2;;2;;2;;2;;2;;2;;23;12;23;161.81285068
6039945;1;3;1;90;2;;2;;2;;2;;2;;2;;2;;2;;2;;2;;23;12;23;161.81285068
6039945;1;4;1;90;2;;1;20;2;;2;;2;;2;;2;;2;;2;;2;;23;12;23;161.81285068
6039946;1;1;1;90;2;;2;;2;;2;;2;;2;;2;;2;;2;;2;;23;12;23;299.06147568
6039946;1;2;1;90;2;;1;24;2;;1;10;2;;2;;2;;2;;2;;2;;23;12;23;299.06147568
6039947;1;1;1;90;2;;1;14;2;;2;;2;;2;;2;;2;;2;;2;;23;12;23;217.69950657
6039948;1;1;1;90;2;;1;30;2;;1;5;2;;2;;2;;2;;2;;2;;23;12;23;230.41919903
6039948;1;2;1;90;2;;1;2;2;;2;;2;;2;;2;;2;;2;;2;;23;12;23;230.41919903
6039948;1;3;1;90;2;;1;5;2;;2;;2;;2;;2;;2;;2;;2;;23;12;23;230.41919903
6039950;1;1;1;90;2;;2;;2;;2;;2;;2;;2;;2;;2;;2;;23;12;23;228.34938164
6039950;1;2;1;90;2;;1;35;2;;2;;2;;2;;2;;2;;2;;2;;23;12;23;228.34938164
6039972;1;1;1;90;2;;1;35;2;;2;;2;;2;;2;;2;;2;;2;;23;12;23;108.61381526
6039972;1;2;1;90;2;;1;35;2;;2;;2;;2;;2;;2;;2;;2;;23;12;23;108.61381526
6039972;1;3;1;90;2;;1;20;2;;2;;2;;2;;2;;2;;2;;2;;23;12;23;108.61381526
6039972;1;4;1;90;2;;1;35;2;;2;;2;;2;;2;;2;;2;;2;;23;12;23;108.61381526
6039972;1;5;1;90;2;;1;35;2;;2;;2;;2;;2;;2;;2;;2;;23;12;23;108.61381526
6039972;1;6;1;90;2;;2;;2;;2;;2;;2;;2;;2;;2;;2;;23;12;23;108.61381526
6039972;1;7;1;90;2;;2;;2;;2;;2;;2;;2;;2;;2;;2;;23;12;23;108.61381526
6039973;1;1;1;90;2;;1;10;2;;2;;2;;2;;1;5;2;;2;;2;;23;12;23;199.69087837
6039974;1;1;1;90;2;;1;15;2;;2;;2;;2;;2;;2;;2;;2;;23;12;23;208.86024373
6039974;1;2;1;90;2;;1;32;2;;1;8;2;;2;;2;;2;;2;;2;;23;12;23;208.86024373
6039974;1;3;1;90;2;;1;7;2;;1;4;2;;2;;2;;2;;2;;2;;23;12;23;208.86024373
6039974;1;4;1;90;2;;1;10;2;;2;;2;;2;;2;;2;;2;;2;;23;12;23;208.86024373
6039975;1;1;1;90;2;;2;;2;;2;;2;;2;;2;;2;;2;;2;;23;12;23;147.60033592
6039975;1;2;1;90;2;;1;25;2;;2;;2;;2;;2;;2;;2;;2;;23;12;23;147.60033592
6039975;1;3;1;90;2;;1;5;2;;2;;1;5;2;;2;;2;;2;;2;;23;12;23;147.60033592
6039976;1;1;1;90;2;;2;;2;;2;;2;;2;;2;;2;;2;;2;;23;12;23;185.95023966
6039977;1;1;1;90;2;;1;28;2;;1;20;2;;2;;2;;2;;2;;2;;23;12;23;256.13345153
6039978;1;1;1;90;2;;1;35;2;;1;35;2;;2;;2;;2;;2;;2;;23;12;23;258.14626278
6039978;1;3;1;90;2;;1;35;2;;2;;2;;2;;2;;2;;2;;2;;23;12;23;258.14626278
6039978;1;4;1;90;2;;2;;2;;2;;2;;2;;2;;2;;2;;2;;23;12;23;258.14626278
6039979;1;1;1;90;2;;2;;2;;2;;2;;2;;2;;2;;2;;2;;23;12;23;108.61381526
6039979;1;2;1;90;2;;2;;2;;2;;2;;2;;2;;2;;2;;2;;23;12;23;108.61381526
6039979;1;3;1;90;2;;2;;2;;2;;2;;2;;2;;2;;2;;2;;23;12;23;108.61381526
6039979;1;4;1;90;2;;2;;2;;2;;2;;2;;2;;2;;2;;2;;23;12;23;108.61381526
6039979;1;5;1;90;2;;2;;2;;2;;2;;2;;2;;2;;2;;2;;23;12;23;108.61381526
6039980;1;1;1;90;2;;1;3;2;;2;;2;;2;;2;;2;;2;;2;;23;12;23;174.38364757
6039981;1;1;1;90;2;;1;10;2;;2;;2;;2;;2;;2;;2;;2;;23;12;23;198.01574288
6039981;1;2;1;90;2;;2;;2;;2;;2;;2;;2;;2;;2;;2;;23;12;23;198.01574288
6039981;1;3;1;90;2;;1;5;2;;2;;2;;2;;2;;2;;2;;2;;23;12;23;198.01574288
6039981;1;4;1;90;2;;1;5;2;;2;;2;;2;;2;;2;;2;;2;;23;12;23;198.01574288
6039981;1;5;1;90;2;;1;20;2;;2;;2;;2;;2;;2;;2;;2;;23;12;23;198.01574288
6039982;1;1;1;90;2;;1;25;2;;2;;2;;2;;2;;2;;2;;2;;23;12;23;228.34938164
6039982;1;2;1;90;2;;1;15;2;;2;;2;;2;;2;;2;;2;;2;;23;12;23;228.34938164
6039983;1;1;1;90;2;;1;20;2;;1;5;2;;2;;2;;2;;2;;2;;23;12;23;158.43584679
6039983;1;2;1;90;2;;1;5;2;;2;;2;;2;;2;;2;;2;;2;;23;12;23;158.43584679
6039983;1;3;1;90;2;;2;;2;;2;;2;;2;;2;;2;;2;;2;;23;12;23;158.43584679
6039983;1;4;1;90;2;;1;25;2;;1;10;2;;2;;2;;2;;2;;2;;23;12;23;158.43584679
6039983;1;5;1;90;2;;1;5;2;;2;;2;;2;;2;;2;;2;;2;;23;12;23;158.43584679
6039984;1;1;1;90;2;;1;35;2;;2;;2;;2;;2;;2;;2;;2;;23;12;23;208.38836768
6039984;1;2;1;90;2;;2;;2;;2;;2;;2;;2;;2;;2;;2;;23;12;23;208.38836768
6039984;1;3;1;90;2;;1;35;2;;1;35;2;;2;;2;;2;;2;;2;;23;12;23;208.38836768
6039985;1;1;1;90;2;;2;;1;16;2;;2;;2;;2;;2;;2;;2;;23;12;23;172.90313786
6039985;1;2;1;90;2;;1;5;2;;2;;2;;2;;2;;2;;2;;2;;23;12;23;172.90313786
6039985;1;3;1;90;2;;1;15;2;;1;10;2;;2;;2;;2;;2;;2;;23;12;23;172.90313786
6039986;1;1;1;90;2;;2;;2;;2;;2;;2;;2;;2;;2;;2;;23;12;23;232.37158479
6039986;1;2;1;90;2;;1;14;2;;2;;2;;2;;2;;2;;2;;2;;23;12;23;232.37158479
6039987;1;1;1;90;2;;1;42;2;;2;;2;;2;;2;;2;;2;;2;;23;12;23;207.2499898
6039987;1;2;1;90;2;;2;;2;;2;;2;;2;;2;;2;;2;;2;;23;12;23;207.2499898
6039987;1;3;1;90;2;;2;;2;;2;;2;;2;;2;;2;;2;;2;;23;12;23;207.2499898
6039989;1;1;1;90;2;;1;10;2;;2;;2;;2;;2;;2;;2;;2;;23;12;23;139.24969057
6039989;1;2;1;90;2;;1;34;2;;2;;1;12;2;;2;;2;;2;;2;;23;12;23;139.24969057
6039989;1;3;1;90;2;;1;16;2;;2;;1;7;2;;2;;2;;2;;2;;23;12;23;139.24969057
6039989;1;4;1;90;2;;1;10;2;;2;;2;;2;;2;;2;;2;;2;;23;12;23;139.24969057
6039989;1;5;1;90;2;;1;15;2;;2;;2;;2;;2;;2;;2;;2;;23;12;23;139.24969057
6039989;1;6;1;90;2;;1;15;2;;2;;1;7;2;;2;;2;;2;;2;;23;12;23;139.24969057
6039989;1;7;1;90;2;;1;8;2;;2;;2;;2;;2;;2;;2;;2;;23;12;23;139.24969057
6039989;1;8;1;90;2;;1;8;2;;2;;2;;2;;2;;2;;2;;2;;23;12;23;139.24969057
6039990;1;1;1;90;2;;2;;2;;2;;2;;2;;2;;2;;2;;2;;23;12;23;240.13763459
6039990;1;2;1;90;2;;2;;2;;2;;2;;2;;2;;2;;2;;2;;23;12;23;240.13763459
6039990;1;3;1;90;2;;2;;2;;2;;2;;2;;2;;2;;2;;2;;23;12;23;240.13763459
6039991;1;1;1;90;2;;1;10;2;;1;10;2;;2;;2;;2;;2;;2;;23;12;23;235.50593574
6039991;1;3;1;90;2;;1;10;2;;1;10;2;;2;;2;;2;;2;;2;;23;12;23;235.50593574
6039991;1;4;1;90;2;;1;5;2;;2;;2;;2;;2;;2;;2;;2;;23;12;23;235.50593574
6039992;1;1;1;90;2;;1;14;2;;2;;2;;2;;2;;2;;2;;2;;23;12;23;227.87750559
6039994;1;1;1;90;2;;2;;2;;2;;2;;2;;2;;2;;2;;2;;23;12;23;210.34075344
6039994;1;2;1;90;2;;1;35;2;;2;;2;;2;;2;;2;;2;;2;;23;12;23;210.34075344
6039996;1;1;1;90;2;;1;12;2;;2;;2;;2;;2;;2;;2;;2;;23;12;23;221.72170972
6039997;1;1;1;90;2;;2;;2;;2;;2;;2;;2;;2;;2;;2;;23;12;23;125.56950457
6039997;1;2;1;90;2;;1;30;2;;2;;2;;2;;2;;2;;2;;2;;23;12;23;125.56950457
6039997;1;3;1;90;2;;1;15;2;;2;;2;;2;;2;;2;;2;;2;;23;12;23;125.56950457
6039998;1;1;1;90;2;;2;;2;;2;;2;;2;;2;;2;;2;;2;;23;12;23;143.10625671
6039998;1;2;1;90;2;;1;35;2;;2;;2;;2;;2;;2;;2;;2;;23;12;23;143.10625671
6039999;1;1;1;90;2;;1;20;2;;1;15;1;5;2;;2;;2;;2;;2;;23;12;23;247.10855287
6039999;1;2;1;90;2;;2;;2;;1;5;2;;2;;2;;2;;2;;2;;23;12;23;247.10855287
6039999;1;5;1;90;2;;1;5;2;;1;5;2;;2;;2;;2;;2;;2;;23;12;23;247.10855287
6040000;1;1;1;90;2;;1;3;2;;2;;2;;2;;2;;2;;2;;2;;23;12;23;219.8007879
6040000;1;2;1;90;2;;1;21;2;;2;;2;;2;;2;;2;;2;;2;;23;12;23;219.8007879
6040000;1;3;1;90;2;;1;3;2;;2;;2;;2;;2;;2;;2;;2;;23;12;23;219.8007879
6040000;1;4;1;90;2;;1;2;2;;2;;2;;2;;2;;2;;2;;2;;23;12;23;219.8007879
6040000;1;5;1;90;2;;1;5;2;;2;;2;;2;;2;;2;;2;;2;;23;12;23;219.8007879
6040001;1;1;1;90;2;;2;;2;;2;;2;;2;;2;;2;;2;;2;;23;12;23;161.81285068
6040001;1;2;1;90;2;;1;30;2;;2;;2;;2;;2;;2;;2;;2;;23;12;23;161.81285068
6040001;1;3;1;90;2;;1;14;2;;2;;2;;2;;2;;2;;2;;2;;23;12;23;161.81285068
6040001;1;4;1;90;2;;2;;2;;2;;2;;2;;2;;2;;2;;2;;23;12;23;161.81285068
6040004;1;1;1;90;2;;1;10;2;;1;5;2;;2;;2;;2;;2;;2;;23;12;23;232.37158479
6040004;1;2;1;90;2;;1;7;2;;2;;2;;2;;2;;2;;2;;2;;23;12;23;232.37158479
6040005;1;1;1;90;2;;1;32;2;;1;16;2;;2;;2;;2;;2;;2;;23;12;23;256.13345153
6040007;1;1;1;90;2;;2;;2;;2;;2;;2;;2;;2;;2;;2;;23;12;23;112.3007419
6040007;1;2;1;90;2;;1;35;2;;2;;2;;2;;2;;2;;2;;2;;23;12;23;112.3007419
6040007;1;3;1;90;2;;2;;2;;2;;2;;2;;2;;2;;2;;2;;23;12;23;112.3007419
6040007;1;4;1;90;2;;2;;2;;2;;2;;2;;2;;2;;2;;2;;23;12;23;112.3007419
6040008;1;1;1;90;2;;1;25;2;;1;10;2;;2;;2;;2;;2;;2;;23;12;23;295.03927253
6040008;1;2;1;90;2;;1;15;2;;1;20;2;;2;;2;;2;;2;;2;;23;12;23;295.03927253
6040009;1;1;1;90;2;;1;7;2;;2;;2;;2;;2;;2;;2;;2;;23;12;23;166.01626078
6040009;1;2;1;90;2;;1;28;2;;1;14;2;;2;;2;;2;;2;;2;;23;12;23;166.01626078
6040009;1;3;1;90;2;;1;33;2;;1;18;2;;2;;2;;2;;2;;2;;23;12;23;166.01626078
6040009;1;4;1;90;2;;1;5;2;;1;7;2;;2;;2;;2;;2;;2;;23;12;23;166.01626078
6040009;1;5;1;90;2;;1;6;2;;2;;2;;2;;2;;2;;2;;2;;23;12;23;166.01626078
6040010;1;1;1;90;2;;1;3;2;;2;;2;;2;;2;;2;;2;;2;;23;12;23;183.84368203
6040010;1;2;1;90;2;;1;8;2;;2;;2;;2;;2;;2;;2;;2;;23;12;23;183.84368203
6040010;1;3;1;90;2;;1;3;2;;2;;2;;2;;2;;2;;2;;2;;23;12;23;183.84368203
6040010;1;4;1;90;2;;1;3;2;;2;;2;;2;;2;;2;;2;;2;;23;12;23;183.84368203
6040011;1;1;1;90;2;;2;;2;;2;;2;;2;;2;;2;;2;;2;;23;12;23;125.56950457
6040011;1;2;1;90;2;;1;35;2;;2;;2;;2;;2;;2;;2;;2;;23;12;23;125.56950457
6040011;1;3;1;90;2;;1;20;2;;2;;2;;2;;2;;2;;2;;2;;23;12;23;125.56950457
6040012;1;1;1;90;2;;1;10;2;;2;;2;;2;;2;;2;;2;;2;;23;12;23;228.34938164
6040012;1;2;1;90;2;;1;5;2;;2;;2;;2;;2;;2;;2;;2;;23;12;23;228.34938164
6040013;1;1;1;90;2;;1;14;2;;2;;2;;2;;2;;2;;2;;2;;23;12;23;221.46250456
6040013;1;2;1;90;2;;2;;2;;2;;2;;2;;2;;2;;2;;2;;23;12;23;221.46250456
6040013;1;3;1;90;2;;1;21;2;;2;;2;;2;;1;14;2;;2;;2;;23;12;23;221.46250456
6040013;1;4;1;90;2;;1;7;2;;2;;2;;2;;2;;2;;2;;2;;23;12;23;221.46250456
6040014;1;1;1;90;2;;1;7;2;;2;;2;;2;;2;;2;;2;;2;;23;12;23;158.72208703
6040014;1;2;1;90;2;;1;34;2;;2;;2;;2;;2;;2;;2;;2;;23;12;23;158.72208703
6040014;1;3;1;90;2;;1;10;2;;2;;2;;2;;2;;2;;2;;2;;23;12;23;158.72208703
6040014;1;4;1;90;2;;1;16;2;;2;;2;;2;;2;;2;;2;;2;;23;12;23;158.72208703
6040014;1;5;1;90;2;;1;6;2;;2;;2;;2;;2;;2;;2;;2;;23;12;23;158.72208703
6040015;1;1;1;90;2;;1;3;2;;2;;2;;2;;2;;2;;2;;2;;23;12;23;143.10625671
6040015;1;2;1;90;2;;1;20;2;;2;;2;;2;;2;;2;;2;;2;;23;12;23;143.10625671
6040016;1;1;1;90;2;;2;;2;;2;;2;;2;;2;;2;;2;;2;;23;12;23;228.34938164
6040016;1;2;1;90;2;;1;35;2;;2;;2;;2;;2;;2;;2;;2;;23;12;23;228.34938164
6040018;1;1;1;90;2;;2;;2;;2;;2;;2;;2;;2;;2;;2;;23;12;23;215.30670869
6040018;1;2;1;90;2;;1;35;2;;2;;2;;2;;2;;2;;2;;2;;23;12;23;215.30670869
6040018;1;3;1;90;2;;2;;2;;2;;2;;2;;2;;2;;2;;2;;23;12;23;215.30670869
6040018;1;4;1;90;2;;2;;2;;2;;2;;2;;2;;2;;2;;2;;23;12;23;215.30670869
6040019;1;1;1;90;2;;1;2;2;;2;;2;;2;;2;;2;;2;;2;;23;12;23;222.66546182
6040019;1;2;1;90;2;;2;;2;;2;;2;;2;;2;;2;;2;;2;;23;12;23;222.66546182
6040019;1;3;1;90;2;;1;10;2;;2;;2;;2;;2;;2;;2;;2;;23;12;23;222.66546182
6040020;1;1;1;90;2;;2;;2;;2;;2;;2;;2;;2;;2;;2;;23;12;23;237.33754004
6040020;1;2;1;90;2;;1;30;2;;2;;2;;2;;2;;2;;2;;2;;23;12;23;237.33754004
6040020;1;3;1;90;2;;2;;2;;2;;2;;2;;2;;2;;2;;2;;23;12;23;237.33754004
6040020;1;4;1;90;2;;2;;2;;2;;2;;2;;2;;2;;2;;2;;23;12;23;237.33754004
6040021;1;1;1;90;2;;1;14;2;;2;;2;;2;;2;;2;;2;;2;;23;12;23;228.34938164
6040021;1;2;1;90;2;;1;14;2;;2;;2;;2;;2;;2;;2;;2;;23;12;23;228.34938164
6040022;1;1;1;90;2;;1;2;2;;2;;2;;2;;2;;1;2;2;;2;;23;12;23;232.84346084
6040022;1;2;1;90;2;;1;18;2;;2;;2;;2;;2;;2;;2;;2;;23;12;23;232.84346084
6040022;1;3;1;90;2;;1;5;2;;2;;2;;2;;2;;2;;2;;2;;23;12;23;232.84346084
6040023;1;1;1;90;2;;1;6;2;;2;;2;;2;;2;;2;;2;;2;;23;12;23;204.18495758
6040023;1;2;1;90;2;;1;8;2;;2;;2;;2;;2;;2;;2;;2;;23;12;23;204.18495758
6040024;1;1;1;90;2;;2;;2;;2;;2;;2;;2;;2;;2;;2;;23;12;23;180.2332044
6040024;1;2;1;90;2;;1;40;2;;2;;2;;2;;2;;2;;2;;2;;23;12;23;180.2332044
6040024;1;3;1;90;2;;1;15;2;;2;;2;;2;;2;;2;;2;;2;;23;12;23;180.2332044
6040024;1;4;1;90;2;;1;15;2;;2;;2;;2;;2;;2;;2;;2;;23;12;23;180.2332044
6040024;1;5;1;90;2;;2;;2;;2;;2;;2;;2;;2;;2;;2;;23;12;23;180.2332044
6040024;1;6;1;90;2;;2;;2;;2;;2;;2;;2;;2;;2;;2;;23;12;23;180.2332044
6040025;1;1;1;90;2;;1;14;2;;2;;2;;2;;2;;2;;2;;2;;23;12;23;209.15091283
6040025;1;2;1;90;2;;2;;2;;2;;2;;2;;2;;2;;2;;2;;23;12;23;209.15091283
6040025;1;3;1;90;2;;2;;2;;2;;2;;2;;2;;2;;2;;2;;23;12;23;209.15091283
6040025;1;4;1;90;2;;1;14;2;;2;;2;;2;;2;;2;;2;;2;;23;12;23;209.15091283
6040026;1;1;1;90;2;;2;;2;;2;;2;;2;;2;;2;;2;;2;;23;12;23;111.82886586
6040026;1;2;1;90;2;;2;;2;;2;;2;;2;;2;;2;;2;;2;;23;12;23;111.82886586
6040026;1;3;1;90;2;;1;10;2;;2;;2;;2;;2;;2;;2;;2;;23;12;23;111.82886586
6040027;1;1;1;90;2;;1;22;2;;1;8;2;;2;;2;;2;;2;;2;;23;12;23;229.48775952
6040027;1;2;1;90;2;;1;12;2;;1;3;2;;2;;2;;2;;2;;2;;23;12;23;229.48775952
6040028;1;1;1;90;2;;2;;2;;2;;2;;2;;2;;2;;2;;2;;23;12;23;174.38364757
6040029;1;1;1;90;2;;1;7;2;;2;;2;;2;;2;;2;;2;;2;;23;12;23;296.10833169
6040029;1;2;1;90;2;;1;30;2;;1;28;2;;2;;2;;2;;2;;2;;23;12;23;296.10833169
6040030;1;1;1;90;2;;2;;2;;2;;2;;2;;2;;2;;2;;2;;23;12;23;174.38364757
6040031;1;1;1;90;2;;1;9;2;;2;;2;;2;;2;;2;;2;;2;;23;12;23;168.41348751
6040031;1;2;1;90;2;;1;9;2;;2;;2;;2;;2;;2;;2;;2;;23;12;23;168.41348751
6040035;1;1;1;90;2;;1;8;2;;2;;2;;2;;2;;2;;2;;2;;23;12;23;108.61381526
6040035;1;2;1;90;2;;1;3;2;;2;;2;;2;;2;;2;;2;;2;;23;12;23;108.61381526
6040035;1;3;1;90;2;;1;4;2;;2;;2;;2;;2;;2;;2;;2;;23;12;23;108.61381526
6040035;1;4;1;90;2;;1;7;2;;2;;2;;2;;2;;2;;2;;2;;23;12;23;108.61381526
6040035;1;5;1;90;2;;1;4;2;;2;;2;;2;;2;;2;;2;;2;;23;12;23;108.61381526
6040035;1;6;1;90;2;;1;5;2;;2;;2;;2;;2;;2;;2;;2;;23;12;23;108.61381526
6040036;1;1;1;90;2;;2;;2;;2;;2;;2;;2;;2;;2;;2;;23;12;23;192.66195279
6040036;1;2;1;90;2;;1;25;2;;1;8;2;;2;;2;;2;;2;;2;;23;12;23;192.66195279
6040036;1;3;1;90;2;;1;20;2;;1;17;2;;2;;2;;2;;2;;2;;23;12;23;192.66195279
6040036;1;4;1;90;2;;1;10;2;;1;13;2;;2;;2;;2;;2;;2;;23;12;23;192.66195279
6040037;1;1;1;90;2;;2;;2;;2;;2;;2;;2;;2;;2;;2;;23;12;23;232.84346084
6040037;1;2;1;90;2;;2;;2;;2;;2;;2;;2;;2;;2;;2;;23;12;23;232.84346084
6040037;1;3;1;90;2;;2;;2;;2;;2;;2;;2;;2;;2;;2;;23;12;23;232.84346084
6040038;1;1;1;90;2;;1;20;2;;2;;2;;2;;2;;2;;2;;2;;23;12;23;228.82125769
6040038;1;2;1;90;2;;1;3;2;;2;;2;;2;;2;;2;;2;;2;;23;12;23;228.82125769
6040038;1;3;1;90;2;;1;10;2;;2;;2;;2;;2;;2;;2;;2;;23;12;23;228.82125769
6040039;1;1;1;90;2;;1;5;2;;2;;2;;2;;2;;2;;2;;2;;23;12;23;212.87801802
6040039;1;2;1;90;2;;1;26;2;;1;5;2;;2;;2;;2;;2;;2;;23;12;23;212.87801802
6040039;1;3;1;90;2;;2;;2;;1;10;2;;2;;2;;2;;2;;2;;23;12;23;212.87801802
6040039;1;4;1;90;2;;1;37;2;;1;15;2;;2;;2;;2;;2;;2;;23;12;23;212.87801802
6040040;1;1;1;90;2;;2;;2;;2;;2;;2;;2;;2;;2;;2;;23;12;23;226.68766497
6040040;1;2;1;90;2;;1;20;2;;2;;2;;2;;2;;2;;2;;2;;23;12;23;226.68766497
6040040;1;3;1;90;2;;1;20;2;;2;;2;;2;;2;;2;;2;;2;;23;12;23;226.68766497
6040041;1;1;1;90;2;;1;40;2;;2;;1;30;2;;2;;2;;2;;2;;23;12;23;141.63017586
6040041;1;2;1;90;2;;2;;2;;2;;2;;2;;2;;2;;2;;2;;23;12;23;141.63017586
6040041;1;3;1;90;2;;2;;2;;2;;2;;2;;2;;2;;2;;2;;23;12;23;141.63017586
6040041;1;4;1;90;2;;1;30;2;;2;;2;;2;;2;;2;;2;;2;;23;12;23;141.63017586
6040042;1;1;1;90;2;;1;20;2;;1;10;2;;2;;2;;2;;2;;2;;23;12;23;236.03481792
6040042;1;2;1;90;2;;1;5;2;;2;;2;;2;;2;;2;;2;;2;;23;12;23;236.03481792
6040042;1;5;1;90;2;;1;20;2;;1;10;2;;2;;2;;2;;2;;2;;23;12;23;236.03481792
6040043;1;1;1;90;2;;1;10;2;;2;;2;;2;;2;;2;;2;;2;;23;12;23;221.72170972
6040044;1;1;1;90;2;;2;;2;;2;;2;;2;;2;;2;;2;;2;;23;12;23;210.34075344
6040044;1;2;1;90;2;;2;;2;;2;;2;;2;;2;;2;;2;;2;;23;12;23;210.34075344
6040045;1;1;1;90;2;;1;16;2;;2;;2;;2;;2;;2;;2;;2;;23;12;23;108.61381526
6040045;1;2;1;90;2;;1;4;2;;2;;2;;2;;2;;2;;2;;2;;23;12;23;108.61381526
6040045;1;3;1;90;2;;1;5;2;;2;;2;;2;;2;;2;;2;;2;;23;12;23;108.61381526
6040046;1;1;1;90;2;;1;30;2;;2;;2;;2;;2;;2;;2;;2;;23;12;23;246.62768685
6040046;1;2;1;90;2;;2;;2;;2;;2;;2;;2;;2;;2;;2;;23;12;23;246.62768685
6040046;1;3;1;90;2;;1;21;2;;1;14;2;;2;;2;;2;;2;;2;;23;12;23;246.62768685
6040046;1;5;1;90;2;;1;14;2;;2;;2;;2;;2;;2;;2;;2;;23;12;23;246.62768685
6040046;1;6;1;90;2;;2;;2;;2;;2;;2;;2;;2;;2;;2;;23;12;23;246.62768685
6040047;1;1;1;90;2;;1;30;2;;2;;2;;2;;2;;2;;2;;2;;23;12;23;260.97862532
6040047;1;2;1;90;2;;2;;2;;2;;2;;2;;2;;2;;2;;2;;23;12;23;260.97862532
6040047;1;3;1;90;2;;1;30;2;;2;;2;;2;;2;;2;;2;;2;;23;12;23;260.97862532
6040047;1;4;1;90;2;;2;;2;;2;;2;;2;;2;;2;;2;;2;;23;12;23;260.97862532
6040047;1;6;1;90;2;;2;;2;;2;;2;;2;;2;;2;;2;;2;;23;12;23;260.97862532
6040048;1;1;1;90;2;;1;14;2;;2;;2;;2;;2;;2;;2;;2;;23;12;23;172.46272574
6040048;1;2;1;90;2;;1;35;2;;1;7;2;;2;;2;;2;;2;;2;;23;12;23;172.46272574
6040048;1;3;1;90;2;;2;;2;;2;;2;;2;;2;;2;;2;;2;;23;12;23;172.46272574
6040048;1;4;1;90;2;;2;;2;;2;;2;;2;;2;;2;;2;;2;;23;12;23;172.46272574
6040048;1;5;1;90;2;;1;7;2;;2;;2;;2;;2;;2;;2;;2;;23;12;23;172.46272574
6040049;1;1;1;90;2;;1;4;2;;2;;2;;2;;2;;2;;2;;2;;23;12;23;165.34975895
6040049;1;2;1;90;2;;1;12;2;;2;;2;;2;;2;;2;;2;;2;;23;12;23;165.34975895
6040049;1;3;1;90;2;;1;5;2;;2;;2;;2;;2;;2;;2;;2;;23;12;23;165.34975895
6040049;1;4;1;90;2;;1;10;2;;2;;2;;2;;2;;2;;2;;2;;23;12;23;165.34975895
6040049;1;5;1;90;2;;1;4;2;;2;;2;;2;;2;;2;;2;;2;;23;12;23;165.34975895
6040049;1;6;1;90;2;;1;8;2;;2;;2;;2;;2;;2;;2;;2;;23;12;23;165.34975895
6040050;1;1;1;90;2;;2;;2;;1;7;2;;2;;2;;2;;2;;2;;23;12;23;323.24979043
6040050;1;2;1;90;2;;1;21;2;;1;16;2;;2;;2;;2;;2;;2;;23;12;23;323.24979043
6040050;2;1;2;90;2;;2;;2;;1;7;2;;2;;2;;2;;2;;2;;23;12;23;323.24979043
6040050;2;2;2;90;2;;1;20;2;;1;16;2;;2;;2;;2;;2;;2;;23;12;23;323.24979043
6040050;2;4;2;90;2;;1;4;2;;2;;2;;2;;2;;2;;2;;2;;23;12;23;323.24979043
6040051;1;1;1;90;2;;2;;2;;2;;2;;2;;2;;2;;2;;2;;23;12;23;253.61987219
6040051;1;2;1;90;2;;1;40;2;;2;;2;;2;;2;;2;;2;;2;;23;12;23;253.61987219
6040051;1;4;1;90;2;;2;;2;;2;;2;;2;;2;;2;;2;;2;;23;12;23;253.61987219
6040051;1;5;1;90;2;;1;15;2;;2;;2;;2;;2;;2;;2;;2;;23;12;23;253.61987219
6040051;1;6;1;90;2;;1;20;2;;2;;2;;2;;2;;2;;2;;2;;23;12;23;253.61987219
6040051;1;7;1;90;2;;2;;2;;2;;2;;2;;2;;2;;2;;2;;23;12;23;253.61987219
6040052;1;1;1;90;2;;2;;2;;2;;2;;2;;2;;2;;2;;2;;23;12;23;196.60011473
6040052;1;2;1;90;2;;2;;2;;2;;2;;2;;2;;2;;2;;2;;23;12;23;196.60011473
6040054;1;1;1;90;2;;1;14;2;;2;;2;;2;;2;;2;;2;;2;;23;12;23;217.69950657
6040055;1;1;1;90;2;;1;14;2;;2;;2;;2;;2;;2;;2;;2;;23;12;23;277.50252038
6040055;1;2;1;90;2;;2;;2;;2;;2;;2;;2;;2;;2;;2;;23;12;23;277.50252038
6040055;1;3;1;90;2;;1;14;2;;1;14;2;;2;;2;;2;;2;;2;;23;12;23;277.50252038
6040059;1;1;1;90;2;;1;14;2;;2;;2;;2;;2;;2;;2;;2;;23;12;23;227.87750559
6040060;1;1;1;90;2;;1;35;2;;2;;2;;2;;2;;2;;2;;2;;23;12;23;186.42211571
6040060;1;2;1;90;2;;2;;2;;2;;2;;2;;2;;2;;2;;2;;23;12;23;186.42211571
6040061;1;1;1;90;2;;1;20;2;;2;;2;;2;;2;;2;;2;;2;;23;12;23;220.99062851
6040061;1;2;1;90;2;;2;;2;;2;;2;;2;;2;;2;;2;;2;;23;12;23;220.99062851
6040061;1;3;1;90;2;;1;15;2;;2;;2;;2;;2;;2;;2;;2;;23;12;23;220.99062851
6040062;1;1;1;90;2;;1;21;2;;2;;2;;2;;2;;2;;2;;2;;23;12;23;207.2499898
6040062;1;2;1;90;2;;2;;2;;2;;2;;2;;2;;2;;2;;2;;23;12;23;207.2499898
6040062;1;3;1;90;2;;2;;2;;2;;2;;2;;2;;2;;2;;2;;23;12;23;207.2499898
6040063;1;1;1;90;2;;1;14;2;;2;;2;;2;;2;;2;;2;;2;;23;12;23;196.60011473
6040063;1;2;1;90;2;;2;;2;;2;;2;;2;;2;;2;;2;;2;;23;12;23;196.60011473
6040064;1;1;1;90;2;;2;;2;;2;;2;;2;;2;;2;;2;;2;;23;12;23;210.81262949
6040064;1;2;1;90;2;;1;20;2;;2;;2;;2;;2;;2;;2;;2;;23;12;23;210.81262949
6040064;1;3;1;90;2;;2;;2;;2;;2;;2;;2;;2;;2;;2;;23;12;23;210.81262949
6040066;1;1;1;90;2;;2;;2;;2;;2;;2;;2;;2;;2;;2;;23;12;23;179.34960282
6040066;1;2;1;90;2;;1;20;2;;2;;2;;2;;2;;2;;2;;2;;23;12;23;179.34960282
6040066;1;3;1;90;2;;2;;2;;2;;2;;2;;2;;2;;2;;2;;23;12;23;179.34960282
6040067;1;1;1;90;2;;1;6;2;;1;10;2;;2;;2;;2;;2;;2;;23;12;23;334.54227664
6040067;1;2;1;90;2;;1;19;2;;1;18;2;;2;;2;;2;;2;;2;;23;12;23;334.54227664
6040068;1;1;1;90;2;;1;5;2;;1;5;2;;2;;2;;2;;2;;2;;23;12;23;266.78332659
6040068;1;2;1;90;2;;1;20;2;;1;10;2;;2;;2;;2;;2;;2;;23;12;23;266.78332659
6040069;1;1;1;90;2;;1;8;2;;2;;2;;2;;2;;2;;2;;2;;23;12;23;228.34938164
6040069;1;2;1;90;2;;1;17;2;;2;;2;;2;;2;;2;;2;;2;;23;12;23;228.34938164
6040070;1;1;1;90;2;;1;20;2;;2;;2;;2;;2;;2;;2;;2;;23;12;23;186.42211571
6040070;1;2;1;90;2;;1;18;2;;2;;2;;2;;2;;2;;2;;2;;23;12;23;186.42211571
6040071;1;1;1;90;2;;2;;2;;2;;2;;2;;2;;2;;2;;2;;23;12;23;210.34075344
6040071;1;2;1;90;2;;1;35;2;;2;;2;;2;;2;;2;;2;;2;;23;12;23;210.34075344
6040072;1;1;1;90;2;;1;10;2;;2;;2;;2;;2;;2;;2;;2;;23;12;23;185.95023966
6040073;1;1;1;90;2;;1;5;2;;1;10;2;;2;;2;;2;;2;;2;;23;12;23;258.81276461
6040073;1;2;1;90;2;;1;5;2;;1;10;2;;2;;2;;2;;2;;2;;23;12;23;258.81276461
6040074;1;1;1;90;2;;1;30;2;;2;;1;30;2;;2;;2;;2;;2;;23;12;23;108.61381526
6040074;1;2;1;90;2;;1;15;2;;2;;2;;2;;2;;2;;2;;2;;23;12;23;108.61381526
6040074;1;3;1;90;2;;2;;2;;2;;2;;2;;2;;2;;2;;2;;23;12;23;108.61381526
6040074;1;4;1;90;2;;2;;2;;2;;2;;2;;2;;2;;2;;2;;23;12;23;108.61381526
6040074;1;5;1;90;2;;1;15;2;;2;;2;;2;;2;;2;;2;;2;;23;12;23;108.61381526
6040074;1;6;1;90;2;;2;;2;;2;;2;;2;;2;;2;;2;;2;;23;12;23;108.61381526
6040074;1;7;1;90;2;;2;;2;;2;;2;;2;;2;;2;;2;;2;;23;12;23;108.61381526
6040075;1;1;1;90;2;;1;7;2;;2;;2;;2;;2;;2;;2;;2;;23;12;23;256.60532757
6040075;1;2;1;90;2;;1;14;2;;1;18;2;;2;;2;;2;;2;;2;;23;12;23;256.60532757
6040076;1;1;1;90;2;;1;3;2;;2;;2;;2;;2;;2;;2;;2;;23;12;23;228.34938164
6040076;1;2;1;90;2;;1;14;2;;2;;2;;2;;2;;2;;2;;2;;23;12;23;228.34938164
6040077;1;1;1;90;2;;1;10;2;;1;14;2;;2;;2;;2;;2;;2;;23;12;23;213.28946858
6040077;1;2;1;90;2;;1;3;2;;1;12;2;;2;;2;;2;;2;;2;;23;12;23;213.28946858
6040078;1;1;1;90;2;;2;;2;;2;;2;;2;;2;;2;;2;;2;;23;12;23;227.87750559
6040079;1;1;1;90;2;;1;20;2;;1;10;2;;2;;2;;2;;2;;2;;23;12;23;294.56739648
6040080;1;1;1;90;2;;1;20;2;;2;;2;;2;;2;;2;;2;;2;;23;12;23;229.35013987
6040080;1;2;1;90;2;;1;24;2;;2;;2;;2;;2;;2;;2;;2;;23;12;23;229.35013987
6040080;1;3;1;90;2;;2;;2;;2;;2;;2;;2;;2;;2;;2;;23;12;23;229.35013987
6040081;1;1;1;90;2;;1;35;2;;2;;2;;2;;2;;2;;2;;2;;23;12;23;196.60011473
6040081;1;2;1;90;2;;1;14;2;;2;;2;;2;;2;;2;;2;;2;;23;12;23;196.60011473
6040082;1;1;1;90;2;;1;14;2;;2;;2;;2;;2;;2;;2;;2;;23;12;23;218.17138262
6040082;1;2;1;90;2;;1;14;2;;2;;2;;2;;2;;2;;2;;2;;23;12;23;218.17138262
6041282;1;1;1;90;2;;1;8;2;;1;8;2;;2;;2;;2;;2;;2;;50;12;50;390.54747955
6041282;1;2;1;90;2;;1;30;2;;1;10;2;;2;;2;;2;;2;;2;;50;12;50;390.54747955
6041283;1;1;1;90;2;;1;10;2;;2;;2;;2;;2;;2;;2;;2;;50;12;50;266.09838785
6041283;1;3;1;90;2;;1;10;2;;1;10;2;;2;;2;;2;;2;;2;;50;12;50;266.09838785
6041284;1;1;1;90;2;;1;35;2;;2;;2;;2;;2;;2;;2;;2;;50;12;50;198.6749069
6041284;1;2;1;90;2;;1;12;2;;2;;2;;2;;2;;2;;2;;2;;50;12;50;198.6749069
6041285;1;1;1;90;2;;2;;2;;1;5;2;;2;;2;;2;;2;;2;;50;12;50;441.74353168
6041285;1;2;1;90;2;;1;15;2;;1;15;2;;2;;2;;2;;2;;2;;50;12;50;441.74353168
6041285;1;3;1;90;2;;1;3;2;;2;;2;;2;;2;;2;;2;;2;;50;12;50;441.74353168
6041286;1;1;1;90;2;;1;40;2;;1;20;2;;2;;2;;2;;2;;2;;50;12;50;212.43299047
6041287;1;1;1;90;2;;1;39;2;;2;;2;;2;;2;;2;;2;;2;;50;12;50;246.00424827
6041287;1;2;1;90;2;;1;18;2;;2;;2;;2;;2;;2;;2;;2;;50;12;50;246.00424827
6041288;1;1;1;90;2;;1;24;2;;1;24;2;;2;;2;;2;;2;;2;;50;12;50;198.6749069
6041288;1;2;1;90;2;;1;8;2;;2;;2;;2;;2;;2;;2;;2;;50;12;50;198.6749069
6041289;1;1;1;90;2;;1;15;2;;2;;2;;2;;2;;2;;2;;2;;50;12;50;282.34361929
6041290;1;1;1;90;2;;1;30;2;;2;;2;;2;;2;;2;;2;;2;;50;12;50;175.52344364
6041290;1;2;1;90;2;;1;9;2;;2;;2;;2;;2;;2;;2;;2;;50;12;50;175.52344364
6041291;1;1;1;90;2;;1;10;2;;1;10;2;;2;;2;;2;;2;;2;;50;12;50;321.90392533
6041292;1;1;1;90;2;;1;15;2;;2;;2;;2;;2;;2;;2;;2;;50;12;50;192.33885089
6041293;1;1;1;90;2;;1;18;2;;2;;2;;2;;2;;2;;2;;2;;50;12;50;282.34361929
6041294;1;1;1;90;2;;2;;2;;2;;2;;2;;2;;2;;2;;2;;50;12;50;305.08851808
6041294;1;2;1;90;2;;1;12;2;;2;;2;;2;;2;;2;;2;;2;;50;12;50;305.08851808
6041295;1;1;1;90;2;;1;18;2;;1;18;2;;2;;2;;2;;2;;2;;50;12;50;272.48587781
6041296;1;1;1;90;2;;1;15;2;;2;;2;;2;;2;;2;;2;;2;;50;12;50;298.26467669
6041296;1;2;1;90;2;;1;7;2;;2;;2;;2;;2;;2;;2;;2;;50;12;50;298.26467669
6041297;1;1;1;90;2;;1;30;2;;2;;2;;2;;2;;2;;2;;2;;50;12;50;250.93533532
6041297;1;2;1;90;2;;2;;2;;2;;2;;2;;2;;2;;2;;2;;50;12;50;250.93533532
6041298;1;1;1;90;2;;2;;2;;2;;2;;2;;2;;2;;2;;2;;50;12;50;279.46070462
6041298;1;2;1;90;2;;1;14;2;;2;;2;;2;;2;;2;;2;;2;;50;12;50;279.46070462
6041298;1;3;1;90;2;;1;12;2;;2;;2;;2;;2;;2;;2;;2;;50;12;50;279.46070462
6041298;1;4;1;90;2;;2;;2;;2;;2;;2;;2;;2;;2;;2;;50;12;50;279.46070462
6041298;1;5;1;90;2;;1;20;2;;1;70;2;;2;;2;;2;;2;;2;;50;12;50;279.46070462
6041298;1;7;1;90;2;;1;18;2;;2;;2;;2;;2;;2;;2;;2;;50;12;50;279.46070462
6041300;1;1;1;90;2;;1;7;2;;2;;2;;2;;2;;2;;2;;2;;50;12;50;175.52344364
6041300;1;2;1;90;2;;1;7;2;;2;;2;;2;;2;;2;;2;;2;;50;12;50;175.52344364
6041301;1;1;1;90;2;;1;10;2;;1;7;2;;2;;2;;2;;2;;2;;50;12;50;314.64780249
6041301;1;2;1;90;2;;1;15;2;;1;7;2;;2;;2;;2;;2;;2;;50;12;50;314.64780249
6041301;1;3;1;90;2;;1;3;2;;2;;2;;2;;2;;2;;2;;2;;50;12;50;314.64780249
6041302;1;1;1;90;2;;1;4;2;;2;;2;;2;;2;;2;;2;;2;;50;12;50;250.93533532
6041302;1;2;1;90;2;;1;2;2;;2;;2;;2;;2;;2;;2;;2;;50;12;50;250.93533532
6041303;1;1;1;90;2;;1;5;2;;2;;2;;2;;2;;2;;2;;2;;50;12;50;175.52344364
6041303;1;2;1;90;2;;1;35;2;;2;;2;;2;;2;;2;;2;;2;;50;12;50;175.52344364
6041304;1;1;1;90;2;;1;6;2;;1;30;2;;2;;2;;2;;2;;2;;50;12;50;384.18570656
6041304;1;2;1;90;2;;1;12;2;;1;20;2;;2;;2;;2;;2;;2;;50;12;50;384.18570656
6041305;1;1;1;90;2;;2;;2;;2;;2;;2;;2;;2;;2;;2;;50;12;50;364.09156698
6041305;1;2;1;90;2;;1;6;2;;2;;2;;2;;2;;2;;2;;2;;50;12;50;364.09156698
6041308;1;1;1;90;2;;1;7;2;;2;;2;;2;;2;;2;;2;;2;;50;12;50;149.57951327
6041308;1;2;1;90;2;;1;7;2;;2;;2;;2;;2;;2;;2;;2;;50;12;50;149.57951327
6041308;1;3;1;90;2;;1;10;2;;2;;2;;2;;2;;2;;2;;2;;50;12;50;149.57951327
6041310;1;1;1;90;2;;1;6;2;;2;;2;;2;;2;;2;;2;;2;;50;12;50;453.76012529
6041310;1;2;1;90;2;;1;12;2;;2;;2;;2;;2;;2;;2;;2;;50;12;50;453.76012529
6041310;1;3;1;90;2;;2;;2;;2;;2;;2;;2;;2;;2;;2;;50;12;50;453.76012529
6041310;1;4;1;90;2;;1;18;2;;2;;2;;2;;2;;2;;2;;2;;50;12;50;453.76012529
6041312;1;1;1;90;2;;1;7;2;;2;;2;;2;;2;;2;;2;;2;;50;12;50;250.93533532
6041312;1;2;1;90;2;;2;;2;;2;;2;;2;;2;;2;;2;;2;;50;12;50;250.93533532
6041313;1;1;1;90;2;;1;15;2;;2;;2;;2;;2;;2;;2;;2;;50;12;50;357.75551097
6041314;1;1;1;90;2;;1;15;1;20;2;;2;;2;;2;;2;;2;;2;;50;12;50;192.33885089
6041315;1;1;1;90;2;;2;;2;;2;;2;;2;;2;;2;;2;;2;;50;12;50;150.45121568
6041315;1;2;1;90;2;;1;10;2;;2;;2;;2;;2;;2;;2;;2;;50;12;50;150.45121568
6041315;1;3;1;90;2;;2;;2;;2;;2;;2;;2;;2;;2;;2;;50;12;50;150.45121568
6041315;1;4;1;90;2;;1;20;2;;2;;1;20;2;;2;;2;;2;;2;;50;12;50;150.45121568
6041316;1;1;1;90;2;;2;;2;;2;;2;;2;;2;;2;;2;;2;;50;12;50;364.09156698
6041316;1;2;1;90;2;;1;11;2;;2;;2;;2;;2;;2;;2;;2;;50;12;50;364.09156698
6041317;1;1;1;90;2;;1;6;2;;2;;2;;2;;2;;2;;2;;2;;50;12;50;220.35772279
6041317;1;2;1;90;2;;1;45;2;;2;;2;;2;;2;;2;;2;;2;;50;12;50;220.35772279
6041317;1;3;1;90;2;;1;10;2;;2;;2;;2;;2;;2;;2;;2;;50;12;50;220.35772279
6041318;1;1;1;90;2;;1;35;2;;2;;2;;2;;2;;2;;2;;2;;50;12;50;192.33885089
6041319;1;1;1;90;2;;1;36;2;;1;24;2;;2;;2;;2;;2;;2;;50;12;50;347.46548804
6041319;1;2;1;90;2;;2;;2;;2;;2;;2;;2;;2;;2;;2;;50;12;50;347.46548804
6041319;1;3;1;90;2;;1;5;2;;2;;2;;2;;2;;2;;2;;2;;50;12;50;347.46548804
6041321;1;1;1;90;2;;1;18;2;;2;;2;;2;;2;;2;;2;;2;;50;12;50;282.34361929
6041322;1;1;1;90;2;;1;6;2;;2;;2;;2;;2;;2;;2;;2;;50;12;50;347.27615973
6041322;1;2;1;90;2;;1;24;2;;2;;2;;2;;2;;2;;2;;2;;50;12;50;347.27615973
6041322;1;3;1;90;2;;2;;2;;2;;2;;2;;2;;2;;2;;2;;50;12;50;347.27615973
6041325;1;1;1;90;2;;1;12;2;;2;;2;;2;;2;;2;;2;;2;;50;12;50;357.75551097
6041328;1;1;1;90;2;;2;;2;;2;;1;12;2;;2;;2;;2;;2;;50;12;50;198.6749069
6041328;1;2;1;90;2;;2;;2;;2;;2;;2;;2;;2;;2;;2;;50;12;50;198.6749069
6041332;1;1;1;90;2;;1;24;2;;2;;2;;2;;2;;2;;2;;2;;50;12;50;335.67280658
6041332;1;2;1;90;2;;1;12;2;;2;;2;;2;;2;;2;;2;;2;;50;12;50;335.67280658
6041332;1;3;1;90;2;;1;3;2;;2;;2;;2;;2;;2;;2;;2;;50;12;50;335.67280658
6041332;1;4;1;90;2;;1;3;2;;2;;2;;2;;2;;2;;2;;2;;50;12;50;335.67280658
6041333;1;1;1;90;2;;1;20;2;;1;20;2;;2;;2;;2;;2;;2;;50;12;50;217.9004136
6041333;1;2;1;90;2;;1;7;2;;1;6;2;;2;;2;;2;;2;;2;;50;12;50;217.9004136
6041333;1;3;1;90;2;;1;15;2;;1;10;2;;2;;2;;2;;2;;2;;50;12;50;217.9004136
6041334;1;1;1;90;2;;1;20;2;;1;20;2;;2;;2;;2;;2;;2;;50;12;50;380.50040976
6041334;1;2;1;90;2;;1;4;2;;1;5;2;;2;;2;;2;;2;;2;;50;12;50;380.50040976
6041335;1;1;1;90;2;;1;18;2;;2;;2;;2;;2;;2;;2;;2;;50;12;50;282.34361929
6041336;1;1;1;90;2;;1;20;2;;1;25;2;;2;;2;;2;;2;;2;;50;12;50;365.84385463
6041336;1;2;1;90;2;;1;7;2;;2;;2;;2;;2;;2;;2;;2;;50;12;50;365.84385463
6041336;1;3;1;90;2;;1;5;2;;2;;2;;2;;2;;2;;2;;2;;50;12;50;365.84385463
6041336;1;5;1;90;2;;2;;2;;2;;2;;2;;2;;2;;2;;2;;50;12;50;365.84385463
6041338;1;1;1;90;2;;1;2;2;;2;;2;;2;;2;;2;;2;;2;;50;12;50;364.09156698
6041338;1;2;1;90;2;;1;10;2;;2;;2;;2;;2;;2;;2;;2;;50;12;50;364.09156698
6041339;1;1;1;90;2;;2;;2;;2;;2;;2;;2;;2;;2;;2;;50;12;50;282.34361929
6041341;1;1;1;90;2;;2;;2;;2;;2;;2;;2;;2;;2;;2;;50;12;50;308.31174648
6041341;1;2;1;90;2;;1;35;2;;1;25;2;;2;;2;;2;;2;;2;;50;12;50;308.31174648
6041342;1;1;1;90;2;;1;24;2;;2;;2;;2;;2;;2;;2;;2;;50;12;50;378.34823361
6041342;1;2;1;90;2;;2;;2;;2;;2;;2;;2;;2;;2;;2;;50;12;50;378.34823361
6041342;1;3;1;90;2;;1;30;2;;2;;2;;2;;2;;2;;2;;2;;50;12;50;378.34823361
6041342;1;4;1;90;2;;1;8;2;;2;;2;;2;;2;;2;;2;;2;;50;12;50;378.34823361
6041343;1;1;1;90;2;;2;;2;;2;;2;;2;;2;;2;;2;;2;;50;12;50;220.35772279
6041343;1;2;1;90;2;;1;43;2;;1;19;2;;2;;2;;2;;2;;2;;50;12;50;220.35772279
6041343;1;3;1;90;2;;1;10;2;;2;;2;;2;;2;;2;;2;;2;;50;12;50;220.35772279
6041344;1;1;1;90;2;;1;2;2;;2;;2;;2;;2;;2;;2;;2;;50;12;50;394.23277635
6041344;1;2;1;90;2;;1;46;2;;1;14;2;;2;;2;;2;;2;;2;;50;12;50;394.23277635
6041345;1;1;1;90;2;;1;12;2;;2;;2;;2;;2;;2;;2;;2;;50;12;50;350.32936171
6041345;1;2;1;90;2;;1;3;2;;2;;2;;2;;2;;2;;2;;2;;50;12;50;350.32936171
6041346;1;1;1;90;2;;1;38;2;;2;;2;;2;;2;;2;;2;;2;;50;12;50;309.53181975
6041346;1;2;1;90;2;;1;12;2;;1;19;2;;2;;2;;2;;2;;2;;50;12;50;309.53181975
6041346;1;3;1;90;2;;1;19;2;;2;;2;;2;;2;;2;;2;;2;;50;12;50;309.53181975
6041347;1;1;1;90;2;;1;2;2;;2;;2;;2;;2;;2;;2;;2;;50;12;50;245.10989842
6041347;1;2;1;90;2;;1;24;2;;2;;2;;2;;2;;2;;2;;2;;50;12;50;245.10989842
6041347;1;3;1;90;2;;1;10;2;;2;;2;;2;;2;;2;;2;;2;;50;12;50;245.10989842
6041347;1;4;1;90;2;;1;8;2;;2;;2;;2;;2;;2;;2;;2;;50;12;50;245.10989842
6041348;1;1;1;90;2;;2;;2;;2;;2;;2;;2;;2;;2;;2;;50;12;50;195.66613392
6041348;1;2;1;90;2;;1;42;2;;1;18;2;;2;;2;;2;;2;;2;;50;12;50;195.66613392
6041348;1;3;1;90;2;;1;10;2;;1;5;2;;2;;2;;2;;2;;2;;50;12;50;195.66613392
6041348;1;4;1;90;2;;1;3;2;;2;;2;;2;;2;;2;;2;;2;;50;12;50;195.66613392
6041348;1;5;1;90;2;;1;3;2;;2;;2;;2;;2;;2;;2;;2;;50;12;50;195.66613392
6041349;1;1;1;90;2;;1;20;2;;2;;2;;2;;2;;2;;2;;2;;50;12;50;315.54215235
6041351;1;1;1;90;2;;1;49;2;;2;;2;;2;;2;;2;;2;;2;;50;12;50;337.41841825
6041351;1;2;1;90;2;;2;;2;;2;;2;;2;;2;;2;;2;;2;;50;12;50;337.41841825
6041351;1;3;1;90;2;;2;;2;;2;;2;;2;;2;;2;;2;;2;;50;12;50;337.41841825
6041352;1;1;1;90;2;;1;30;2;;1;10;2;;2;;2;;2;;2;;2;;50;12;50;453.76012529
6041352;1;2;1;90;2;;1;6;2;;2;;2;;2;;2;;2;;2;;2;;50;12;50;453.76012529
6041352;1;3;1;90;2;;1;10;2;;2;;2;;2;;2;;2;;2;;2;;50;12;50;453.76012529
6041352;1;4;1;90;2;;1;5;2;;2;;2;;2;;2;;2;;2;;2;;50;12;50;453.76012529
6041353;1;1;1;90;2;;2;;2;;2;;2;;2;;2;;2;;2;;2;;50;12;50;220.35772279
6041353;1;2;1;90;2;;1;18;2;;1;7;2;;2;;2;;2;;2;;2;;50;12;50;220.35772279
6041353;1;3;1;90;2;;1;3;2;;2;;2;;2;;2;;2;;2;;2;;50;12;50;220.35772279
6041354;1;1;1;90;2;;1;20;2;;2;;2;;2;;2;;2;;2;;2;;50;12;50;250.93533532
6041354;2;1;2;90;2;;1;12;2;;2;;2;;2;;2;;2;;2;;2;;50;12;50;250.93533532
6041356;1;1;1;90;2;;1;32;2;;2;;1;10;2;;2;;2;;2;;2;;50;12;50;250.93533532
6041356;1;2;1;90;2;;2;;2;;2;;2;;2;;2;;2;;2;;2;;50;12;50;250.93533532
6041357;1;1;1;90;2;;1;35;2;;2;;2;;2;;2;;2;;2;;2;;50;12;50;250.93533532
6041357;1;2;1;90;2;;2;;2;;2;;2;;2;;2;;2;;2;;2;;50;12;50;250.93533532
6041358;1;1;1;90;2;;1;5;2;;2;;2;;2;;2;;2;;2;;2;;50;12;50;282.34361929
6041359;1;1;1;90;2;;2;;2;;2;;2;;2;;2;;2;;2;;2;;50;12;50;396.88353556
6041359;1;2;1;90;2;;2;;2;;2;;2;;2;;2;;2;;2;;2;;50;12;50;396.88353556
6041359;1;3;1;90;2;;1;20;2;;1;20;2;;2;;2;;2;;2;;2;;50;12;50;396.88353556
6041360;1;1;1;90;2;;1;7;2;;2;;2;;2;;2;;2;;2;;2;;50;12;50;239.66819226
6041361;1;1;1;90;2;;1;5;2;;2;;2;;2;;2;;2;;2;;2;;50;12;50;282.34361929
6041362;1;1;1;90;2;;1;30;2;;2;;2;;2;;2;;2;;2;;2;;50;12;50;197.78055705
6041362;1;2;1;90;2;;1;10;2;;2;;2;;2;;2;;2;;2;;2;;50;12;50;197.78055705
6041362;1;3;1;90;2;;1;7;2;;2;;2;;2;;2;;2;;2;;2;;50;12;50;197.78055705
6041362;1;4;1;90;2;;1;10;2;;2;;2;;2;;2;;2;;2;;2;;50;12;50;197.78055705
6041363;1;1;1;90;2;;1;40;2;;2;;2;;2;;2;;2;;2;;2;;50;12;50;250.93533532
6041363;1;2;1;90;2;;2;;2;;2;;2;;2;;2;;2;;2;;2;;50;12;50;250.93533532
6041364;1;1;1;90;2;;1;10;2;;2;;2;;2;;2;;2;;2;;2;;50;12;50;321.00957547
6041364;1;2;1;90;2;;1;5;2;;2;;2;;2;;2;;2;;2;;2;;50;12;50;321.00957547
6041364;1;3;1;90;2;;1;7;2;;2;;2;;2;;2;;2;;2;;2;;50;12;50;321.00957547
6041365;1;1;1;90;2;;1;12;2;;2;;2;;2;;2;;2;;2;;2;;50;12;50;295.76961447
6041365;1;2;1;90;2;;2;;2;;2;;2;;2;;2;;2;;2;;2;;50;12;50;295.76961447
6041365;1;3;1;90;2;;1;6;2;;2;;2;;2;;2;;2;;2;;2;;50;12;50;295.76961447
6041366;1;1;1;90;2;;1;10;2;;2;;2;;2;;2;;2;;2;;2;;50;12;50;287.78532545
6041366;1;2;1;90;2;;1;17;2;;2;;2;;2;;2;;2;;2;;2;;50;12;50;287.78532545
6041366;1;3;1;90;2;;2;;2;;2;;2;;2;;2;;2;;2;;2;;50;12;50;287.78532545
6041366;1;4;1;90;2;;1;11;2;;2;;2;;2;;2;;2;;2;;2;;50;12;50;287.78532545
6041367;1;1;1;90;2;;1;18;2;;2;;2;;2;;2;;2;;2;;2;;50;12;50;272.46016084
6041367;1;2;1;90;2;;1;12;2;;2;;2;;2;;2;;2;;2;;2;;50;12;50;272.46016084
6041368;1;1;1;90;2;;1;20;2;;2;;2;;2;;2;;2;;2;;2;;50;12;50;192.33885089
6041369;1;1;1;90;2;;1;4;2;;2;;2;;2;;2;;2;;2;;2;;50;12;50;282.34361929
6041370;1;1;1;90;2;;2;;2;;2;;2;;2;;2;;2;;2;;2;;50;12;50;441.74353168
6041370;1;2;1;90;2;;1;50;2;;1;30;2;;2;;2;;2;;2;;2;;50;12;50;441.74353168
6041370;1;3;1;90;2;;1;3;2;;2;;2;;2;;2;;2;;2;;2;;50;12;50;441.74353168
6041371;1;1;1;90;2;;2;;2;;1;4;2;;2;;2;;2;;2;;2;;50;12;50;390.54747955
6041371;1;2;1;90;2;;1;18;2;;1;14;2;;2;;2;;2;;2;;2;;50;12;50;390.54747955
6041372;1;1;1;90;2;;1;3;2;;2;;2;;2;;2;;2;;2;;2;;50;12;50;374.13863677
6041372;1;2;1;90;2;;1;5;2;;2;;2;;2;;2;;2;;2;;2;;50;12;50;374.13863677
6041373;1;1;1;90;2;;1;5;2;;2;;2;;2;;2;;2;;2;;2;;50;12;50;425.33468891
6041373;1;2;1;90;2;;1;12;2;;1;7;2;;2;;2;;2;;2;;2;;50;12;50;425.33468891
6041373;1;3;1;90;2;;1;4;2;;2;;2;;2;;2;;2;;2;;2;;50;12;50;425.33468891
6041374;1;1;1;90;2;;1;4;2;;2;;2;;2;;2;;2;;2;;2;;50;12;50;364.09156698
6041374;1;2;1;90;2;;1;20;2;;2;;2;;2;;2;;2;;2;;2;;50;12;50;364.09156698
6041375;1;1;1;90;2;;1;3;2;;1;4;2;;2;;2;;2;;2;;2;;50;12;50;390.54747955
6041375;1;2;1;90;2;;1;35;2;;1;18;2;;2;;2;;2;;2;;2;;50;12;50;390.54747955
6041376;1;1;1;90;2;;1;20;2;;2;;2;;2;;2;;2;;2;;2;;50;12;50;234.11992807
6041376;1;2;1;90;2;;1;49;2;;2;;2;;2;;2;;2;;2;;2;;50;12;50;234.11992807
6041376;1;3;1;90;2;;1;13;2;;2;;2;;2;;2;;2;;2;;2;;50;12;50;234.11992807
6041377;1;1;1;90;2;;2;;2;;2;;2;;2;;2;;2;;2;;2;;50;12;50;175.52344364
6041377;1;2;1;90;2;;1;35;2;;2;;2;;2;;2;;2;;2;;2;;50;12;50;175.52344364
6041378;1;1;1;90;2;;1;10;2;;1;10;2;;2;;2;;2;;2;;2;;50;12;50;238.77384241
6041378;1;2;1;90;2;;1;8;2;;2;;2;;2;;2;;2;;2;;2;;50;12;50;238.77384241
6041378;1;3;1;90;2;;1;10;2;;2;;2;;2;;2;;2;;2;;2;;50;12;50;238.77384241
6041380;1;1;1;90;2;;1;10;2;;1;20;2;;2;;2;;2;;2;;2;;50;12;50;380.50040976
6041380;1;2;1;90;2;;1;38;2;;1;50;2;;2;;2;;2;;2;;2;;50;12;50;380.50040976
6041381;1;1;1;90;2;;1;20;2;;1;10;2;;2;;2;;2;;2;;2;;50;12;50;447.42406928
6041381;1;2;1;90;2;;1;3;2;;2;;2;;2;;2;;2;;2;;2;;50;12;50;447.42406928
6041381;1;3;1;90;2;;1;3;2;;2;;2;;2;;2;;2;;2;;2;;50;12;50;447.42406928
6041382;1;1;1;90;2;;1;20;2;;2;;2;;2;;2;;2;;2;;2;;50;12;50;408.92584614
6041382;1;2;1;90;2;;1;6;2;;2;;2;;2;;2;;2;;2;;2;;50;12;50;408.92584614
6041382;1;3;1;90;2;;2;;2;;2;;2;;2;;2;;2;;2;;2;;50;12;50;408.92584614
6041383;1;1;1;90;2;;1;4;2;;2;;2;;2;;2;;2;;2;;2;;50;12;50;357.75551097
6041384;1;1;1;90;2;;1;20;2;;1;20;2;;2;;2;;2;;2;;2;;50;12;50;380.50040976
6041384;1;2;1;90;2;;1;10;2;;1;6;2;;2;;2;;2;;2;;2;;50;12;50;380.50040976
6041385;1;1;1;90;2;;1;5;2;;1;4;2;;2;;2;;2;;2;;2;;50;12;50;374.13863677
6041385;1;2;1;90;2;;1;15;2;;1;10;2;;2;;2;;2;;2;;2;;50;12;50;374.13863677
6041386;1;1;1;90;2;;1;32;2;;1;18;2;;2;;2;;2;;2;;2;;50;12;50;429.01998571
6041386;1;2;1;90;2;;2;;2;;1;5;2;;2;;2;;2;;2;;2;;50;12;50;429.01998571
6041386;1;3;1;90;2;;1;4;2;;2;;2;;2;;2;;2;;2;;2;;50;12;50;429.01998571
6041387;1;1;1;90;2;;2;;2;;2;;2;;2;;2;;2;;2;;2;;50;12;50;234.11992807
6041387;1;2;1;90;2;;1;32;2;;2;;2;;2;;2;;2;;2;;2;;50;12;50;234.11992807
6041387;1;3;1;90;2;;2;;2;;2;;2;;2;;2;;2;;2;;2;;50;12;50;234.11992807
6041388;1;1;1;90;2;;1;20;2;;2;;2;;2;;2;;2;;2;;2;;50;12;50;208.72197669
6041388;1;2;1;90;2;;1;7;2;;1;7;2;;2;;2;;2;;2;;2;;50;12;50;208.72197669
6041389;1;1;1;90;2;;1;18;2;;1;16;2;;2;;2;;2;;2;;2;;50;12;50;314.67351946
6041389;1;2;1;90;2;;1;47;2;;1;30;2;;2;;2;;2;;2;;2;;50;12;50;314.67351946
6041391;1;1;1;90;2;;2;;2;;2;;2;;2;;2;;2;;2;;2;;50;12;50;186.51341399
6041391;1;2;1;90;2;;1;18;2;;2;;2;;2;;2;;2;;2;;2;;50;12;50;186.51341399
6041391;1;3;1;90;2;;1;20;2;;2;;2;;2;;2;;2;;2;;2;;50;12;50;186.51341399
6041392;1;1;1;90;2;;1;30;2;;1;10;2;;2;;2;;2;;2;;2;;50;12;50;374.13863677
6041392;1;2;1;90;2;;1;4;2;;1;10;2;;2;;2;;2;;2;;2;;50;12;50;374.13863677
6041393;1;1;1;90;2;;1;36;2;;2;;2;;2;;2;;2;;2;;2;;50;12;50;175.52344364
6041393;1;2;1;90;2;;1;40;2;;2;;2;;2;;2;;2;;2;;2;;50;12;50;175.52344364
6041394;1;1;1;90;2;;1;30;2;;2;;2;;2;;2;;2;;2;;2;;50;12;50;356.98701942
6041394;1;2;1;90;2;;2;;2;;2;;2;;2;;2;;2;;2;;2;;50;12;50;356.98701942
6041394;1;3;1;90;2;;1;30;2;;2;;2;;2;;2;;2;;2;;2;;50;12;50;356.98701942
6041394;1;4;1;90;2;;2;;2;;2;;2;;2;;2;;2;;2;;2;;50;12;50;356.98701942
6041394;1;5;1;90;2;;1;24;2;;2;;2;;2;;2;;2;;2;;2;;50;12;50;356.98701942
6041395;1;1;1;90;2;;1;8;2;;2;;2;;2;;2;;2;;2;;2;;50;12;50;418.97291593
6041395;1;2;1;90;2;;1;34;2;;1;10;2;;2;;2;;2;;2;;2;;50;12;50;418.97291593
6041395;1;3;1;90;2;;1;10;2;;2;;2;;2;;1;30;2;;2;;2;;50;12;50;418.97291593
6041396;1;1;1;90;2;;2;;2;;2;;2;;2;;2;;2;;2;;2;;50;12;50;450.87053464
6041396;1;2;1;90;2;;1;36;2;;1;10;2;;2;;2;;2;;2;;2;;50;12;50;450.87053464
6041396;1;3;1;90;2;;1;3;2;;2;;2;;2;;2;;2;;2;;2;;50;12;50;450.87053464
6041396;1;4;1;90;2;;1;12;2;;2;;2;;2;;2;;2;;2;;2;;50;12;50;450.87053464
6041396;1;5;1;90;2;;1;12;2;;1;15;2;;2;;2;;2;;2;;2;;50;12;50;450.87053464
6041396;1;6;1;90;2;;2;;2;;1;3;2;;2;;2;;2;;2;;2;;50;12;50;450.87053464
6041397;1;1;1;90;2;;1;8;2;;2;;2;;2;;2;;2;;2;;2;;50;12;50;282.34361929
6041398;1;1;1;90;2;;2;;2;;2;;2;;2;;2;;2;;2;;2;;50;12;50;390.54747955
6041398;1;2;1;90;2;;1;20;2;;1;20;2;;2;;2;;2;;2;;2;;50;12;50;390.54747955
6041399;1;1;1;90;2;;2;;2;;2;;2;;2;;2;;2;;2;;2;;50;12;50;364.09156698
6041399;1;2;1;90;2;;1;20;2;;2;;2;;2;;2;;2;;2;;2;;50;12;50;364.09156698
6041400;1;1;1;90;2;;1;7;2;;2;;2;;2;;2;;2;;2;;2;;50;12;50;180.9651498
6041400;1;2;1;90;2;;2;;2;;2;;2;;2;;2;;2;;2;;2;;50;12;50;180.9651498
6041400;1;3;1;90;2;;1;46;2;;2;;2;;2;;2;;2;;2;;2;;50;12;50;180.9651498
6041400;1;4;1;90;2;;2;;2;;2;;2;;2;;2;;2;;2;;2;;50;12;50;180.9651498
6041400;1;5;1;90;2;;2;;2;;2;;2;;2;;2;;2;;2;;2;;50;12;50;180.9651498
6041401;1;1;1;90;2;;1;8;2;;2;;2;;2;;2;;2;;2;;2;;50;12;50;357.75551097
6041402;1;1;1;90;2;;1;10;2;;1;10;2;;2;;2;;2;;2;;2;;50;12;50;383.29135671
6041402;1;2;1;90;2;;1;6;2;;1;4;2;;2;;2;;2;;2;;2;;50;12;50;383.29135671
6041402;1;4;1;90;2;;1;10;2;;1;10;2;;2;;2;;2;;2;;2;;50;12;50;383.29135671
6041402;1;5;1;90;2;;1;10;2;;1;20;2;;2;;2;;2;;2;;2;;50;12;50;383.29135671
6041403;1;1;1;90;2;;2;;2;;2;;2;;2;;2;;2;;2;;2;;50;12;50;273.68023411
6041403;1;2;1;90;2;;1;12;2;;2;;2;;2;;2;;2;;2;;2;;50;12;50;273.68023411
6041403;1;4;1;90;2;;1;22;2;;2;;2;;2;;2;;2;;2;;2;;50;12;50;273.68023411
6041404;1;1;1;90;2;;1;3;2;;2;;2;;2;;2;;2;;2;;2;;50;12;50;175.52344364
6041404;1;2;1;90;2;;1;28;2;;2;;2;;2;;2;;2;;2;;2;;50;12;50;175.52344364
6041405;1;1;1;90;2;;1;8;2;;1;20;2;;2;;2;;2;;2;;2;;50;12;50;321.90392533
6041406;1;1;1;90;2;;1;12;2;;2;;2;;2;;2;;2;;2;;2;;50;12;50;222.85278501
6041406;1;2;1;90;2;;1;24;2;;2;;2;;2;;2;;2;;2;;2;;50;12;50;222.85278501
6041407;1;1;1;90;2;;1;10;2;;2;;2;;2;;2;;2;;2;;2;;50;12;50;357.75551097
6041408;1;1;1;90;2;;1;19;2;;2;;2;;2;;2;;2;;2;;2;;50;12;50;350.32936171
6041408;1;2;1;90;2;;1;10;2;;2;;2;;2;;2;;2;;2;;2;;50;12;50;350.32936171
6041409;1;1;1;90;2;;1;8;2;;2;;2;;2;;2;;2;;2;;2;;50;12;50;175.52344364
6041409;1;2;1;90;2;;1;20;2;;2;;2;;2;;1;5;2;;2;;2;;50;12;50;175.52344364
6041410;1;1;1;90;2;;2;;2;;1;12;2;;2;;2;;2;;2;;2;;50;12;50;374.13863677
6041410;1;2;1;90;2;;1;28;2;;1;40;2;;2;;2;;2;;2;;2;;50;12;50;374.13863677
6041413;1;1;1;90;2;;2;;2;;1;5;2;;2;;2;;2;;2;;2;;50;12;50;374.13863677
6041413;1;2;1;90;2;;1;21;2;;1;7;2;;2;;2;;2;;2;;2;;50;12;50;374.13863677
6041414;1;1;1;90;2;;1;2;2;;2;;2;;2;;2;;2;;2;;2;;50;12;50;357.75551097
6041415;1;1;1;90;2;;1;35;2;;1;10;2;;2;;2;;2;;2;;2;;50;12;50;314.64780249
6041415;1;2;1;90;2;;1;6;2;;1;7;2;;2;;2;;2;;2;;2;;50;12;50;314.64780249
6041415;1;3;1;90;2;;1;5;2;;2;;2;;2;;2;;2;;2;;2;;50;12;50;314.64780249
6041416;1;1;1;90;2;;1;7;2;;2;;2;;2;;2;;2;;2;;2;;50;12;50;192.33885089
6041417;1;1;1;90;2;;2;;2;;2;;2;;2;;2;;2;;2;;2;;50;12;50;380.50040976
6041417;1;2;1;90;2;;1;18;2;;1;12;2;;2;;2;;2;;2;;2;;50;12;50;380.50040976
6041418;1;1;1;90;2;;2;;2;;2;;2;;2;;2;;2;;2;;2;;50;12;50;175.52344364
6041418;1;2;1;90;2;;1;30;2;;2;;1;30;2;;2;;2;;2;;2;;50;12;50;175.52344364
6041419;1;1;1;90;2;;1;15;2;;1;10;2;;2;;2;;2;;2;;2;;50;12;50;262.41309105
6041419;1;2;1;90;2;;2;;2;;2;;2;;2;;2;;2;;2;;2;;50;12;50;262.41309105
6041420;1;1;1;90;2;;2;;2;;2;;2;;2;;2;;2;;2;;2;;50;12;50;229.18884102
6041420;1;2;1;90;2;;1;18;2;;2;;2;;2;;2;;2;;2;;2;;50;12;50;229.18884102
6041420;1;3;1;90;2;;1;3;2;;2;;2;;2;;2;;2;;2;;2;;50;12;50;229.18884102
6041421;1;1;1;90;2;;2;;2;;2;;2;;2;;2;;2;;2;;2;;50;12;50;175.52344364
6041421;1;2;1;90;2;;2;;2;;2;;2;;2;;2;;2;;2;;2;;50;12;50;175.52344364
6041422;1;1;1;90;2;;1;24;2;;2;;1;15;2;;2;;2;;2;;2;;50;12;50;181.85949965
6041422;1;2;1;90;2;;2;;2;;2;;2;;2;;2;;2;;2;;2;;50;12;50;181.85949965
6041422;1;3;1;90;2;;1;15;2;;2;;2;;2;;2;;2;;2;;2;;50;12;50;181.85949965
6041423;1;1;1;90;2;;1;8;2;;2;;2;;2;;2;;2;;2;;2;;50;12;50;198.6749069
6041423;1;2;1;90;2;;1;30;2;;2;;2;;2;;2;;2;;2;;2;;50;12;50;198.6749069
6041424;1;1;1;90;2;;2;;2;;2;;2;;2;;2;;2;;2;;2;;50;12;50;302.10567048
6041424;1;2;1;90;2;;1;30;2;;2;;1;60;2;;2;;2;;2;;2;;50;12;50;302.10567048
6041424;1;3;1;90;2;;1;3;2;;2;;2;;2;;2;;2;;2;;2;;50;12;50;302.10567048
6041424;1;4;1;90;2;;1;1;2;;2;;2;;2;;2;;2;;2;;2;;50;12;50;302.10567048
6041425;1;1;1;90;2;;2;;2;;2;;1;28;2;;2;;2;;2;;2;;50;12;50;250.93533532
6041425;1;2;1;90;2;;1;38;2;;1;25;2;;2;;2;;2;;2;;2;;50;12;50;250.93533532
6041426;1;1;1;90;2;;2;;2;;1;5;2;;2;;2;;2;;2;;2;;50;12;50;418.97291593
6041426;1;2;1;90;2;;1;20;2;;1;20;2;;2;;2;;2;;2;;2;;50;12;50;418.97291593
6041426;1;3;1;90;2;;1;7;2;;2;;2;;2;;2;;2;;2;;2;;50;12;50;418.97291593
6041427;1;1;1;90;2;;1;4;2;;2;;2;;2;;2;;2;;2;;2;;50;12;50;453.76012529
6041427;1;2;1;90;2;;1;35;2;;2;;2;;2;;2;;2;;2;;2;;50;12;50;453.76012529
6041427;1;3;1;90;2;;1;12;2;;2;;2;;2;;2;;2;;2;;2;;50;12;50;453.76012529
6041427;1;4;1;90;2;;1;7;2;;2;;2;;2;;2;;2;;2;;2;;50;12;50;453.76012529
6041428;1;1;1;90;2;;1;30;2;;1;10;2;;2;;2;;2;;2;;2;;50;12;50;366.33164
6041428;1;2;1;90;2;;1;4;2;;1;8;2;;2;;2;;2;;2;;2;;50;12;50;366.33164
6041428;1;3;1;90;2;;1;10;2;;2;;2;;2;;2;;2;;2;;2;;50;12;50;366.33164
6041430;1;1;1;90;2;;1;35;2;;2;;2;;2;;2;;2;;2;;2;;50;12;50;290.83852743
6041430;1;2;1;90;2;;1;5;2;;2;;2;;2;;2;;2;;2;;2;;50;12;50;290.83852743
6041430;1;3;1;90;2;;2;;2;;2;;2;;2;;2;;2;;2;;2;;50;12;50;290.83852743
6041433;1;1;1;90;2;;1;12;2;;2;;2;;2;;2;;2;;2;;2;;50;12;50;298.26467669
6041433;1;2;1;90;2;;1;5;2;;2;;2;;2;;2;;2;;2;;2;;50;12;50;298.26467669
6041434;1;1;1;90;2;;2;;2;;2;;2;;2;;2;;2;;2;;2;;50;12;50;415.26190215
6041434;1;2;1;90;2;;1;20;2;;1;10;2;;2;;2;;2;;2;;2;;50;12;50;415.26190215
6041434;1;3;1;90;2;;1;7;2;;2;;2;;2;;2;;2;;2;;2;;50;12;50;415.26190215
6041434;1;4;1;90;2;;2;;2;;2;;2;;2;;2;;2;;2;;2;;50;12;50;415.26190215
6041435;1;1;1;90;2;;1;1;2;;2;;2;;2;;2;;2;;2;;2;;50;12;50;390.54747955
6041435;1;2;1;90;2;;1;42;2;;2;;2;;2;;2;;2;;2;;2;;50;12;50;390.54747955
6041436;1;1;1;90;2;;1;24;2;;1;24;2;;2;;2;;2;;2;;2;;50;12;50;208.74769367
6041437;1;1;1;90;2;;1;18;2;;2;;2;;2;;2;;2;;2;;2;;50;12;50;357.75551097
6041438;1;1;1;90;2;;1;12;2;;2;;2;;2;;2;;2;;2;;2;;50;12;50;305.49508256
6041439;1;1;1;90;2;;1;20;2;;2;;2;;2;;2;;2;;2;;2;;50;12;50;290.83852743
6041439;1;2;1;90;2;;2;;2;;2;;2;;2;;2;;2;;2;;2;;50;12;50;290.83852743
6041439;1;3;1;90;2;;2;;2;;2;;2;;2;;2;;2;;2;;2;;50;12;50;290.83852743
6041440;1;1;1;90;2;;1;20;2;;2;;2;;2;;2;;2;;2;;2;;50;12;50;248.95089221
6041440;1;2;1;90;2;;1;18;2;;2;;2;;2;;2;;2;;2;;2;;50;12;50;248.95089221
6041440;1;3;1;90;2;;1;20;2;;2;;2;;2;;2;;2;;2;;2;;50;12;50;248.95089221
6041440;1;4;1;90;2;;1;20;2;;2;;2;;2;;2;;2;;2;;2;;50;12;50;248.95089221
6041440;1;5;1;90;2;;1;12;2;;2;;2;;2;;2;;2;;2;;2;;50;12;50;248.95089221
6041440;1;6;1;90;2;;1;12;2;;2;;2;;2;;2;;2;;2;;2;;50;12;50;248.95089221
6041441;1;1;1;90;2;;1;20;2;;1;10;2;;2;;2;;2;;2;;2;;50;12;50;355.76694616
6041441;1;2;1;90;2;;2;;2;;2;;2;;2;;2;;2;;2;;2;;50;12;50;355.76694616
6041441;1;3;1;90;2;;2;;2;;2;;2;;2;;2;;2;;2;;2;;50;12;50;355.76694616
6041441;1;4;1;90;2;;2;;2;;1;10;2;;2;;2;;2;;2;;2;;50;12;50;355.76694616
6041442;1;1;1;90;2;;1;12;2;;2;;2;;2;;2;;2;;2;;2;;50;12;50;343.9933057
6041443;1;1;1;90;2;;2;;2;;2;;2;;2;;2;;2;;2;;2;;50;12;50;191.93228642
6041443;1;2;1;90;2;;1;35;2;;2;;1;12;2;;2;;2;;2;;2;;50;12;50;191.93228642
6041444;1;1;1;90;2;;1;8;2;;2;;2;;2;;2;;2;;2;;2;;50;12;50;169.69800674
6041444;1;2;1;90;2;;1;35;2;;1;10;2;;2;;2;;2;;2;;2;;50;12;50;169.69800674
6041444;1;3;1;90;2;;1;10;2;;2;;2;;2;;2;;2;;2;;2;;50;12;50;169.69800674
6041444;1;4;1;90;2;;1;10;2;;2;;2;;2;;2;;2;;2;;2;;50;12;50;169.69800674
6041445;1;1;1;90;2;;1;28;2;;2;;2;;2;;2;;2;;2;;2;;50;12;50;192.33885089
6041446;1;1;1;90;2;;1;14;2;;2;;2;;2;;2;;2;;2;;2;;50;12;50;229.18884102
6041446;1;2;1;90;2;;1;60;2;;2;;2;;2;;2;;2;;2;;2;;50;12;50;229.18884102
6041446;1;3;1;90;2;;2;;2;;2;;2;;2;;2;;2;;2;;2;;50;12;50;229.18884102
6041447;1;1;1;90;2;;1;7;2;;2;;2;;2;;2;;2;;2;;2;;50;12;50;374.13863677
6041447;1;2;1;90;2;;1;20;2;;1;10;2;;2;;2;;2;;2;;2;;50;12;50;374.13863677
6041448;1;1;1;90;2;;1;40;2;;2;;2;;2;;2;;2;;2;;2;;50;12;50;184.01835177
6041448;1;2;1;90;2;;2;;2;;2;;2;;2;;2;;2;;2;;2;;50;12;50;184.01835177
6041448;1;3;1;90;2;;1;3;2;;2;;2;;2;;2;;2;;2;;2;;50;12;50;184.01835177
6041448;1;4;1;90;2;;2;;2;;2;;2;;2;;2;;2;;2;;2;;50;12;50;184.01835177
6041449;1;1;1;90;2;;1;25;2;;2;;2;;2;;2;;2;;2;;2;;50;12;50;332.6196046
6041449;1;2;1;90;2;;1;20;2;;2;;2;;2;;2;;2;;2;;2;;50;12;50;332.6196046
6041449;1;3;1;90;2;;1;8;2;;2;;2;;2;;2;;2;;2;;2;;50;12;50;332.6196046
6041449;1;4;1;90;2;;1;12;2;;2;;2;;2;;2;;2;;2;;2;;50;12;50;332.6196046
6041449;1;5;1;90;2;;1;7;2;;2;;2;;2;;2;;2;;2;;2;;50;12;50;332.6196046
6041450;1;1;1;90;2;;1;8;2;;1;8;2;;2;;2;;2;;2;;2;;50;12;50;283.72730389
6041450;1;2;1;90;2;;1;10;2;;1;10;2;;2;;2;;2;;2;;2;;50;12;50;283.72730389
6041450;1;5;1;90;2;;1;35;2;;1;20;2;;2;;2;;2;;2;;2;;50;12;50;283.72730389
6041451;1;1;1;90;2;;1;20;2;;2;;1;20;2;;2;;2;;2;;2;;50;12;50;198.6749069
6041451;1;2;1;90;2;;2;;2;;2;;2;;2;;2;;2;;2;;2;;50;12;50;198.6749069
6041452;1;1;1;90;2;;1;50;2;;2;;2;;2;;2;;2;;2;;2;;50;12;50;250.93533532
6041452;1;2;1;90;2;;2;;2;;2;;2;;2;;2;;2;;2;;2;;50;12;50;250.93533532
6041454;1;1;1;90;2;;1;12;2;;2;;2;;2;;2;;2;;2;;2;;50;12;50;212.96932655
6041454;1;2;1;90;2;;1;12;2;;1;20;2;;2;;2;;2;;2;;2;;50;12;50;212.96932655
6041454;1;5;1;90;2;;1;12;2;;2;;2;;2;;2;;2;;2;;2;;50;12;50;212.96932655
6041455;1;1;1;90;2;;1;32;2;;2;;2;;2;;2;;2;;2;;2;;50;12;50;237.17313005
6041455;1;2;1;90;2;;1;2;2;;2;;2;;2;;2;;2;;2;;2;;50;12;50;237.17313005
6041457;1;1;1;90;2;;2;;2;;2;;2;;2;;2;;2;;2;;2;;50;12;50;234.11992807
6041457;1;2;1;90;2;;1;35;2;;2;;2;;2;;2;;2;;2;;2;;50;12;50;234.11992807
6041457;1;3;1;90;2;;2;;2;;2;;2;;2;;2;;2;;2;;2;;50;12;50;234.11992807
6041459;1;1;1;90;2;;1;12;2;;2;;2;;2;;2;;2;;2;;2;;50;12;50;175.52344364
6041459;1;2;1;90;2;;1;11;2;;2;;2;;2;;2;;2;;2;;2;;50;12;50;175.52344364
6041460;1;1;1;90;2;;1;18;2;;2;;2;;2;;2;;2;;2;;2;;50;12;50;246.00424827
6041460;1;2;1;90;2;;2;;2;;2;;2;;2;;2;;2;;2;;2;;50;12;50;246.00424827
6041461;1;1;1;90;2;;1;7;2;;2;;2;;2;;2;;2;;2;;2;;50;12;50;282.34361929
6041462;1;1;1;90;2;;1;12;2;;2;;2;;2;;2;;2;;2;;2;;50;12;50;267.31846112
6041462;1;2;1;90;2;;1;18;2;;2;;2;;2;;2;;2;;2;;2;;50;12;50;267.31846112
6041462;1;3;1;90;2;;1;12;2;;2;;2;;2;;2;;2;;2;;2;;50;12;50;267.31846112
6041463;1;1;1;90;2;;1;12;2;;2;;2;;2;;2;;2;;2;;2;;50;12;50;282.34361929
6041464;1;1;1;90;2;;1;20;2;;2;;2;;2;;2;;2;;2;;2;;50;12;50;253.58197282
6041464;1;2;1;90;2;;1;10;2;;2;;2;;2;;2;;2;;2;;2;;50;12;50;253.58197282
6041466;1;1;1;90;2;;1;15;2;;2;;2;;2;;2;;2;;2;;2;;50;12;50;305.49508256
6041467;1;1;1;90;2;;1;12;2;;2;;2;;2;;2;;2;;2;;2;;50;12;50;186.51341399
6041467;1;2;1;90;2;;1;20;2;;2;;2;;2;;2;;2;;2;;2;;50;12;50;186.51341399
6041467;1;3;1;90;2;;1;18;2;;2;;2;;2;;2;;2;;2;;2;;50;12;50;186.51341399
6041468;1;1;1;90;2;;1;14;2;;2;;2;;2;;2;;2;;2;;2;;50;12;50;305.49508256
6041469;1;1;1;90;2;;1;12;2;;2;;2;;2;;2;;2;;2;;2;;50;12;50;192.33885089
6041470;1;1;1;90;2;;1;2;2;;2;;2;;2;;2;;2;;2;;2;;50;12;50;357.75551097
6041471;1;1;1;90;2;;1;24;2;;2;;2;;2;;2;;2;;2;;2;;50;12;50;192.33885089
6041475;1;1;1;90;2;;1;25;2;;2;;2;;2;;2;;2;;2;;2;;50;12;50;191.44450104
6041475;1;2;1;90;2;;1;2;2;;2;;2;;2;;2;;2;;2;;2;;50;12;50;191.44450104
6041475;1;3;1;90;2;;1;10;2;;2;;2;;2;;2;;2;;2;;2;;50;12;50;191.44450104
6041476;1;1;1;90;2;;1;32;2;;2;;2;;2;;2;;2;;2;;2;;50;12;50;192.33885089
6041477;1;1;1;90;2;;2;;2;;2;;2;;2;;2;;2;;2;;2;;50;12;50;197.3482756
6041477;1;2;1;90;2;;1;20;2;;1;12;1;70;2;;2;;2;;2;;2;;50;12;50;197.3482756
6041477;1;3;1;90;2;;1;10;2;;1;20;2;;2;;2;;2;;2;;2;;50;12;50;197.3482756
6041477;1;5;1;90;2;;2;;2;;2;;1;10;2;;2;;2;;2;;2;;50;12;50;197.3482756
6041477;1;6;1;90;2;;1;10;2;;2;;2;;2;;2;;2;;2;;2;;50;12;50;197.3482756
6041477;1;7;1;90;2;;1;20;2;;2;;1;40;2;;2;;2;;2;;2;;50;12;50;197.3482756
6041478;1;1;1;90;2;;1;38;2;;1;15;2;;2;;2;;2;;2;;2;;50;12;50;334.74194207
6041478;1;2;1;90;2;;2;;2;;1;3;2;;2;;2;;2;;2;;2;;50;12;50;334.74194207
6041478;1;3;1;90;2;;1;3;2;;1;2;2;;2;;2;;2;;2;;2;;50;12;50;334.74194207
6041479;1;1;1;90;2;;1;5;2;;2;;2;;2;;2;;2;;2;;2;;50;12;50;357.75551097
6041480;1;1;1;90;2;;1;20;2;;1;10;2;;2;;2;;2;;2;;2;;50;12;50;315.54215235
6041481;1;1;1;90;2;;1;18;2;;2;;2;;2;;2;;2;;2;;2;;50;12;50;175.52344364
6041481;1;2;1;90;2;;2;;2;;2;;2;;2;;2;;2;;2;;2;;50;12;50;175.52344364
6041484;1;1;1;90;2;;1;30;2;;1;20;2;;2;;2;;2;;2;;2;;50;12;50;262.41309105
6041484;1;3;1;90;2;;1;10;2;;2;;2;;2;;2;;2;;2;;2;;50;12;50;262.41309105
6041485;1;1;1;90;2;;1;5;2;;2;;2;;2;;2;;2;;2;;2;;50;12;50;334.77845672
6041485;1;2;1;90;2;;1;20;2;;2;;2;;2;;2;;2;;2;;2;;50;12;50;334.77845672
6041485;1;3;1;90;2;;1;7;2;;2;;2;;2;;2;;2;;2;;2;;50;12;50;334.77845672
6041485;1;4;1;90;2;;1;20;2;;2;;2;;2;;2;;2;;2;;2;;50;12;50;334.77845672
6041485;1;5;1;90;2;;1;5;2;;2;;2;;2;;2;;2;;2;;2;;50;12;50;334.77845672
6041485;1;6;1;90;2;;1;20;2;;2;;2;;2;;1;20;2;;2;;2;;50;12;50;334.77845672
6041486;1;1;1;90;2;;1;15;2;;2;;2;;2;;2;;2;;2;;2;;50;12;50;327.17789845
6041486;1;2;1;90;2;;1;25;2;;2;;2;;2;;2;;2;;2;;2;;50;12;50;327.17789845
6041487;1;1;1;90;2;;2;;2;;1;12;2;;2;;2;;2;;2;;2;;50;12;50;435.3817587
6041487;1;2;1;90;2;;1;24;2;;1;30;2;;2;;2;;2;;2;;2;;50;12;50;435.3817587
6041487;1;3;1;90;2;;1;12;2;;2;;2;;2;;2;;2;;2;;2;;50;12;50;435.3817587
6041488;1;1;1;90;2;;2;;2;;1;4;2;;2;;2;;2;;2;;2;;50;12;50;400.59454934
6041488;1;2;1;90;2;;1;18;2;;1;18;2;;2;;2;;2;;2;;2;;50;12;50;400.59454934
6041489;1;1;1;90;2;;1;8;2;;2;;2;;2;;2;;2;;2;;2;;50;12;50;486.57781084
6041489;1;2;1;90;2;;1;12;2;;2;;2;;2;;2;;2;;2;;2;;50;12;50;486.57781084
6041489;1;3;1;90;2;;1;5;2;;2;;2;;2;;2;;2;;2;;2;;50;12;50;486.57781084
6041489;1;4;1;90;2;;1;2;2;;2;;2;;2;;2;;2;;2;;2;;50;12;50;486.57781084
6041490;1;1;1;90;2;;1;3;2;;2;;2;;2;;2;;2;;2;;2;;50;12;50;380.50040976
6041490;1;2;1;90;2;;1;24;2;;2;;2;;2;;2;;2;;2;;2;;50;12;50;380.50040976
6041491;1;1;1;90;2;;1;15;2;;1;30;2;;2;;2;;2;;2;;2;;50;12;50;256.07703504
6041492;1;1;1;90;2;;1;12;2;;2;;2;;2;;2;;2;;2;;2;;50;12;50;349.43501185
6041492;1;2;1;90;2;;1;2;2;;2;;2;;2;;2;;2;;2;;2;;50;12;50;349.43501185
6041492;1;3;1;90;2;;1;45;2;;2;;2;;2;;2;;2;;2;;2;;50;12;50;349.43501185
6041492;1;4;1;90;2;;2;;2;;2;;2;;2;;2;;2;;2;;2;;50;12;50;349.43501185
6041493;1;1;1;90;2;;1;18;2;;2;;2;;2;;2;;2;;2;;2;;50;12;50;230.45334329
6041493;1;2;1;90;2;;2;;2;;2;;2;;2;;2;;2;;2;;2;;50;12;50;230.45334329
6041493;1;3;1;90;2;;1;12;2;;2;;2;;2;;2;;2;;2;;2;;50;12;50;230.45334329
6041493;1;4;1;90;2;;1;12;2;;2;;2;;2;;2;;2;;2;;2;;50;12;50;230.45334329
6041493;1;5;1;90;2;;1;12;2;;2;;2;;2;;2;;2;;2;;2;;50;12;50;230.45334329
6041493;1;6;1;90;2;;1;12;2;;2;;2;;2;;2;;2;;2;;2;;50;12;50;230.45334329
6041494;1;1;1;90;2;;1;32;2;;1;10;2;;2;;2;;2;;2;;2;;50;12;50;461.83767126
6041494;1;2;1;90;2;;2;;2;;2;;2;;2;;2;;2;;2;;2;;50;12;50;461.83767126
6041494;1;3;1;90;2;;1;27;2;;2;;2;;2;;2;;2;;2;;2;;50;12;50;461.83767126
6041495;1;1;1;90;2;;1;3;2;;2;;2;;2;;2;;2;;2;;2;;50;12;50;357.75551097
6041496;1;1;1;90;2;;1;10;2;;1;6;2;;2;;2;;2;;2;;2;;50;12;50;314.67351946
6041496;1;2;1;90;2;;1;30;2;;1;15;2;;2;;2;;2;;2;;2;;50;12;50;314.67351946
6041497;1;1;1;90;2;;2;;2;;2;;2;;2;;2;;2;;2;;2;;50;12;50;300.91131419
6041497;1;2;1;90;2;;1;42;2;;1;50;2;;2;;2;;2;;2;;2;;50;12;50;300.91131419
6041499;1;1;1;90;2;;1;3;2;;2;;2;;2;;2;;2;;2;;2;;50;12;50;357.75551097
6041500;1;1;1;90;2;;1;32;2;;1;8;2;;2;;2;;2;;2;;2;;50;12;50;149.57951327
6041500;1;2;1;90;2;;2;;2;;2;;2;;2;;2;;2;;2;;2;;50;12;50;149.57951327
6041500;1;4;1;90;2;;1;12;2;;1;8;2;;2;;2;;2;;2;;2;;50;12;50;149.57951327
6041501;1;1;1;90;2;;1;27;2;;1;70;2;;2;;2;;2;;2;;2;;50;12;50;375.91664139
6041501;1;2;1;90;2;;2;;2;;2;;2;;2;;2;;2;;2;;2;;50;12;50;375.91664139
6041501;1;5;1;90;2;;1;12;2;;2;;2;;2;;2;;2;;2;;2;;50;12;50;375.91664139
6041502;1;1;1;90;2;;1;30;2;;2;;2;;2;;2;;2;;2;;2;;50;12;50;149.57951327
6041502;1;2;1;90;2;;1;10;2;;1;15;2;;2;;2;;2;;2;;2;;50;12;50;149.57951327
6041502;1;4;1;90;2;;1;30;2;;2;;2;;2;;1;30;2;;2;;2;;50;12;50;149.57951327
6041503;1;1;1;90;2;;1;30;2;;1;10;2;;2;;2;;2;;2;;2;;50;12;50;350.32936171
6041503;1;2;1;90;2;;1;6;2;;2;;2;;2;;2;;2;;2;;2;;50;12;50;350.32936171
6041508;1;1;1;90;2;;2;;2;;1;6;2;;2;;2;;2;;2;;2;;50;12;50;349.43501185
6041508;1;2;1;90;2;;1;20;2;;2;;2;;2;;2;;2;;2;;2;;50;12;50;349.43501185
6041508;1;3;1;90;2;;1;24;2;;2;;2;;2;;2;;2;;2;;2;;50;12;50;349.43501185
6041508;1;4;1;90;2;;1;8;2;;2;;2;;2;;2;;2;;2;;2;;50;12;50;349.43501185
6041509;1;1;1;90;2;;1;8;2;;2;;2;;2;;2;;2;;2;;2;;50;12;50;304.6007327
6041509;1;2;1;90;2;;1;10;2;;2;;2;;2;;2;;2;;2;;2;;50;12;50;304.6007327
6041509;1;3;1;90;2;;1;10;2;;2;;2;;2;;2;;2;;2;;2;;50;12;50;304.6007327
6041510;1;1;1;90;2;;2;;2;;1;7;2;;2;;2;;2;;2;;2;;50;12;50;314.64780249
6041510;1;2;1;90;2;;1;40;2;;1;21;2;;2;;2;;2;;2;;2;;50;12;50;314.64780249
6041510;1;3;1;90;2;;1;5;2;;2;;2;;2;;2;;2;;2;;2;;50;12;50;314.64780249
6041511;1;1;1;90;2;;1;18;2;;2;;2;;2;;2;;2;;2;;2;;50;12;50;282.34361929
6041512;1;1;1;90;2;;1;10;2;;2;;2;;2;;2;;2;;2;;2;;50;12;50;333.51395446
6041512;1;2;1;90;2;;1;30;2;;1;15;2;;2;;2;;2;;2;;2;;50;12;50;333.51395446
6041512;1;3;1;90;2;;1;7;2;;2;;2;;2;;2;;2;;2;;2;;50;12;50;333.51395446
6041513;1;1;1;90;2;;1;20;2;;2;;2;;2;;2;;2;;2;;2;;50;12;50;192.33885089
6041514;1;1;1;90;2;;1;12;2;;2;;2;;2;;2;;2;;2;;2;;50;12;50;305.49508256
6041515;1;1;1;90;2;;1;12;2;;2;;2;;2;;2;;2;;2;;2;;50;12;50;192.33885089
6041516;1;1;1;90;2;;1;14;2;;1;16;2;;2;;2;;2;;2;;2;;50;12;50;390.54747955
6041516;1;2;1;90;2;;1;4;2;;1;5;2;;2;;2;;2;;2;;2;;50;12;50;390.54747955
6041517;1;1;1;90;2;;1;10;2;;1;18;2;;2;;2;;2;;2;;2;;50;12;50;374.13863677
6041517;1;2;1;90;2;;1;45;2;;1;60;2;;2;;2;;2;;2;;2;;50;12;50;374.13863677
6041518;1;1;1;90;2;;2;;2;;2;;2;;2;;2;;2;;2;;2;;50;12;50;284.07018996
6041518;1;2;1;90;2;;1;35;2;;1;10;2;;2;;2;;2;;2;;2;;50;12;50;284.07018996
6041518;1;3;1;90;2;;1;6;2;;2;;2;;2;;2;;2;;2;;2;;50;12;50;284.07018996
6041518;1;4;1;90;2;;1;7;2;;2;;2;;2;;2;;2;;2;;2;;50;12;50;284.07018996
6041519;1;1;1;90;2;;1;4;2;;1;12;2;;2;;2;;2;;2;;2;;50;12;50;390.54747955
6041519;1;2;1;90;2;;1;40;2;;1;60;2;;2;;2;;2;;2;;2;;50;12;50;390.54747955
6041520;1;1;1;90;2;;2;;2;;2;;2;;2;;2;;2;;2;;2;;50;12;50;304.6007327
6041520;1;2;1;90;2;;1;15;2;;2;;2;;2;;2;;2;;2;;2;;50;12;50;304.6007327
6041520;1;3;1;90;2;;1;3;2;;2;;2;;2;;2;;2;;2;;2;;50;12;50;304.6007327
6041521;1;1;1;90;2;;1;35;2;;1;10;2;;2;;2;;2;;2;;2;;50;12;50;395.16364086
6041521;1;2;1;90;2;;1;4;2;;2;;2;;2;;2;;2;;2;;2;;50;12;50;395.16364086
6041521;1;3;1;90;2;;1;4;2;;2;;2;;2;;2;;2;;2;;2;;50;12;50;395.16364086
6041522;1;1;1;90;2;;1;12;2;;2;;2;;2;;2;;2;;2;;2;;50;12;50;455.50573696
6041522;1;2;1;90;2;;1;2;2;;2;;2;;2;;2;;2;;2;;2;;50;12;50;455.50573696
6041522;1;5;1;90;2;;1;2;2;;2;;2;;2;;2;;2;;2;;2;;50;12;50;455.50573696
6041525;1;1;1;90;2;;1;12;2;;2;;2;;2;;2;;2;;2;;2;;50;12;50;289.94417757
6041525;1;2;1;90;2;;1;12;2;;2;;2;;2;;2;;1;40;2;;2;;50;12;50;289.94417757
6041525;1;3;1;90;2;;1;18;2;;1;18;2;;2;;2;;2;;2;;2;;50;12;50;289.94417757
6041525;1;4;1;90;2;;1;3;2;;2;;2;;2;;2;;2;;2;;2;;50;12;50;289.94417757
6041525;1;5;1;90;2;;1;12;2;;2;;2;;2;;2;;2;;2;;2;;50;12;50;289.94417757
6041526;1;1;1;90;2;;1;14;2;;1;23;2;;2;;2;;2;;2;;2;;50;12;50;390.54747955
6041526;1;2;1;90;2;;1;10;2;;1;15;2;;2;;2;;2;;2;;2;;50;12;50;390.54747955
6041527;1;1;1;90;2;;1;10;2;;1;5;2;;2;;2;;2;;2;;2;;50;12;50;380.50040976
6041527;1;2;1;90;2;;1;12;2;;2;;2;;2;;2;;2;;2;;2;;50;12;50;380.50040976
6041528;1;1;1;90;2;;1;38;2;;2;;2;;2;;2;;2;;2;;2;;50;12;50;234.11992807
6041528;1;2;1;90;2;;2;;2;;2;;2;;2;;2;;2;;2;;2;;50;12;50;234.11992807
6041528;1;3;1;90;2;;2;;2;;2;;2;;2;;2;;2;;2;;2;;50;12;50;234.11992807
6041529;1;1;1;90;2;;1;40;2;;2;;2;;2;;2;;2;;2;;2;;50;12;50;192.33885089
6041532;1;1;1;90;2;;2;;2;;2;;2;;2;;2;;2;;2;;2;;50;12;50;374.13863677
6041532;1;2;1;90;2;;1;25;2;;1;35;2;;2;;2;;2;;2;;2;;50;12;50;374.13863677
6041533;1;1;1;90;2;;1;1;2;;2;;2;;2;;2;;2;;2;;2;;50;12;50;305.08851808
6041533;1;2;1;90;2;;1;20;2;;2;;2;;2;;2;;2;;2;;2;;50;12;50;305.08851808
6041535;1;1;1;90;2;;1;5;2;;2;;2;;2;;2;;2;;2;;2;;50;12;50;284.50247142
6041535;1;2;1;90;2;;1;4;2;;2;;2;;2;;2;;2;;2;;2;;50;12;50;284.50247142
6041536;1;1;1;90;2;;1;6;2;;2;;2;;2;;2;;2;;2;;2;;50;12;50;298.26467669
6041536;1;2;1;90;2;;1;35;2;;2;;2;;2;;2;;2;;2;;2;;50;12;50;298.26467669
6041537;1;1;1;90;2;;2;;2;;2;;2;;2;;2;;2;;2;;2;;50;12;50;288.67967531
6041537;1;2;1;90;2;;2;;2;;2;;2;;2;;2;;2;;2;;2;;50;12;50;288.67967531
6041538;1;1;1;90;2;;1;24;2;;2;;2;;2;;2;;2;;2;;2;;50;12;50;284.50247142
6041538;1;2;1;90;2;;1;3;2;;2;;2;;2;;2;;2;;2;;2;;50;12;50;284.50247142
6041539;1;1;1;90;2;;1;14;2;;1;20;2;;2;;2;;2;;2;;2;;50;12;50;380.50040976
6041539;1;2;1;90;2;;1;24;2;;1;18;2;;2;;2;;2;;2;;2;;50;12;50;380.50040976
6041540;1;1;1;90;2;;1;4;2;;2;;2;;2;;2;;2;;2;;2;;50;12;50;304.19416822
6041540;1;2;1;90;2;;1;42;2;;1;7;2;;2;;2;;2;;2;;2;;50;12;50;304.19416822
6041540;1;3;1;90;2;;2;;2;;2;;2;;2;;2;;2;;2;;2;;50;12;50;304.19416822
6041540;1;4;1;90;2;;1;5;2;;1;10;2;;2;;2;;2;;2;;2;;50;12;50;304.19416822
6041541;1;1;1;90;2;;1;8;2;;2;;2;;2;;2;;2;;2;;2;;50;12;50;198.6749069
6041541;1;2;1;90;2;;1;18;2;;2;;2;;2;;2;;2;;2;;2;;50;12;50;198.6749069
6041542;1;1;1;90;2;;1;12;2;;2;;2;;2;;2;;2;;2;;2;;50;12;50;282.34361929
6041543;1;1;1;90;2;;1;18;2;;1;12;2;;2;;2;;2;;2;;2;;50;12;50;396.90925253
6041543;1;2;1;90;2;;1;24;2;;1;25;2;;2;;2;;2;;2;;2;;50;12;50;396.90925253
6041544;1;1;1;90;2;;1;5;2;;2;;2;;2;;2;;2;;2;;2;;50;12;50;364.09156698
6041544;1;2;1;90;2;;1;5;2;;2;;2;;2;;2;;2;;2;;2;;50;12;50;364.09156698
6041545;1;1;1;90;2;;1;2;2;;2;;2;;2;;2;;2;;2;;2;;50;12;50;360.3764315
6041545;1;2;1;90;2;;2;;2;;2;;2;;2;;2;;2;;2;;2;;50;12;50;360.3764315
6041546;1;1;1;90;2;;1;10;2;;2;;2;;2;;2;;2;;2;;2;;50;12;50;243.50918606
6041546;1;2;1;90;2;;1;16;2;;2;;2;;2;;2;;2;;2;;2;;50;12;50;243.50918606
6041546;1;3;1;90;2;;1;28;2;;2;;2;;2;;2;;2;;2;;2;;50;12;50;243.50918606
6041547;1;1;1;90;2;;1;30;2;;2;;2;;2;;2;;2;;2;;2;;50;12;50;422.68805141
6041547;1;2;1;90;2;;2;;2;;2;;2;;2;;2;;2;;2;;2;;50;12;50;422.68805141
6041547;1;3;1;90;2;;1;5;2;;2;;2;;2;;2;;2;;2;;2;;50;12;50;422.68805141
6041548;1;1;1;90;2;;1;12;2;;2;;2;;2;;2;;2;;2;;2;;50;12;50;305.0628011
6041548;1;2;1;90;2;;1;20;2;;2;;2;;2;;2;;2;;2;;2;;50;12;50;305.0628011
6041548;1;3;1;90;2;;1;30;2;;2;;2;;2;;2;;2;;2;;2;;50;12;50;305.0628011
6041551;1;1;1;90;2;;1;14;2;;2;;2;;2;;2;;2;;2;;2;;50;12;50;298.26467669
6041551;1;2;1;90;2;;1;45;2;;2;;2;;2;;2;;2;;2;;2;;50;12;50;298.26467669
6041552;1;1;1;90;2;;1;2;2;;2;;2;;2;;2;;2;;2;;2;;50;12;50;186.51341399
6041552;1;2;1;90;2;;2;;2;;2;;2;;2;;2;;2;;2;;2;;50;12;50;186.51341399
6041552;1;3;1;90;2;;1;18;2;;2;;2;;2;;2;;2;;2;;2;;50;12;50;186.51341399
6041553;1;1;1;90;2;;1;20;2;;2;;2;;2;;2;;2;;2;;2;;50;12;50;350.32936171
6041553;1;2;1;90;2;;1;7;2;;2;;2;;2;;2;;2;;2;;2;;50;12;50;350.32936171
6041554;1;1;1;90;2;;1;7;2;;2;;2;;2;;2;;2;;2;;2;;50;12;50;364.09156698
6041554;1;2;1;90;2;;1;10;2;;2;;2;;2;;2;;2;;2;;2;;50;12;50;364.09156698
6041557;1;1;1;90;2;;2;;2;;2;;2;;2;;2;;2;;2;;2;;50;12;50;367.03821092
6041557;1;2;1;90;2;;1;40;2;;2;;2;;2;;2;;2;;2;;2;;50;12;50;367.03821092
6041557;1;3;1;90;2;;2;;2;;2;;2;;2;;2;;2;;2;;2;;50;12;50;367.03821092
6041557;1;4;1;90;2;;1;5;2;;2;;2;;2;;2;;2;;2;;2;;50;12;50;367.03821092
6041557;1;5;1;90;2;;2;;2;;2;;2;;2;;2;;2;;2;;2;;50;12;50;367.03821092
6041557;1;6;1;90;2;;1;3;2;;2;;2;;2;;2;;2;;2;;2;;50;12;50;367.03821092
6041558;1;1;1;90;2;;1;39;2;;2;;2;;2;;2;;2;;2;;2;;50;12;50;192.33885089
6041559;1;1;1;90;2;;2;;2;;2;;2;;2;;2;;2;;2;;2;;50;12;50;331.05664526
6041559;1;2;1;90;2;;1;30;2;;1;24;2;;2;;2;;2;;2;;2;;50;12;50;331.05664526
6041559;1;3;1;90;2;;1;12;2;;2;;2;;2;;2;;2;;2;;2;;50;12;50;331.05664526
6041560;1;1;1;90;2;;1;18;2;;2;;2;;2;;2;;2;;2;;2;;50;12;50;282.34361929
6041561;1;1;1;90;2;;1;8;2;;1;6;2;;2;;2;;2;;2;;2;;50;12;50;375.89092442
6041561;1;2;1;90;2;;1;19;2;;1;12;2;;2;;2;;2;;2;;2;;50;12;50;375.89092442
6041561;1;3;1;90;2;;1;26;2;;2;;2;;2;;2;;2;;2;;2;;50;12;50;375.89092442
6041561;1;4;1;90;2;;1;5;2;;1;5;2;;2;;2;;2;;2;;2;;50;12;50;375.89092442
6041562;1;1;1;90;2;;1;10;2;;1;4;2;;2;;2;;2;;2;;2;;50;12;50;374.13863677
6041562;1;2;1;90;2;;1;15;2;;1;10;2;;2;;2;;2;;2;;2;;50;12;50;374.13863677
6041563;1;1;1;90;2;;1;29;2;;1;60;2;;2;;2;;2;;2;;2;;50;12;50;325.58922214
6041564;1;1;1;90;2;;1;5;2;;2;;2;;2;;2;;2;;2;;2;;50;12;50;284.50247142
6041564;1;2;1;90;2;;1;18;2;;2;;2;;2;;2;;2;;2;;2;;50;12;50;284.50247142
6041565;1;1;1;90;2;;1;10;2;;2;;2;;2;;2;;2;;2;;2;;50;12;50;239.66819226
6041566;1;1;1;90;2;;1;7;2;;2;;2;;2;;2;;2;;2;;2;;50;12;50;185.57051343
6041566;1;2;1;90;2;;1;20;2;;2;;2;;2;;2;;2;;2;;2;;50;12;50;185.57051343
6041567;1;1;1;90;2;;2;;2;;2;;2;;2;;2;;2;;2;;2;;50;12;50;324.69487228
6041567;1;2;1;90;2;;1;35;2;;1;10;2;;2;;2;;2;;2;;2;;50;12;50;324.69487228
6041567;1;3;1;90;2;;1;8;2;;1;3;2;;2;;2;;2;;2;;2;;50;12;50;324.69487228
6041568;1;1;1;90;2;;1;42;2;;2;;2;;2;;2;;2;;2;;2;;50;12;50;246.00424827
6041568;1;2;1;90;2;;1;12;2;;2;;2;;2;;2;;2;;2;;2;;50;12;50;246.00424827
6041569;1;1;1;90;2;;2;;2;;2;;2;;2;;2;;2;;2;;2;;50;12;50;324.72058925
6041569;1;2;1;90;2;;1;12;2;;2;;2;;2;;2;;2;;2;;2;;50;12;50;324.72058925
6041570;1;1;1;90;2;;1;10;2;;2;;2;;2;;2;;2;;2;;2;;50;12;50;341.12943203
6041570;1;2;1;90;2;;1;35;2;;1;10;2;;2;;2;;2;;2;;2;;50;12;50;341.12943203
6041571;1;1;1;90;2;;2;;2;;2;;2;;2;;2;;2;;2;;2;;50;12;50;288.67967531
6041571;1;2;1;90;2;;1;22;2;;2;;2;;2;;2;;2;;2;;2;;50;12;50;288.67967531
6041572;1;1;1;90;2;;1;40;2;;2;;2;;2;;2;;2;;2;;2;;50;12;50;250.93533532
6041572;1;2;1;90;2;;1;16;2;;2;;2;;2;;2;;2;;2;;2;;50;12;50;250.93533532
6041573;1;1;1;90;2;;1;12;2;;2;;2;;2;;2;;2;;2;;2;;50;12;50;349.43501185
6041573;1;2;1;90;2;;2;;2;;2;;2;;2;;2;;2;;2;;2;;50;12;50;349.43501185
6041573;1;3;1;90;2;;2;;2;;2;;2;;2;;2;;2;;2;;2;;50;12;50;349.43501185
6041573;1;4;1;90;2;;1;18;2;;2;;2;;2;;2;;2;;2;;2;;50;12;50;349.43501185
6041574;1;1;1;90;2;;1;40;2;;1;10;2;;2;;2;;2;;2;;2;;50;12;50;271.56581098
6041574;1;2;1;90;2;;2;;2;;2;;2;;2;;2;;2;;2;;2;;50;12;50;271.56581098
6041574;1;3;1;90;2;;1;5;2;;2;;2;;2;;2;;2;;2;;2;;50;12;50;271.56581098
6041574;1;4;1;90;2;;1;5;2;;1;8;2;;2;;2;;2;;2;;2;;50;12;50;271.56581098
6041575;1;1;1;90;2;;1;4;2;;2;;2;;2;;2;;2;;2;;2;;50;12;50;335.67280658
6041575;1;2;1;90;2;;1;18;2;;2;;2;;2;;2;;2;;2;;2;;50;12;50;335.67280658
6041575;1;3;1;90;2;;1;2;2;;2;;2;;2;;2;;2;;2;;2;;50;12;50;335.67280658
6041575;1;4;1;90;2;;2;;2;;2;;2;;2;;2;;2;;2;;2;;50;12;50;335.67280658
6041576;1;1;1;90;2;;1;13;2;;2;;2;;2;;2;;2;;2;;2;;50;12;50;192.84947
6041576;1;2;1;90;2;;1;5;2;;2;;2;;2;;2;;2;;2;;2;;50;12;50;192.84947
6041576;1;3;1;90;2;;1;14;2;;2;;2;;2;;2;;2;;2;;2;;50;12;50;192.84947
6041576;1;4;1;90;2;;1;8;2;;2;;2;;2;;2;;2;;2;;2;;50;12;50;192.84947
6041577;1;1;1;90;2;;1;10;2;;2;;2;;2;;2;;2;;2;;2;;50;12;50;357.75551097
6041579;1;1;1;90;2;;1;2;2;;2;;2;;2;;2;;2;;2;;2;;50;12;50;343.9933057
6041580;1;1;1;90;2;;1;10;2;;2;;2;;2;;2;;2;;2;;2;;50;12;50;305.49508256
6041581;1;1;1;90;2;;1;15;2;;1;12;2;;2;;2;;2;;2;;2;;50;12;50;262.41309105
6041581;1;2;1;90;2;;2;;2;;2;;2;;2;;2;;2;;2;;2;;50;12;50;262.41309105
6041582;1;1;1;90;2;;2;;2;;2;;2;;2;;2;;2;;2;;2;;50;12;50;246.81363536
6041582;1;2;1;90;2;;1;12;2;;1;4;2;;2;;2;;2;;2;;2;;50;12;50;246.81363536
6041582;1;3;1;90;2;;2;;2;;2;;2;;2;;2;;2;;2;;2;;50;12;50;246.81363536
6041584;1;1;1;90;2;;1;10;2;;1;5;2;;2;;2;;2;;2;;2;;50;12;50;262.41309105
6041584;1;2;1;90;2;;1;10;2;;1;15;2;;2;;2;;2;;2;;2;;50;12;50;262.41309105
6041585;1;1;1;90;2;;1;3;2;;2;;2;;2;;2;;2;;2;;2;;50;12;50;357.75551097
6041586;1;1;1;90;2;;1;30;2;;2;;2;;2;;2;;2;;2;;2;;50;12;50;282.34361929
6041587;1;1;1;90;2;;2;;2;;2;;2;;2;;2;;2;;2;;2;;50;12;50;288.67967531
6041587;1;2;1;90;2;;1;40;2;;2;;2;;2;;2;;2;;2;;2;;50;12;50;288.67967531
6041588;1;1;1;90;2;;1;30;2;;1;18;2;;2;;2;;2;;2;;2;;50;12;50;215.08374968
6041588;1;2;1;90;2;;1;7;2;;2;;2;;2;;2;;2;;2;;2;;50;12;50;215.08374968
6041589;1;1;1;90;2;;1;13;2;;2;;2;;2;;2;;2;;2;;2;;50;12;50;343.9933057
6041590;1;1;1;90;2;;2;;2;;2;;2;;2;;2;;2;;2;;2;;50;12;50;149.57951327
6041590;1;2;1;90;2;;1;30;2;;2;;1;20;2;;2;;2;;2;;2;;50;12;50;149.57951327
6041591;1;1;1;90;2;;1;27;2;;2;;2;;2;;2;;2;;2;;2;;50;12;50;192.33885089
6041595;1;1;1;90;2;;1;18;2;;2;;2;;2;;2;;2;;2;;2;;50;12;50;350.32936171
6041595;1;2;1;90;2;;1;10;2;;2;;2;;2;;2;;2;;2;;2;;50;12;50;350.32936171
6041596;1;1;1;90;2;;1;5;2;;2;;2;;2;;2;;2;;2;;2;;50;12;50;175.52344364
6041596;1;2;1;90;2;;1;7;2;;2;;2;;2;;2;;2;;2;;2;;50;12;50;175.52344364
6041597;1;1;1;90;2;;1;20;2;;2;;2;;2;;2;;2;;2;;2;;50;12;50;311.83113857
6041597;1;2;1;90;2;;1;5;2;;2;;2;;2;;2;;2;;2;;2;;50;12;50;311.83113857
6041598;1;1;1;90;2;;1;22;2;;2;;2;;2;;2;;2;;2;;2;;50;12;50;498.59440444
6041598;1;2;1;90;2;;1;2;2;;2;;2;;2;;2;;2;;2;;2;;50;12;50;498.59440444
6041598;1;3;1;90;2;;2;;2;;2;;2;;2;;2;;2;;2;;2;;50;12;50;498.59440444
6041598;1;4;1;90;2;;1;2;2;;2;;2;;2;;2;;2;;2;;2;;50;12;50;498.59440444
6041598;1;5;1;90;2;;2;;2;;2;;2;;2;;2;;2;;2;;2;;50;12;50;498.59440444
6041599;1;1;1;90;2;;1;2;2;;2;;2;;2;;2;;2;;2;;2;;50;12;50;250.93533532
6041599;1;2;1;90;2;;1;28;2;;2;;2;;2;;2;;2;;2;;2;;50;12;50;250.93533532
6041600;1;1;1;90;2;;1;24;2;;2;;2;;2;;2;;2;;2;;2;;52;12;52;157.08493783
6041601;1;1;1;90;2;;2;;2;;1;7;2;;2;;2;;2;;2;;2;;52;12;52;284.75315632
6041601;1;2;1;90;2;;1;20;2;;1;20;2;;2;;2;;2;;2;;2;;52;12;52;284.75315632
6041602;1;1;1;90;2;;1;24;2;;2;;2;;2;;2;;2;;2;;2;;52;12;52;364.35138291
6041602;1;2;1;90;2;;1;5;2;;1;5;2;;2;;1;24;2;;2;;2;;52;12;52;364.35138291
6041603;1;1;1;90;2;;1;20;1;10;2;;1;35;2;;2;;2;;2;;2;;52;12;52;157.08493783
6041604;1;1;1;90;2;;2;;2;;2;;2;;2;;2;;2;;2;;2;;52;12;52;189.49590067
6041604;1;2;1;90;2;;1;28;2;;2;;2;;2;;2;;2;;2;;2;;52;12;52;189.49590067
6041604;1;3;1;90;2;;1;7;2;;2;;2;;2;;1;24;2;;2;;2;;52;12;52;189.49590067
6041605;1;1;1;90;2;;1;20;2;;1;20;2;;2;;2;;2;;2;;2;;52;12;52;396.94345415
6041605;1;2;1;90;2;;2;;2;;1;10;2;;2;;2;;2;;2;;2;;52;12;52;396.94345415
6041605;1;3;1;90;2;;1;20;2;;1;10;2;;2;;2;;2;;2;;2;;52;12;52;396.94345415
6041606;1;1;1;90;2;;1;15;2;;2;;2;;2;;2;;2;;2;;2;;52;12;52;243.26995888
6041606;1;2;1;90;2;;1;30;2;;1;30;2;;2;;2;;2;;2;;2;;52;12;52;243.26995888
6041606;1;3;1;90;2;;1;25;2;;2;;2;;2;;2;;2;;2;;2;;52;12;52;243.26995888
6041607;1;1;1;90;2;;1;40;2;;2;;2;;2;;2;;2;;2;;2;;52;12;52;225.33406532
6041607;1;2;1;90;2;;2;;2;;2;;2;;2;;2;;2;;2;;2;;52;12;52;225.33406532
6041607;1;3;1;90;2;;2;;2;;2;;2;;2;;2;;2;;2;;2;;52;12;52;225.33406532
6041607;1;4;1;90;2;;1;25;2;;2;;2;;2;;2;;2;;2;;2;;52;12;52;225.33406532
6041607;1;5;1;90;2;;1;25;2;;2;;2;;2;;2;;2;;2;;2;;52;12;52;225.33406532
6041608;1;1;1;90;2;;1;14;2;;1;14;2;;2;;2;;2;;2;;2;;52;12;52;485.74606621
6041608;1;4;1;90;2;;1;35;2;;1;14;2;;2;;2;;2;;2;;2;;52;12;52;485.74606621
6041608;1;5;1;90;2;;1;7;2;;1;21;2;;2;;2;;2;;2;;2;;52;12;52;485.74606621
6041609;1;1;1;90;2;;1;24;2;;2;;2;;2;;2;;2;;2;;1;2;52;12;52;157.08493783
6041611;1;1;1;90;2;;1;10;2;;2;;2;;2;;2;;2;;2;;2;;52;12;52;160.37833506
6041611;1;2;1;90;2;;1;3;2;;2;;2;;2;;2;;2;;2;;2;;52;12;52;160.37833506
6041612;1;1;1;90;2;;1;16;2;;2;;2;;2;;2;;2;;2;;2;;52;12;52;305.11340031
6041612;1;2;1;90;2;;1;36;2;;2;;2;;2;;2;;2;;1;2;2;;52;12;52;305.11340031
6041612;1;3;1;90;2;;2;;2;;2;;2;;2;;2;;2;;2;;2;;52;12;52;305.11340031
6041612;1;4;1;90;2;;2;;2;;2;;2;;2;;2;;2;;2;;2;;52;12;52;305.11340031
6041613;1;1;1;90;2;;1;2;2;;1;10;2;;2;;2;;2;;2;;2;;52;12;52;364.35138291
6041613;1;2;1;90;2;;1;30;2;;1;30;2;;2;;2;;2;;2;;2;;52;12;52;364.35138291
6041614;1;1;1;90;2;;1;7;2;;2;;2;;2;;2;;2;;2;;2;;52;12;52;272.5686329
6041614;1;2;1;90;2;;1;14;2;;2;;2;;2;;2;;2;;2;;2;;52;12;52;272.5686329
6041614;1;3;1;90;2;;1;14;2;;2;;2;;2;;2;;2;;2;;2;;52;12;52;272.5686329
6041616;1;1;1;90;2;;1;21;2;;2;;2;;2;;2;;2;;2;;2;;52;12;52;239.97656165
6041616;1;2;1;90;2;;1;7;2;;2;;2;;2;;2;;2;;2;;2;;52;12;52;239.97656165
6041617;1;1;1;90;2;;1;7;2;;2;;2;;2;;2;;2;;2;;2;;52;12;52;239.97656165
6041617;1;2;1;90;2;;1;28;2;;2;;2;;2;;2;;2;;2;;2;;52;12;52;239.97656165
6041618;1;1;1;90;2;;2;;2;;2;;2;;2;;2;;2;;2;;2;;52;12;52;192.92310248
6041618;1;2;1;90;2;;1;20;2;;2;;2;;2;;2;;2;;2;;2;;52;12;52;192.92310248
6041618;1;3;1;90;2;;1;10;2;;2;;1;15;2;;2;;2;;2;;2;;52;12;52;192.92310248
6041620;1;1;1;90;2;;1;28;2;;2;;2;;2;;2;;2;;2;;2;;52;12;52;157.08493783
6041624;1;1;1;90;2;;1;28;2;;2;;2;;2;;2;;2;;2;;2;;52;12;52;272.5686329
6041624;1;2;1;90;2;;1;21;2;;2;;2;;2;;2;;2;;2;;2;;52;12;52;272.5686329
6041624;1;3;1;90;2;;2;;2;;2;;2;;2;;2;;2;;2;;2;;52;12;52;272.5686329
6041625;1;1;1;90;2;;1;24;2;;2;;2;;2;;2;;2;;2;;2;;52;12;52;240.02386548
6041625;1;2;1;90;2;;1;12;2;;2;;2;;2;;1;30;2;;2;;2;;52;12;52;240.02386548
6041626;1;1;1;90;2;;1;12;2;;2;;2;;2;;2;;2;;2;;2;;52;12;52;292.05862195
6041627;1;1;1;90;2;;2;;2;;2;;2;;2;;2;;2;;2;;2;;52;12;52;192.92310248
6041627;1;2;1;90;2;;1;35;2;;2;;2;;2;;2;;2;;2;;2;;52;12;52;192.92310248
6041627;1;3;1;90;2;;1;21;2;;2;;1;28;2;;2;;2;;2;;2;;52;12;52;192.92310248
6041628;1;1;1;90;2;;1;8;2;;2;;2;;2;;2;;2;;2;;2;;52;12;52;292.05862195
6041629;1;1;1;90;2;;2;;2;;1;10;2;;2;;2;;2;;2;;2;;52;12;52;361.37124496
6041629;1;2;1;90;2;;1;3;2;;1;20;2;;2;;2;;2;;2;;2;;52;12;52;361.37124496
6041629;1;3;1;90;2;;2;;2;;2;;2;;2;;1;3;2;;2;;2;;52;12;52;361.37124496
6041630;1;1;1;90;2;;1;20;2;;2;;2;;2;;2;;2;;2;;2;;52;12;52;157.08493783
6041631;1;1;1;90;2;;1;7;2;;2;;2;;2;;2;;2;;2;;2;;52;12;52;292.10592578
6041632;1;1;1;90;2;;1;21;2;;2;;2;;2;;2;;2;;2;;2;;52;12;52;129.75692727
6041632;1;2;1;90;2;;1;14;2;;2;;2;;2;;1;21;2;;2;;2;;52;12;52;129.75692727
6041632;1;3;1;90;2;;2;;2;;2;;2;;2;;2;;2;;2;;2;;52;12;52;129.75692727
6041632;1;4;1;90;2;;1;7;2;;2;;2;;2;;2;;2;;2;;2;;52;12;52;129.75692727
6041633;1;1;1;90;2;;2;;2;;2;;2;;2;;2;;2;;2;;2;;52;12;52;160.37833506
6041633;1;2;1;90;2;;1;25;2;;2;;2;;2;;2;;2;;2;;2;;52;12;52;160.37833506
6041635;1;1;1;90;2;;1;3;2;;2;;2;;2;;2;;2;;2;;2;;52;12;52;160.37833506
6041635;1;2;1;90;2;;1;15;2;;2;;1;5;2;;2;;2;;2;;2;;52;12;52;160.37833506
6041636;1;1;1;90;2;;1;1;2;;1;14;2;;2;;2;;2;;2;;2;;52;12;52;239.7089525
6041636;1;2;1;90;2;;1;6;2;;1;18;2;;2;;2;;2;;2;;2;;52;12;52;239.7089525
6041636;1;3;1;90;2;;2;;2;;2;;2;;2;;2;;2;;2;;2;;52;12;52;239.7089525
6041636;1;4;1;90;2;;2;;2;;2;;2;;2;;2;;2;;2;;2;;52;12;52;239.7089525
6041638;1;1;1;90;2;;1;21;2;;2;;2;;2;;2;;2;;2;;2;;52;12;52;129.75692727
6041638;1;2;1;90;2;;2;;2;;2;;2;;2;;2;;2;;2;;2;;52;12;52;129.75692727
6041639;1;1;1;90;2;;1;24;2;;2;;2;;2;;2;;2;;2;;2;;52;12;52;262.80725176
6041640;1;1;1;90;2;;1;3;2;;2;;2;;2;;2;;2;;2;;2;;52;12;52;452.27160785
6041640;1;2;1;90;2;;1;21;2;;2;;2;;2;;2;;2;;2;;2;;52;12;52;452.27160785
6041640;1;3;1;90;2;;1;7;2;;2;;2;;2;;2;;2;;2;;2;;52;12;52;452.27160785
6041641;1;1;1;90;2;;1;8;2;;2;;2;;2;;2;;2;;2;;2;;52;12;52;429.18141551
6041641;1;2;1;90;2;;1;4;1;8;2;;2;;2;;2;;2;;2;;2;;52;12;52;429.18141551
6041641;1;3;1;90;2;;2;;2;;2;;2;;2;;2;;2;;2;;2;;52;12;52;429.18141551
6041641;1;4;1;90;2;;1;24;2;;1;50;2;;2;;2;;2;;2;;2;;52;12;52;429.18141551
6041641;1;6;1;90;2;;1;28;2;;2;;2;;2;;2;;2;;2;;2;;52;12;52;429.18141551
6041641;1;7;1;90;2;;1;10;2;;1;8;2;;2;;2;;2;;2;;2;;52;12;52;429.18141551
6041641;1;8;1;90;2;;2;;2;;2;;2;;2;;2;;2;;2;;2;;52;12;52;429.18141551
6041642;1;1;1;90;2;;1;2;2;;2;;2;;2;;2;;2;;2;;2;;52;12;52;192.92310248
6041642;1;2;1;90;2;;1;30;2;;2;;2;;1;2;2;;2;;2;;2;;52;12;52;192.92310248
6041642;1;3;1;90;2;;1;3;2;;2;;2;;2;;1;5;2;;2;;2;;52;12;52;192.92310248
6041643;1;1;1;90;2;;2;;2;;2;;2;;2;;2;;2;;2;;2;;52;12;52;396.80964958
6041643;1;2;1;90;2;;1;35;2;;2;;2;;2;;2;;2;;2;;2;;52;12;52;396.80964958
6041643;1;3;1;90;2;;1;1;2;;2;;2;;2;;2;;2;;2;;2;;52;12;52;396.80964958
6041643;1;4;1;90;2;;1;1;2;;2;;2;;2;;2;;2;;2;;2;;52;12;52;396.80964958
6041645;1;1;1;90;2;;1;24;2;;2;;2;;2;;2;;2;;2;;2;;52;12;52;239.97656165
6041645;1;2;1;90;2;;1;30;2;;2;;2;;2;;2;;2;;2;;2;;52;12;52;239.97656165
6041646;1;1;1;90;2;;1;35;2;;2;;2;;2;;2;;2;;2;;2;;52;12;52;239.97656165
6041646;1;2;1;90;2;;1;21;2;;2;;2;;2;;2;;2;;2;;2;;52;12;52;239.97656165
6041647;1;1;1;90;2;;1;14;2;;2;;2;;2;;2;;2;;2;;2;;52;12;52;416.34694246
6041647;1;3;1;90;2;;1;3;2;;1;10;2;;2;;2;;2;;2;;2;;52;12;52;416.34694246
6041648;1;1;1;90;2;;2;;2;;2;;2;;2;;2;;2;;2;;2;;52;12;52;397.07560503
6041648;1;2;1;90;2;;1;18;2;;2;;2;;2;;2;;2;;2;;2;;52;12;52;397.07560503
6041648;1;3;1;90;2;;2;;2;;2;;2;;2;;2;;2;;2;;2;;52;12;52;397.07560503
6041648;1;4;1;90;2;;2;;2;;2;;2;;2;;2;;2;;2;;2;;52;12;52;397.07560503
6041648;1;5;1;90;2;;2;;2;;2;;2;;2;;2;;2;;2;;2;;52;12;52;397.07560503
6041648;1;6;1;90;2;;1;30;2;;1;40;2;;2;;2;;2;;2;;2;;52;12;52;397.07560503
6041650;1;1;1;90;2;;1;24;2;;1;24;2;;2;;2;;2;;2;;2;;52;12;52;331.67281092
6041650;1;2;1;90;2;;1;5;2;;2;;2;;2;;2;;2;;2;;2;;52;12;52;331.67281092
6041651;1;1;1;90;2;;2;;2;;2;;2;;2;;2;;2;;2;;2;;52;12;52;239.97656165
6041651;1;2;1;90;2;;2;;2;;2;;2;;2;;2;;2;;2;;2;;52;12;52;239.97656165
6041652;1;1;1;90;2;;1;10;2;;2;;2;;2;;2;;2;;2;;2;;52;12;52;239.84275708
6041652;1;2;1;90;2;;1;25;2;;2;;2;;2;;2;;2;;2;;2;;52;12;52;239.84275708
6041652;1;3;1;90;2;;1;3;2;;2;;2;;2;;2;;2;;2;;2;;52;12;52;239.84275708
6041653;1;1;1;90;2;;1;28;2;;2;;2;;2;;2;;2;;2;;2;;52;12;52;239.84275708
6041653;1;2;1;90;2;;1;7;2;;2;;2;;2;;2;;2;;2;;2;;52;12;52;239.84275708
6041653;1;3;1;90;2;;1;7;2;;2;;2;;2;;2;;2;;2;;2;;52;12;52;239.84275708
6041654;1;1;1;90;2;;1;40;2;;2;;2;;2;;2;;2;;2;;2;;52;12;52;187.89450136
6041654;1;2;1;90;2;;1;10;2;;2;;2;;2;;2;;2;;2;;2;;52;12;52;187.89450136
6041654;1;3;1;90;2;;1;10;2;;2;;2;;2;;2;;2;;2;;2;;52;12;52;187.89450136
6041655;1;1;1;90;2;;1;21;2;;2;;2;;2;;2;;2;;2;;2;;52;12;52;177.29563849
6041655;1;2;1;90;2;;1;14;2;;2;;2;;2;;2;;2;;2;;2;;52;12;52;177.29563849
6041655;1;4;1;90;2;;2;;2;;2;;2;;2;;2;;2;;2;;2;;52;12;52;177.29563849
6041656;1;1;1;90;2;;1;25;2;;2;;2;;2;;2;;2;;2;;2;;52;12;52;239.97656165
6041656;1;2;1;90;2;;1;50;2;;2;;2;;2;;2;;2;;2;;2;;52;12;52;239.97656165
6041657;1;1;1;90;2;;1;4;2;;1;5;2;;2;;2;;2;;2;;2;;52;12;52;350.72507827
6041657;1;2;1;90;2;;1;6;2;;1;12;2;;2;;2;;2;;2;;2;;52;12;52;350.72507827
6041657;1;5;1;90;2;;1;28;2;;1;14;2;;2;;2;;2;;2;;2;;52;12;52;350.72507827
6041659;1;1;1;90;2;;1;7;2;;2;;2;;2;;2;;2;;2;;2;;52;12;52;160.37833506
6041659;1;2;1;90;2;;1;20;2;;2;;2;;2;;2;;2;;2;;2;;52;12;52;160.37833506
6041661;1;1;1;90;2;;2;;2;;2;;2;;2;;2;;2;;2;;2;;52;12;52;157.08493783
6041663;1;1;1;90;2;;1;4;2;;2;;2;;2;;2;;2;;2;;2;;52;12;52;191.10139784
6041663;1;2;1;90;2;;1;20;2;;2;;1;32;2;;2;;2;;2;;2;;52;12;52;191.10139784
6041663;1;3;1;90;2;;1;26;2;;2;;1;20;2;;2;;2;;2;;2;;52;12;52;191.10139784
6041663;1;4;1;90;2;;1;5;2;;2;;2;;2;;2;;2;;2;;2;;52;12;52;191.10139784
6041663;1;5;1;90;2;;1;7;2;;2;;2;;2;;2;;2;;2;;2;;52;12;52;191.10139784
6041665;1;1;1;90;2;;1;7;2;;2;;2;;2;;2;;2;;2;;2;;52;12;52;239.57514793
6041665;1;2;1;90;2;;1;48;2;;2;;2;;2;;2;;2;;2;;2;;52;12;52;239.57514793
6041665;1;3;1;90;2;;1;5;2;;2;;2;;2;;2;;2;;2;;2;;52;12;52;239.57514793
6041665;1;4;1;90;2;;1;12;2;;2;;2;;2;;2;;2;;2;;2;;52;12;52;239.57514793
6041665;1;5;1;90;2;;1;3;2;;2;;2;;2;;1;30;2;;2;;2;;52;12;52;239.57514793
6041666;1;1;1;90;2;;1;14;2;;2;;2;;2;;2;;2;;2;;2;;52;12;52;259.38004996
6041667;1;1;1;90;2;;1;4;2;;2;;2;;2;;2;;2;;2;;2;;52;12;52;207.43179424
6041668;1;1;1;90;2;;1;8;2;;2;;2;;2;;2;;2;;2;;2;;52;12;52;324.65069319
6041668;1;2;1;90;2;;2;;2;;2;;2;;2;;2;;2;;2;;2;;52;12;52;324.65069319
6041670;1;1;1;90;2;;2;;2;;1;9;2;;2;;1;4;2;;2;;1;4;52;12;52;292.05862195
6041671;1;1;1;90;2;;1;7;2;;2;;2;;2;;2;;2;;2;;2;;52;12;52;262.80725176
6041672;1;1;1;90;2;;1;28;2;;1;28;2;;2;;2;;2;;2;;2;;52;12;52;331.80661549
6041674;1;1;1;90;2;;1;10;2;;2;;2;;2;;2;;2;;2;;2;;52;12;52;259.38004996
6041675;1;1;1;90;2;;1;24;2;;1;14;2;;2;;2;;2;;2;;2;;52;12;52;361.37124496
6041675;1;2;1;90;2;;1;7;2;;2;;2;;2;;2;;2;;2;;2;;52;12;52;361.37124496
6041675;1;3;1;90;2;;1;14;2;;2;;2;;2;;2;;2;;2;;2;;52;12;52;361.37124496
6041677;1;1;1;90;2;;1;1;2;;2;;2;;2;;2;;2;;2;;2;;52;12;52;298.64541641
6041677;1;2;1;90;2;;1;12;2;;2;;2;;2;;2;;2;;2;;2;;52;12;52;298.64541641
6041677;1;3;1;90;2;;1;6;2;;2;;2;;2;;1;1;2;;2;;2;;52;12;52;298.64541641
6041678;1;1;1;90;2;;1;24;2;;1;20;2;;2;;2;;2;;2;;2;;52;12;52;157.08493783
6041680;1;1;1;90;2;;1;30;2;;2;;2;;2;;2;;2;;2;;2;;52;12;52;189.62970525
6041680;1;2;1;90;2;;2;;2;;2;;2;;2;;2;;2;;2;;2;;52;12;52;189.62970525
6041681;1;1;1;90;2;;1;15;2;;2;;2;;2;;2;;2;;2;;2;;52;12;52;296.2344063
6041684;1;1;1;90;2;;1;14;2;;2;;2;;2;;2;;2;;2;;2;;52;12;52;305.16070414
6041684;1;2;1;90;2;;1;21;2;;2;;2;;2;;2;;2;;2;;2;;52;12;52;305.16070414
6041684;1;3;1;90;2;;1;14;2;;2;;2;;2;;2;;2;;2;;2;;52;12;52;305.16070414
6041684;1;4;1;90;2;;1;28;2;;2;;2;;2;;2;;2;;2;;2;;52;12;52;305.16070414
6041685;1;1;1;90;2;;1;14;2;;2;;2;;2;;2;;2;;2;;2;;52;12;52;177.56159395
6041685;1;2;1;90;2;;1;35;2;;1;28;2;;2;;2;;2;;2;;2;;52;12;52;177.56159395
6041685;1;3;1;90;2;;1;8;2;;2;;2;;2;;2;;2;;2;;2;;52;12;52;177.56159395
6041685;1;4;1;90;2;;1;21;2;;1;14;2;;2;;2;;2;;2;;2;;52;12;52;177.56159395
6041685;1;5;1;90;2;;1;8;2;;1;14;2;;2;;2;;2;;2;;2;;52;12;52;177.56159395
6041687;1;1;1;90;2;;1;3;2;;2;;2;;2;;2;;2;;2;;2;;52;12;52;272.5686329
6041687;1;2;1;90;2;;1;25;2;;2;;2;;2;;2;;2;;2;;2;;52;12;52;272.5686329
6041687;1;3;1;90;2;;1;2;2;;2;;2;;2;;2;;2;;2;;2;;52;12;52;272.5686329
6041688;1;1;1;90;2;;2;;2;;2;;2;;2;;2;;2;;2;;2;;52;12;52;448.45398818
6041688;1;2;1;90;2;;1;40;2;;1;10;2;;2;;2;;2;;2;;2;;52;12;52;448.45398818
6041688;1;3;1;90;2;;1;24;2;;2;;2;;2;;1;4;2;;2;;2;;52;12;52;448.45398818
6041688;1;4;1;90;2;;1;10;2;;1;10;2;;2;;2;;2;;2;;2;;52;12;52;448.45398818
6041688;1;6;1;90;2;;1;24;2;;1;20;2;;2;;1;16;2;;2;;2;;52;12;52;448.45398818
6041688;1;7;1;90;2;;2;;2;;1;10;2;;2;;2;;2;;2;;2;;52;12;52;448.45398818
6041689;1;1;1;90;2;;2;;2;;2;;2;;2;;2;;2;;2;;2;;52;12;52;192.92310248
6041689;1;2;1;90;2;;1;30;2;;2;;2;;2;;2;;2;;2;;2;;52;12;52;192.92310248
6041689;1;3;1;90;2;;2;;2;;2;;2;;2;;2;;2;;2;;2;;52;12;52;192.92310248
6041690;1;1;1;90;2;;1;20;2;;1;15;2;;2;;2;;2;;2;;2;;52;12;52;331.67281092
6041690;1;2;1;90;2;;1;6;2;;1;4;2;;2;;2;;2;;2;;2;;52;12;52;331.67281092
6041692;1;1;1;90;2;;1;5;2;;2;;2;;2;;2;;2;;2;;2;;52;12;52;292.05862195
6041693;1;1;1;90;2;;1;2;2;;1;13;2;;2;;2;;2;;2;;2;;52;12;52;239.84275708
6041693;1;2;1;90;2;;1;25;2;;2;;2;;2;;2;;2;;2;;2;;52;12;52;239.84275708
6041693;1;3;1;90;2;;1;2;2;;2;;2;;2;;2;;2;;2;;2;;52;12;52;239.84275708
6041694;1;1;1;90;2;;1;8;2;;2;;2;;2;;2;;2;;2;;2;;52;12;52;364.35138291
6041694;1;2;1;90;2;;1;28;2;;1;14;2;;2;;2;;2;;2;;2;;52;12;52;364.35138291
6041695;1;1;1;90;2;;1;28;2;;1;3;2;;2;;2;;2;;2;;2;;52;12;52;157.08493783
6041696;1;1;1;90;2;;1;14;2;;2;;2;;2;;2;;2;;2;;2;;52;12;52;129.75692727
6041696;1;2;1;90;2;;1;35;2;;2;;2;;2;;2;;2;;2;;2;;52;12;52;129.75692727
6041696;1;3;1;90;2;;1;7;2;;2;;2;;2;;2;;2;;2;;2;;52;12;52;129.75692727
6041696;1;4;1;90;2;;1;28;2;;2;;2;;2;;2;;2;;2;;2;;52;12;52;129.75692727
6041697;1;1;1;90;2;;1;35;2;;2;;2;;2;;2;;2;;2;;2;;52;12;52;192.97040631
6041697;1;2;1;90;2;;1;2;2;;2;;2;;2;;2;;2;;2;;2;;52;12;52;192.97040631
6041697;1;3;1;90;2;;1;7;2;;2;;2;;2;;2;;2;;2;;2;;52;12;52;192.97040631
6041698;1;1;1;90;2;;1;21;2;;2;;2;;2;;2;;2;;2;;2;;52;12;52;129.75692727
6041698;1;2;1;90;2;;1;35;2;;2;;2;;2;;2;;2;;2;;2;;52;12;52;129.75692727
6041698;1;3;1;90;2;;1;4;2;;2;;2;;2;;2;;2;;2;;2;;52;12;52;129.75692727
6041698;1;4;1;90;2;;1;28;2;;2;;2;;2;;2;;2;;2;;2;;52;12;52;129.75692727
6041699;1;1;1;90;2;;1;14;2;;2;;2;;2;;2;;2;;2;;2;;52;12;52;262.67344719
6041699;1;2;1;90;2;;1;4;2;;2;;2;;2;;2;;2;;2;;2;;52;12;52;262.67344719
6041700;1;1;1;90;2;;1;28;2;;2;;2;;2;;2;;2;;2;;2;;52;12;52;207.43179424
6041703;1;1;1;90;2;;1;21;2;;2;;2;;2;;2;;2;;2;;2;;52;12;52;262.80725176
6041704;1;1;1;90;2;;2;;2;;2;;2;;2;;2;;2;;2;;2;;52;12;52;160.37833506
6041704;1;2;1;90;2;;1;28;2;;2;;2;;2;;2;;2;;2;;2;;52;12;52;160.37833506
6041706;1;1;1;90;2;;1;35;2;;2;;2;;2;;2;;2;;2;;2;;52;12;52;156.95113326
6041706;1;2;1;90;2;;1;7;2;;2;;2;;2;;2;;2;;2;;2;;52;12;52;156.95113326
6041708;1;1;1;90;2;;2;;2;;2;;2;;2;;2;;2;;2;;2;;52;12;52;305.02689957
6041708;1;2;1;90;2;;1;30;2;;2;;2;;2;;2;;2;;2;;2;;52;12;52;305.02689957
6041708;1;3;1;90;2;;1;2;2;;2;;2;;2;;2;;2;;2;;2;;52;12;52;305.02689957
6041708;1;4;1;90;2;;1;25;2;;2;;2;;2;;2;;2;;2;;2;;52;12;52;305.02689957
6041708;1;5;1;90;2;;2;;2;;2;;2;;2;;2;;2;;2;;2;;52;12;52;305.02689957
6041709;1;1;1;90;2;;1;20;2;;2;;2;;2;;2;;2;;2;;2;;52;12;52;226.35025701
6041709;1;2;1;90;2;;1;2;2;;2;;2;;2;;2;;2;;2;;2;;52;12;52;226.35025701
6041709;1;3;1;90;2;;1;12;2;;1;40;2;;2;;2;;2;;2;;2;;52;12;52;226.35025701
6041710;1;1;1;90;2;;1;15;2;;2;;2;;2;;2;;2;;2;;2;;52;12;52;262.80725176
6041712;1;1;1;90;2;;1;9;2;;2;;2;;2;;2;;2;;2;;2;;52;12;52;160.37833506
6041712;1;2;1;90;2;;1;20;2;;2;;2;;1;2;2;;2;;2;;2;;52;12;52;160.37833506
6041713;1;1;1;90;2;;1;4;2;;2;;2;;2;;2;;2;;2;;2;;52;12;52;272.5686329
6041713;1;2;1;90;2;;1;28;2;;2;;2;;2;;2;;2;;2;;2;;52;12;52;272.5686329
6041713;1;3;1;90;2;;1;4;2;;2;;2;;2;;2;;2;;2;;2;;52;12;52;272.5686329
6041714;1;1;1;90;2;;1;7;2;;2;;2;;2;;2;;2;;2;;2;;52;12;52;160.37833506
6041714;1;2;1;90;2;;1;30;2;;2;;2;;2;;2;;2;;2;;2;;52;12;52;160.37833506
6041715;1;1;1;90;2;;1;36;2;;2;;2;;2;;2;;2;;2;;2;;52;12;52;157.08493783
6041716;1;1;1;90;2;;1;30;2;;1;18;2;;2;;2;;2;;2;;2;;52;12;52;328.64536914
6041716;1;2;1;90;2;;1;2;2;;1;12;2;;2;;2;;2;;2;;2;;52;12;52;328.64536914
6041716;1;4;1;90;2;;1;5;2;;2;;2;;2;;2;;2;;2;;2;;52;12;52;328.64536914
6041717;1;1;1;90;2;;1;48;2;;2;;2;;2;;2;;2;;2;;2;;52;12;52;189.62970525
6041717;1;2;1;90;2;;1;10;2;;2;;2;;2;;2;;2;;2;;2;;52;12;52;189.62970525
6041718;1;1;1;90;2;;2;;2;;2;;2;;2;;2;;2;;2;;2;;52;12;52;160.37833506
6041718;1;2;1;90;2;;1;20;2;;2;;1;18;2;;2;;2;;2;;2;;52;12;52;160.37833506
6041719;1;1;1;90;2;;1;24;2;;1;12;2;;2;;2;;2;;2;;2;;52;12;52;488.90565887
6041719;1;2;1;90;2;;1;24;2;;1;10;2;;2;;2;;2;;2;;2;;52;12;52;488.90565887
6041719;1;3;1;90;2;;1;10;2;;2;;2;;2;;2;;2;;2;;2;;52;12;52;488.90565887
6041719;1;4;1;90;2;;1;21;2;;1;12;2;;2;;2;;2;;2;;2;;52;12;52;488.90565887
6041719;1;5;1;90;2;;1;24;2;;1;24;2;;2;;2;;2;;2;;2;;52;12;52;488.90565887
6041720;1;1;1;90;2;;1;12;2;;2;;2;;2;;2;;2;;2;;2;;52;12;52;207.16418509
6041720;1;2;1;90;2;;1;10;2;;2;;2;;2;;2;;2;;2;;2;;52;12;52;207.16418509
6041720;1;3;1;90;2;;1;4;2;;2;;2;;2;;2;;2;;2;;2;;52;12;52;207.16418509
6041722;1;1;1;90;2;;2;;2;;2;;2;;2;;2;;2;;2;;2;;52;12;52;129.75692727
6041722;1;2;1;90;2;;1;4;2;;2;;2;;2;;2;;2;;2;;2;;52;12;52;129.75692727
6041722;1;3;1;90;2;;1;23;2;;2;;1;10;2;;2;;2;;2;;2;;52;12;52;129.75692727
6041723;1;1;1;90;1;3;1;24;2;;2;;2;;2;;2;;2;;2;;2;;52;12;52;207.43179424
6041725;1;1;1;90;2;;1;8;2;;2;;2;;2;;2;;2;;2;;2;;52;12;52;400.72915076
6041725;1;2;1;90;2;;1;24;2;;1;5;2;;2;;2;;2;;2;;2;;52;12;52;400.72915076
6041725;1;3;1;90;2;;1;9;2;;2;;2;;2;;2;;2;;2;;2;;52;12;52;400.72915076
6041725;1;4;1;90;2;;1;12;2;;1;16;2;;2;;2;;2;;2;;2;;52;12;52;400.72915076
6041725;1;6;1;90;2;;1;20;2;;1;22;2;;2;;2;;2;;2;;2;;52;12;52;400.72915076
6041725;1;7;1;90;2;;1;2;2;;1;5;2;;2;;2;;2;;2;;2;;52;12;52;400.72915076
6041725;1;8;1;90;2;;2;;2;;2;;2;;2;;2;;2;;2;;2;;52;12;52;400.72915076
6041725;1;10;1;90;2;;1;24;2;;2;;2;;2;;2;;2;;2;;2;;52;12;52;400.72915076
6041725;1;11;1;90;2;;1;12;2;;2;;2;;2;;2;;2;;2;;2;;52;12;52;400.72915076
6041726;1;1;1;90;2;;2;;2;;2;;2;;2;;2;;2;;2;;2;;52;12;52;160.37833506
6041726;1;2;1;90;2;;1;48;2;;2;;2;;2;;2;;2;;2;;2;;52;12;52;160.37833506
6041727;1;1;1;90;2;;1;20;2;;2;;2;;2;;2;;2;;2;;2;;52;12;52;315.90988866
6041727;1;2;1;90;2;;2;;2;;2;;2;;2;;2;;2;;2;;2;;52;12;52;315.90988866
6041727;1;3;1;90;2;;1;25;2;;1;25;2;;2;;2;;2;;2;;2;;52;12;52;315.90988866
6041727;1;4;1;90;2;;1;12;2;;1;7;2;;2;;2;;2;;2;;2;;52;12;52;315.90988866
6041727;1;5;1;90;2;;1;4;2;;2;;2;;2;;2;;2;;2;;2;;52;12;52;315.90988866
6041727;1;7;1;90;2;;1;30;2;;2;;2;;2;;2;;2;;2;;2;;52;12;52;315.90988866
6041727;1;8;1;90;2;;2;;2;;2;;2;;2;;2;;2;;2;;2;;52;12;52;315.90988866
6041728;1;1;1;90;2;;1;12;2;;1;12;2;;2;;2;;2;;2;;2;;52;12;52;328.77917371
6041728;1;2;1;90;2;;1;24;2;;1;24;2;;2;;1;24;2;;2;;2;;52;12;52;328.77917371
6041729;1;1;1;90;2;;1;36;2;;1;18;2;;2;;2;;2;;2;;2;;52;12;52;239.97656165
6041729;1;2;1;90;2;;1;2;2;;1;6;2;;2;;2;;2;;2;;2;;52;12;52;239.97656165
6041730;1;1;1;90;2;;1;4;2;;2;;2;;2;;2;;2;;2;;2;;52;12;52;364.66464219
6041730;1;2;1;90;2;;1;35;2;;2;;2;;2;;2;;2;;2;;2;;52;12;52;364.66464219
6041730;1;3;1;90;2;;1;21;2;;1;65;2;;2;;2;;2;;2;;2;;52;12;52;364.66464219
6041730;1;4;1;90;2;;1;14;2;;2;;2;;2;;2;;2;;2;;2;;52;12;52;364.66464219
6041731;1;1;1;90;2;;1;4;2;;2;;2;;2;;2;;2;;2;;2;;52;12;52;272.43482832
6041731;1;2;1;90;2;;1;27;2;;1;6;2;;2;;2;;2;;2;;2;;52;12;52;272.43482832
6041731;1;3;1;90;2;;1;15;2;;2;;2;;2;;2;;2;;2;;2;;52;12;52;272.43482832
6041731;1;4;1;90;2;;1;7;2;;2;;2;;2;;2;;2;;2;;2;;52;12;52;272.43482832
6041732;1;1;1;90;2;;1;14;2;;2;;1;21;2;;2;;2;;2;;2;;52;12;52;129.75692727
6041732;1;2;1;90;2;;2;;2;;2;;2;;2;;2;;2;;2;;2;;52;12;52;129.75692727
6041732;1;3;1;90;2;;1;7;2;;2;;2;;2;;2;;2;;2;;2;;52;12;52;129.75692727
6041732;1;4;1;90;2;;1;14;2;;2;;1;14;2;;2;;2;;2;;2;;52;12;52;129.75692727
6041734;1;1;1;90;2;;1;10;2;;2;;2;;2;;2;;2;;2;;2;;52;12;52;160.37833506
6041734;1;2;1;90;2;;1;25;2;;2;;2;;2;;2;;2;;2;;2;;52;12;52;160.37833506
6041735;1;1;1;90;2;;1;4;2;;1;5;2;;2;;2;;2;;2;;2;;52;12;52;393.96331621
6041735;1;2;1;90;2;;1;30;2;;1;4;2;;2;;2;;2;;2;;2;;52;12;52;393.96331621
6041735;1;3;1;90;2;;1;15;2;;1;7;2;;2;;2;;2;;2;;2;;52;12;52;393.96331621
6041735;1;4;1;90;2;;1;28;2;;1;35;2;;2;;2;;2;;2;;2;;52;12;52;393.96331621
6041736;1;1;1;90;2;;2;;2;;2;;2;;2;;2;;2;;2;;2;;52;12;52;328.64536914
6041736;1;2;1;90;2;;1;32;2;;2;;2;;2;;2;;2;;2;;2;;52;12;52;328.64536914
6041736;1;3;1;90;2;;1;7;2;;2;;2;;2;;2;;2;;2;;2;;52;12;52;328.64536914
6041737;1;1;1;90;2;;1;24;2;;2;;2;;2;;2;;2;;2;;2;;52;12;52;239.84275708
6041737;1;2;1;90;2;;1;24;2;;2;;2;;2;;2;;2;;2;;2;;52;12;52;239.84275708
6041737;1;3;1;90;2;;2;;2;;2;;2;;2;;2;;2;;2;;2;;52;12;52;239.84275708
6041738;1;1;1;90;2;;1;7;2;;2;;2;;2;;2;;2;;2;;2;;52;12;52;189.62970525
6041738;1;2;1;90;2;;1;28;2;;2;;2;;2;;2;;2;;2;;2;;52;12;52;189.62970525
6041740;1;1;1;90;2;;1;16;2;;2;;1;10;2;;2;;2;;2;;2;;52;12;52;129.75692727
6041740;1;2;1;90;2;;1;4;2;;2;;2;;2;;2;;2;;2;;2;;52;12;52;129.75692727
6041740;1;3;1;90;2;;1;28;2;;2;;1;20;2;;2;;2;;2;;2;;52;12;52;129.75692727
6041741;1;1;1;90;2;;1;10;2;;2;;2;;2;;2;;2;;2;;2;;52;12;52;262.80725176
6041744;1;1;1;90;2;;2;;2;;2;;2;;2;;2;;1;48;2;;2;;52;12;52;225.4678699
6041744;1;2;1;90;2;;1;28;2;;2;;2;;2;;2;;2;;2;;2;;52;12;52;225.4678699
6041744;1;3;1;90;2;;1;21;2;;2;;2;;2;;2;;2;;2;;2;;52;12;52;225.4678699
6041744;1;4;1;90;2;;2;;2;;2;;2;;2;;2;;2;;2;;2;;52;12;52;225.4678699
6041745;1;1;1;90;2;;1;21;2;;2;;2;;2;;2;;2;;2;;2;;52;12;52;157.08493783
6041746;1;1;1;90;2;;1;7;2;;2;;2;;2;;2;;2;;2;;2;;52;12;52;239.7089525
6041746;1;2;1;90;2;;1;50;2;;2;;2;;2;;2;;2;;2;;2;;52;12;52;239.7089525
6041746;1;3;1;90;2;;1;3;2;;2;;2;;2;;2;;2;;2;;2;;52;12;52;239.7089525
6041746;1;4;1;90;2;;1;3;2;;2;;2;;2;;2;;2;;2;;2;;52;12;52;239.7089525
6041747;1;1;1;90;2;;2;;2;;2;;2;;2;;1;2;2;;2;;2;;52;12;52;272.5686329
6041747;1;2;1;90;2;;1;10;2;;2;;2;;2;;1;10;2;;2;;2;;52;12;52;272.5686329
6041747;1;3;1;90;2;;1;2;2;;2;;2;;2;;2;;2;;2;;2;;52;12;52;272.5686329
6041749;1;1;1;90;2;;2;;2;;2;;2;;2;;2;;2;;2;;2;;52;12;52;160.37833506
6041749;1;2;1;90;2;;1;30;2;;2;;2;;2;;2;;2;;2;;2;;52;12;52;160.37833506
6041750;1;1;1;90;2;;2;;2;;2;;2;;2;;2;;2;;2;;2;;52;12;52;272.43482832
6041750;1;2;1;90;2;;1;20;2;;2;;2;;2;;2;;2;;2;;2;;52;12;52;272.43482832
6041750;1;3;1;90;2;;2;;2;;2;;2;;2;;2;;2;;2;;2;;52;12;52;272.43482832
6041750;1;4;1;90;2;;1;5;2;;2;;2;;2;;2;;2;;2;;2;;52;12;52;272.43482832
6041751;1;1;1;90;2;;1;10;2;;2;;2;;2;;2;;2;;2;;2;;52;12;52;324.51688862
6041751;1;2;1;90;2;;1;3;2;;2;;2;;2;;2;;2;;2;;2;;52;12;52;324.51688862
6041751;1;3;1;90;2;;1;10;2;;2;;2;;2;;2;;2;;2;;2;;52;12;52;324.51688862
6041752;1;1;1;90;2;;1;14;2;;2;;2;;2;;2;;2;;2;;2;;52;12;52;129.75692727
6041752;1;2;1;90;2;;1;28;2;;2;;2;;2;;2;;2;;2;;2;;52;12;52;129.75692727
6041752;1;3;1;90;2;;2;;2;;2;;2;;2;;2;;2;;2;;2;;52;12;52;129.75692727
6041752;1;4;1;90;2;;1;7;2;;2;;2;;2;;2;;2;;2;;2;;52;12;52;129.75692727
6041753;1;1;1;90;2;;1;7;2;;1;14;2;;2;;2;;2;;2;;2;;52;12;52;328.77917371
6041753;1;2;1;90;2;;1;21;2;;2;;2;;2;;2;;2;;2;;2;;52;12;52;328.77917371
6041754;1;1;1;90;2;;1;32;2;;2;;2;;2;;2;;2;;2;;2;;52;12;52;137.54764495
6041754;1;2;1;90;2;;1;7;2;;2;;2;;2;;2;;2;;2;;2;;52;12;52;137.54764495
6041754;1;3;1;90;2;;2;;2;;2;;2;;2;;2;;2;;2;;2;;52;12;52;137.54764495
6041755;1;1;1;90;2;;2;;2;;2;;2;;2;;2;;2;;2;;2;;52;12;52;129.75692727
6041755;1;2;1;90;2;;2;;2;;2;;2;;2;;2;;2;;2;;2;;52;12;52;129.75692727
6041755;1;3;1;90;2;;1;35;2;;1;15;1;14;2;;2;;2;;2;;2;;52;12;52;129.75692727
6041756;1;1;1;90;2;;1;25;2;;2;;2;;2;;2;;2;;2;;2;;52;12;52;157.08493783
6041757;1;1;1;90;2;;1;24;2;;2;;2;;2;;2;;2;;2;;2;;52;12;52;129.75692727
6041757;1;2;1;90;2;;1;30;2;;2;;2;;2;;2;;2;;2;;2;;52;12;52;129.75692727
6041757;1;3;1;90;2;;2;;2;;2;;2;;2;;2;;2;;2;;2;;52;12;52;129.75692727
6041757;1;4;1;90;2;;2;;2;;2;;2;;2;;2;;2;;2;;2;;52;12;52;129.75692727
6041758;1;1;1;90;2;;1;25;2;;2;;2;;2;;2;;2;;2;;2;;52;12;52;170.1397162
6041758;1;2;1;90;2;;1;3;2;;2;;2;;2;;2;;2;;2;;2;;52;12;52;170.1397162
6041758;1;3;1;90;2;;1;24;2;;2;;1;3;2;;2;;2;;2;;2;;52;12;52;170.1397162
6041758;1;4;1;90;2;;1;3;2;;2;;2;;2;;2;;2;;2;;2;;52;12;52;170.1397162
6041760;1;1;1;90;2;;2;;2;;2;;2;;2;;1;1;2;;2;;2;;52;12;52;239.84275708
6041760;1;2;1;90;2;;1;30;2;;2;;2;;2;;2;;2;;2;;2;;52;12;52;239.84275708
6041760;1;3;1;90;2;;1;2;2;;2;;2;;2;;2;;2;;2;;2;;52;12;52;239.84275708
6041762;1;1;1;90;2;;1;4;2;;1;7;2;;2;;2;;2;;2;;2;;52;12;52;396.94345415
6041762;1;2;1;90;2;;1;30;2;;1;30;2;;2;;2;;2;;2;;2;;52;12;52;396.94345415
6041762;1;3;1;90;2;;2;;2;;2;;2;;2;;2;;2;;2;;2;;52;12;52;396.94345415
6041763;1;1;1;90;2;;1;36;2;;2;;1;35;2;;2;;2;;2;;2;;52;12;52;129.75692727
6041763;1;2;1;90;2;;2;;2;;2;;2;;2;;2;;2;;2;;2;;52;12;52;129.75692727
6041764;1;1;1;90;2;;1;4;2;;2;;2;;2;;2;;2;;2;;2;;52;12;52;129.75692727
6041764;1;2;1;90;2;;1;24;2;;2;;2;;2;;2;;2;;2;;2;;52;12;52;129.75692727
6041764;1;3;1;90;2;;1;10;2;;2;;2;;2;;2;;2;;2;;2;;52;12;52;129.75692727
6041764;1;4;1;90;2;;1;40;2;;2;;2;;2;;2;;2;;2;;2;;52;12;52;129.75692727
6041764;1;5;1;90;2;;2;;2;;2;;2;;2;;2;;2;;2;;2;;52;12;52;129.75692727
6041764;1;6;1;90;2;;1;4;2;;2;;2;;2;;2;;2;;2;;2;;52;12;52;129.75692727
6041764;1;7;1;90;2;;2;;2;;2;;2;;2;;2;;2;;2;;2;;52;12;52;129.75692727
6041765;1;1;1;90;2;;1;30;2;;2;;2;;2;;2;;2;;2;;2;;52;12;52;157.08493783
6041766;1;1;1;90;2;;2;;2;;2;;2;;2;;2;;2;;2;;2;;52;12;52;275.90933396
6041766;1;2;1;90;2;;1;10;2;;2;;2;;2;;2;;2;;2;;2;;52;12;52;275.90933396
6041766;1;3;1;90;2;;2;;2;;2;;2;;2;;1;10;2;;2;;2;;52;12;52;275.90933396
6041766;1;4;1;90;2;;2;;2;;2;;2;;2;;2;;2;;2;;2;;52;12;52;275.90933396
6041767;1;1;1;90;2;;2;;2;;1;20;2;;2;;2;;2;;2;;2;;52;12;52;361.37124496
6041767;1;2;1;90;2;;1;16;2;;1;20;2;;2;;2;;2;;2;;2;;52;12;52;361.37124496
6041767;1;3;1;90;2;;1;1;2;;2;;2;;2;;2;;2;;2;;2;;52;12;52;361.37124496
6041769;1;1;1;90;2;;1;4;2;;1;14;2;;2;;2;;2;;2;;2;;52;12;52;197.09888683
6041769;1;3;1;90;2;;2;;2;;2;;2;;2;;2;;2;;2;;2;;52;12;52;197.09888683
6041769;1;4;1;90;2;;1;14;2;;1;14;2;;2;;2;;2;;2;;2;;52;12;52;197.09888683
6041770;1;1;1;90;2;;1;4;2;;2;;2;;2;;2;;2;;2;;2;;52;12;52;262.80725176
6041771;1;1;1;90;2;;1;2;2;;1;20;2;;2;;2;;2;;2;;2;;52;12;52;272.5686329
6041771;1;2;1;90;2;;1;4;2;;1;10;2;;2;;2;;2;;2;;2;;52;12;52;272.5686329
6041771;1;3;1;90;2;;2;;2;;2;;2;;2;;1;2;2;;2;;2;;52;12;52;272.5686329
6041773;1;1;1;90;2;;1;21;2;;2;;2;;2;;2;;2;;2;;2;;52;12;52;129.75692727
6041773;1;2;1;90;2;;1;35;2;;2;;2;;2;;2;;2;;2;;2;;52;12;52;129.75692727
6041773;1;3;1;90;2;;1;2;2;;2;;2;;2;;2;;2;;2;;2;;52;12;52;129.75692727
6041774;1;1;1;90;2;;1;14;2;;2;;2;;2;;2;;2;;2;;2;;52;12;52;262.80725176
6041775;1;1;1;90;2;;2;;2;;2;;2;;2;;2;;2;;2;;2;;52;12;52;192.92310248
6041775;1;2;1;90;2;;1;20;2;;2;;2;;2;;2;;2;;2;;2;;52;12;52;192.92310248
6041775;1;3;1;90;2;;2;;2;;2;;2;;2;;2;;2;;2;;2;;52;12;52;192.92310248
6041776;1;1;1;90;2;;1;14;2;;2;;2;;2;;2;;2;;2;;2;;52;12;52;129.75692727
6041776;1;2;1;90;2;;1;14;2;;2;;2;;2;;2;;2;;2;;2;;52;12;52;129.75692727
6041779;1;1;1;90;2;;1;14;2;;2;;2;;2;;2;;2;;2;;2;;52;12;52;192.92310248
6041779;1;2;1;90;2;;1;8;2;;2;;2;;2;;2;;2;;2;;2;;52;12;52;192.92310248
6041779;1;3;1;90;2;;1;3;2;;2;;1;10;2;;2;;2;;2;;2;;52;12;52;192.92310248
6041780;1;1;1;90;2;;1;15;2;;2;;2;;2;;2;;2;;2;;2;;52;12;52;262.80725176
6041781;1;1;1;90;2;;1;14;2;;1;28;2;;2;;2;;2;;2;;2;;52;12;52;364.35138291
6041781;1;2;1;90;2;;1;3;2;;1;16;2;;2;;2;;2;;2;;2;;52;12;52;364.35138291
6041784;1;1;1;90;2;;1;26;1;20;2;;1;40;2;;2;;2;;2;;2;;52;12;52;207.43179424
6041785;1;1;1;90;2;;2;;2;;2;;2;;2;;2;;2;;2;;2;;52;12;52;292.05862195
6041786;1;1;1;90;2;;1;6;2;;2;;2;;2;;2;;2;;2;;2;;52;12;52;292.05862195
6041787;1;1;1;90;2;;2;;2;;1;4;2;;2;;2;;2;;2;;2;;52;12;52;311.02438856
6041787;1;2;1;90;2;;1;15;2;;1;3;2;;2;;2;;2;;2;;2;;52;12;52;311.02438856
6041787;1;3;1;90;2;;1;25;2;;1;20;2;;2;;2;;2;;2;;2;;52;12;52;311.02438856
6041788;1;1;1;90;2;;1;7;2;;2;;2;;2;;2;;2;;2;;2;;52;12;52;272.43482832
6041788;1;2;1;90;2;;1;28;2;;2;;2;;2;;2;;2;;2;;2;;52;12;52;272.43482832
6041788;1;3;1;90;2;;2;;2;;2;;2;;2;;2;;2;;2;;2;;52;12;52;272.43482832
6041788;1;4;1;90;2;;2;;2;;2;;2;;2;;2;;2;;2;;2;;52;12;52;272.43482832
6041789;1;1;1;90;2;;2;;2;;2;;2;;2;;2;;2;;2;;2;;52;12;52;262.80725176
6041790;1;1;1;90;2;;1;14;2;;2;;2;;2;;2;;2;;2;;2;;52;12;52;272.5686329
6041790;1;2;1;90;2;;1;21;2;;2;;2;;2;;2;;2;;2;;2;;52;12;52;272.5686329
6041790;1;3;1;90;2;;1;21;2;;2;;2;;2;;2;;2;;2;;2;;52;12;52;272.5686329
6041791;1;1;1;90;2;;1;7;2;;2;;2;;2;;2;;2;;2;;2;;52;12;52;157.08493783
6041792;1;1;1;90;2;;1;30;2;;1;30;2;;2;;2;;2;;2;;2;;52;12;52;387.18207302
6041793;1;1;1;90;2;;1;3;2;;1;16;2;;2;;2;;2;;2;;2;;52;12;52;505.28335909
6041794;1;1;1;90;2;;1;20;2;;2;;2;;2;;2;;2;;2;;2;;52;12;52;157.08493783
6041795;1;1;1;90;2;;1;15;2;;1;20;2;;2;;2;;2;;2;;2;;52;12;52;456.18143674
6041796;1;1;1;90;2;;2;;2;;2;;2;;2;;2;;2;;2;;2;;52;12;52;207.29798966
6041796;1;2;1;90;2;;1;30;2;;2;;2;;2;;2;;2;;2;;2;;52;12;52;207.29798966
6041797;1;1;1;90;2;;1;4;2;;2;;2;;2;;2;;2;;2;;2;;52;12;52;292.05862195
6041798;1;1;1;90;2;;1;10;2;;2;;2;;2;;2;;2;;2;;2;;52;12;52;229.64365425
6041798;1;2;1;90;2;;1;28;2;;2;;2;;2;;2;;2;;2;;2;;52;12;52;229.64365425
6041798;1;3;1;90;2;;1;3;2;;2;;2;;2;;2;;2;;2;;2;;52;12;52;229.64365425
6041798;1;4;1;90;2;;1;26;2;;2;;2;;2;;2;;2;;2;;2;;52;12;52;229.64365425
6041799;1;1;1;90;2;;1;14;2;;2;;2;;2;;2;;2;;2;;2;;52;12;52;157.08493783
6041800;1;1;1;90;2;;2;;2;;2;;2;;2;;2;;2;;2;;2;;52;12;52;305.16070414
6041800;1;2;1;90;2;;1;24;2;;2;;2;;2;;2;;2;;2;;2;;52;12;52;305.16070414
6041800;1;3;1;90;2;;1;28;2;;2;;2;;2;;2;;2;;2;;2;;52;12;52;305.16070414
6041800;1;4;1;90;2;;1;4;2;;2;;2;;2;;1;30;2;;2;;2;;52;12;52;305.16070414
6041802;1;1;1;90;2;;1;7;2;;2;;2;;2;;2;;2;;2;;2;;52;12;52;189.62970525
6041802;1;2;1;90;2;;1;20;2;;2;;2;;2;;2;;2;;2;;2;;52;12;52;189.62970525
6041803;1;1;1;90;2;;1;25;2;;1;45;2;;2;;2;;2;;2;;2;;52;12;52;361.23744039
6041803;1;2;1;90;2;;2;;2;;2;;2;;2;;2;;2;;2;;2;;52;12;52;361.23744039
6041803;1;4;1;90;2;;2;;2;;2;;2;;2;;2;;2;;2;;2;;52;12;52;361.23744039
6041803;1;5;1;90;2;;1;12;2;;2;;2;;2;;2;;2;;2;;2;;52;12;52;361.23744039
6041804;1;1;1;90;2;;1;14;2;;2;;2;;2;;2;;2;;2;;2;;52;12;52;226.35025701
6041804;1;2;1;90;2;;1;14;2;;1;14;2;;2;;2;;2;;2;;2;;52;12;52;226.35025701
6041804;1;4;1;90;2;;1;28;2;;1;21;2;;2;;2;;2;;2;;2;;52;12;52;226.35025701
6041807;1;1;1;90;2;;1;10;2;;2;;2;;2;;2;;2;;2;;2;;52;12;52;225.4678699
6041807;1;2;1;90;2;;1;28;2;;2;;2;;2;;2;;2;;2;;2;;52;12;52;225.4678699
6041807;1;3;1;90;2;;1;8;2;;2;;2;;2;;2;;2;;2;;2;;52;12;52;225.4678699
6041807;1;4;1;90;2;;1;4;2;;2;;2;;2;;2;;2;;2;;2;;52;12;52;225.4678699
6041808;1;1;1;90;2;;2;;2;;2;;2;;2;;2;;2;;2;;2;;52;12;52;160.37833506
6041808;1;2;1;90;2;;1;35;2;;2;;2;;2;;2;;2;;2;;2;;52;12;52;160.37833506
6041809;1;1;1;90;2;;1;30;2;;1;8;2;;2;;2;;2;;2;;2;;52;12;52;261.92246621
6041809;1;2;1;90;2;;2;;2;;2;;2;;2;;2;;2;;2;;2;;52;12;52;261.92246621
6041809;1;3;1;90;2;;1;15;2;;1;40;2;;2;;2;;2;;2;;2;;52;12;52;261.92246621
6041810;1;1;1;90;2;;2;;2;;2;;2;;2;;2;;2;;2;;1;2;52;12;52;243.18345814
6041810;1;2;1;90;2;;1;21;2;;2;;2;;2;;2;;2;;2;;2;;52;12;52;243.18345814
6041810;1;3;1;90;2;;1;8;2;;2;;2;;2;;2;;2;;2;;2;;52;12;52;243.18345814
6041810;1;4;1;90;2;;1;14;2;;2;;2;;2;;2;;2;;2;;2;;52;12;52;243.18345814
6041811;1;1;1;90;2;;1;7;2;;2;;2;;2;;2;;2;;2;;2;;52;12;52;160.37833506
6041811;1;2;1;90;2;;1;21;2;;2;;2;;2;;2;;2;;2;;2;;52;12;52;160.37833506
6041812;1;1;1;90;2;;1;15;2;;2;;2;;1;4;2;;2;;2;;1;4;52;12;52;129.75692727
6041812;1;2;1;90;2;;1;10;2;;2;;2;;2;;2;;2;;2;;2;;52;12;52;129.75692727
6041812;1;3;1;90;2;;1;8;2;;2;;2;;2;;2;;2;;2;;2;;52;12;52;129.75692727
6041812;1;4;1;90;2;;1;1;2;;2;;2;;2;;2;;2;;2;;2;;52;12;52;129.75692727
6041813;1;1;1;90;2;;1;5;2;;1;7;2;;2;;2;;2;;2;;2;;52;12;52;361.37124496
6041813;1;2;1;90;2;;1;30;2;;1;20;2;;2;;2;;2;;2;;2;;52;12;52;361.37124496
6041813;1;3;1;90;2;;1;10;2;;1;10;2;;2;;2;;2;;2;;2;;52;12;52;361.37124496
6041814;1;1;1;90;2;;1;50;2;;2;;2;;2;;2;;2;;2;;2;;52;12;52;129.75692727
6041814;1;2;1;90;2;;1;10;2;;2;;2;;2;;2;;2;;2;;2;;52;12;52;129.75692727
6041814;1;3;1;90;2;;1;7;2;;2;;2;;2;;2;;2;;2;;2;;52;12;52;129.75692727
6041814;1;4;1;90;2;;1;10;2;;2;;2;;2;;2;;2;;2;;2;;52;12;52;129.75692727
6041814;1;5;1;90;2;;2;;2;;2;;2;;2;;2;;2;;2;;2;;52;12;52;129.75692727
6041814;1;6;1;90;2;;1;10;2;;2;;2;;2;;2;;2;;2;;2;;52;12;52;129.75692727
6041815;1;1;1;90;2;;2;;2;;2;;2;;2;;2;;2;;2;;2;;52;12;52;213.13380314
6041815;1;2;1;90;2;;1;20;2;;1;20;2;;2;;2;;2;;2;;2;;52;12;52;213.13380314
6041815;1;3;1;90;2;;1;6;2;;2;;2;;2;;1;10;2;;2;;2;;52;12;52;213.13380314
6041815;1;4;1;90;2;;1;25;2;;1;25;2;;2;;2;;2;;2;;2;;52;12;52;213.13380314
6041815;1;6;1;90;2;;2;;2;;2;;2;;2;;2;;2;;2;;2;;52;12;52;213.13380314
6041816;1;1;1;90;1;2;1;25;2;;2;;2;;2;;2;;2;;2;;2;;52;12;52;192.78929791
6041816;1;2;1;90;2;;1;3;2;;2;;2;;2;;2;;2;;2;;2;;52;12;52;192.78929791
6041816;1;3;1;90;2;;1;3;2;;2;;2;;2;;2;;2;;2;;2;;52;12;52;192.78929791
6041816;1;4;1;90;2;;2;;2;;2;;2;;2;;2;;2;;2;;2;;52;12;52;192.78929791
6041817;1;1;1;90;2;;2;;2;;2;;2;;2;;2;;2;;2;;2;;52;12;52;222.22177649
6041817;1;2;1;90;2;;1;32;2;;2;;2;;2;;2;;2;;2;;2;;52;12;52;222.22177649
6041817;1;3;1;90;2;;1;4;2;;2;;2;;2;;2;;2;;2;;2;;52;12;52;222.22177649
6041818;1;1;1;90;2;;1;12;2;;2;;2;;2;;2;;2;;2;;2;;52;12;52;207.03038051
6041818;1;2;1;90;2;;1;5;2;;2;;2;;2;;2;;2;;2;;2;;52;12;52;207.03038051
6041818;1;3;1;90;2;;1;16;2;;2;;2;;2;;2;;2;;2;;2;;52;12;52;207.03038051
6041818;1;4;1;90;2;;1;7;2;;2;;2;;2;;2;;2;;2;;2;;52;12;52;207.03038051
6041819;1;1;1;90;2;;1;14;2;;2;;2;;2;;2;;2;;2;;2;;52;12;52;155.34973394
6041819;1;2;1;90;2;;1;6;2;;2;;2;;2;;2;;2;;2;;2;;52;12;52;155.34973394
6041820;1;1;1;90;2;;1;4;2;;2;;2;;2;;2;;2;;2;;2;;52;12;52;160.24453049
6041820;1;2;1;90;2;;1;10;2;;2;;2;;2;;2;;2;;2;;2;;52;12;52;160.24453049
6041820;1;3;1;90;2;;1;2;2;;2;;2;;2;;2;;2;;2;;2;;52;12;52;160.24453049
6041821;1;1;1;90;2;;1;3;2;;2;;2;;2;;2;;2;;2;;2;;52;12;52;140.70723761
6041821;1;2;1;90;2;;1;25;2;;2;;2;;2;;2;;2;;2;;2;;52;12;52;140.70723761
6041821;1;3;1;90;2;;2;;2;;2;;2;;2;;2;;2;;2;;2;;52;12;52;140.70723761
6041821;1;4;1;90;2;;2;;2;;2;;2;;2;;2;;2;;2;;2;;52;12;52;140.70723761
6041821;1;5;1;90;2;;1;4;2;;2;;2;;2;;2;;2;;2;;2;;52;12;52;140.70723761
6041822;1;1;1;90;2;;1;14;2;;2;;2;;2;;2;;2;;2;;2;;52;12;52;129.75692727
6041822;1;2;1;90;2;;2;;2;;2;;2;;2;;2;;2;;2;;2;;52;12;52;129.75692727
6041822;1;3;1;90;2;;1;21;2;;2;;2;;2;;1;14;2;;2;;1;2;52;12;52;129.75692727
6041822;1;4;1;90;2;;2;;2;;2;;2;;2;;2;;2;;2;;2;;52;12;52;129.75692727
6041822;1;5;1;90;2;;1;14;2;;2;;2;;2;;2;;2;;2;;2;;52;12;52;129.75692727
6041823;1;1;1;90;2;;1;10;2;;2;;2;;2;;2;;2;;2;;2;;52;12;52;207.43179424
6041824;1;1;1;90;2;;1;21;2;;2;;2;;2;;2;;2;;2;;2;;52;12;52;189.62970525
6041824;1;2;1;90;2;;1;7;2;;2;;2;;2;;2;;2;;2;;2;;52;12;52;189.62970525
6041825;1;1;1;90;2;;1;35;2;;2;;2;;2;;2;;2;;2;;2;;52;12;52;157.08493783
6041826;1;1;1;90;2;;2;;2;;2;;2;;2;;2;;2;;2;;2;;52;12;52;191.23520242
6041826;1;2;1;90;2;;1;42;2;;2;;2;;2;;2;;2;;2;;2;;52;12;52;191.23520242
6041826;1;3;1;90;2;;2;;2;;2;;2;;2;;2;;2;;2;;2;;52;12;52;191.23520242
6041826;1;4;1;90;2;;1;7;2;;2;;2;;2;;2;;2;;2;;2;;52;12;52;191.23520242
6041827;1;1;1;90;2;;2;;2;;1;8;2;;2;;2;;2;;2;;2;;52;12;52;272.5686329
6041827;1;2;1;90;2;;1;24;2;;1;28;2;;2;;2;;2;;2;;2;;52;12;52;272.5686329
6041827;1;3;1;90;2;;1;7;2;;2;;2;;2;;2;;2;;2;;2;;52;12;52;272.5686329
6041828;1;1;1;90;2;;2;;2;;2;;2;;2;;2;;2;;2;;2;;52;12;52;129.75692727
6041828;1;2;1;90;2;;1;25;2;;2;;2;;2;;2;;2;;2;;2;;52;12;52;129.75692727
6041828;1;3;1;90;2;;2;;2;;2;;2;;2;;2;;2;;2;;2;;52;12;52;129.75692727
6041828;1;4;1;90;2;;2;;2;;2;;1;10;2;;2;;2;;2;;2;;52;12;52;129.75692727
6041828;1;5;1;90;2;;1;30;2;;1;16;1;6;2;;2;;2;;2;;2;;52;12;52;129.75692727
6041828;1;6;1;90;2;;1;3;2;;1;3;2;;2;;2;;2;;2;;2;;52;12;52;129.75692727
6041829;1;1;1;90;2;;2;;2;;2;;2;;2;;2;;2;;2;;2;;52;12;52;160.37833506
6041829;1;2;1;90;2;;1;25;2;;2;;2;;2;;2;;2;;2;;2;;52;12;52;160.37833506
6041830;1;1;1;90;2;;1;35;2;;2;;2;;2;;2;;2;;2;;2;;52;12;52;129.75692727
6041830;1;2;1;90;2;;1;36;2;;2;;2;;2;;2;;2;;2;;2;;52;12;52;129.75692727
6041831;1;1;1;90;2;;1;16;2;;2;;2;;2;;2;;2;;2;;2;;52;12;52;239.89006091
6041831;1;2;1;90;2;;1;8;2;;2;;2;;2;;2;;2;;2;;2;;52;12;52;239.89006091
6041831;1;3;1;90;2;;2;;2;;2;;2;;2;;2;;2;;2;;2;;52;12;52;239.89006091
6041832;1;1;1;90;2;;1;20;2;;2;;2;;2;;2;;2;;2;;2;;52;12;52;189.67700908
6041832;1;2;1;90;2;;1;12;2;;2;;2;;2;;2;;2;;2;;2;;52;12;52;189.67700908
6041833;1;1;1;90;2;;1;10;2;;2;;2;;2;;2;;2;;2;;2;;52;12;52;189.62970525
6041833;1;2;1;90;2;;2;;2;;2;;2;;2;;2;;2;;2;;2;;52;12;52;189.62970525
6041834;1;1;1;90;2;;1;7;2;;2;;2;;2;;2;;2;;2;;2;;52;12;52;207.29798966
6041834;1;2;1;90;2;;1;12;2;;2;;2;;2;;2;;2;;2;;2;;52;12;52;207.29798966
6041835;1;1;1;90;2;;1;3;2;;2;;2;;2;;2;;2;;2;;2;;52;12;52;140.88834601
6041835;1;2;1;90;2;;1;24;2;;2;;2;;2;;2;;2;;2;;2;;52;12;52;140.88834601
6041835;1;3;1;90;2;;1;3;2;;2;;2;;2;;1;14;2;;2;;2;;52;12;52;140.88834601
6041835;1;4;1;90;2;;1;4;2;;2;;2;;2;;1;20;2;;2;;2;;52;12;52;140.88834601
6041836;1;1;1;90;2;;1;28;2;;2;;2;;2;;2;;2;;2;;2;;52;12;52;292.05862195
6041837;1;1;1;90;2;;1;25;2;;2;;2;;2;;2;;2;;2;;2;;52;12;52;189.62970525
6041837;1;2;1;90;2;;1;7;2;;2;;2;;2;;1;12;2;;2;;2;;52;12;52;189.62970525
6041838;1;1;1;90;2;;1;14;2;;2;;2;;2;;2;;2;;2;;2;;52;12;52;239.97656165
6041838;1;2;1;90;2;;1;28;2;;2;;2;;2;;2;;2;;2;;2;;52;12;52;239.97656165
6041839;1;1;1;90;2;;1;7;2;;2;;2;;2;;2;;2;;2;;2;;52;12;52;209.31858191
6041839;1;2;1;90;2;;1;24;2;;2;;2;;2;;2;;2;;2;;2;;52;12;52;209.31858191
6041839;1;3;1;90;2;;1;14;2;;2;;2;;2;;2;;2;;2;;2;;52;12;52;209.31858191
6041839;1;4;1;90;2;;1;7;2;;2;;2;;2;;2;;2;;2;;2;;52;12;52;209.31858191
6041839;1;5;1;90;2;;1;16;2;;2;;2;;2;;2;;2;;2;;2;;52;12;52;209.31858191
6041839;1;6;1;90;2;;1;5;2;;2;;2;;2;;2;;2;;2;;2;;52;12;52;209.31858191
6041839;1;7;1;90;2;;1;7;2;;2;;2;;2;;2;;2;;2;;2;;52;12;52;209.31858191
6041840;1;1;1;90;2;;1;7;2;;2;;2;;2;;2;;2;;2;;2;;52;12;52;453.15399497
6041840;1;2;1;90;2;;1;25;2;;1;40;2;;2;;2;;2;;2;;2;;52;12;52;453.15399497
6041841;1;1;1;90;2;;1;26;2;;2;;2;;2;;2;;2;;2;;2;;52;12;52;192.92310248
6041841;1;2;1;90;2;;1;4;2;;2;;1;10;2;;2;;2;;2;;2;;52;12;52;192.92310248
6041841;1;3;1;90;2;;1;3;2;;2;;1;4;2;;1;4;2;;2;;2;;52;12;52;192.92310248
6041842;1;1;1;90;2;;2;;2;;2;;2;;2;;2;;2;;2;;2;;52;12;52;361.37124496
6041842;1;2;1;90;2;;1;32;2;;2;;2;;2;;2;;2;;2;;2;;52;12;52;361.37124496
6041842;1;3;1;90;2;;1;3;2;;2;;2;;2;;2;;2;;2;;2;;52;12;52;361.37124496
6041844;1;1;1;90;2;;2;;2;;2;;2;;2;;2;;2;;2;;2;;52;12;52;272.5686329
6041844;1;2;1;90;2;;1;60;2;;2;;2;;2;;2;;2;;2;;2;;52;12;52;272.5686329
6041844;1;3;1;90;2;;1;7;2;;2;;2;;2;;2;;2;;2;;2;;52;12;52;272.5686329
6041845;1;1;1;90;2;;2;;2;;2;;2;;2;;2;;2;;2;;2;;52;12;52;196.21649971
6041845;1;2;1;90;2;;1;40;2;;2;;2;;2;;2;;2;;2;;2;;52;12;52;196.21649971
6041845;1;3;1;90;2;;2;;2;;2;;2;;2;;2;;2;;2;;2;;52;12;52;196.21649971
6041845;1;4;1;90;2;;2;;2;;2;;2;;2;;2;;2;;2;;2;;52;12;52;196.21649971
6041847;1;1;1;90;2;;1;24;2;;2;;2;;2;;2;;2;;2;;2;;52;12;52;262.80725176
6041848;1;1;1;90;2;;1;10;2;;2;;1;15;2;;2;;2;;2;;2;;52;12;52;129.75692727
6041848;1;2;1;90;2;;1;2;2;;2;;2;;2;;2;;2;;2;;2;;52;12;52;129.75692727
6041849;1;1;1;90;2;;1;30;2;;1;20;2;;2;;2;;2;;2;;2;;52;12;52;364.35138291
6041849;1;2;1;90;2;;2;;2;;1;14;2;;2;;2;;2;;2;;2;;52;12;52;364.35138291
6041850;1;1;1;90;2;;1;20;2;;2;;2;;2;;2;;2;;2;;2;;52;12;52;189.62970525
6041850;1;2;1;90;2;;2;;2;;2;;2;;2;;2;;2;;2;;2;;52;12;52;189.62970525
6041851;1;1;1;90;2;;1;7;2;;2;;2;;2;;2;;2;;2;;2;;52;12;52;239.84275708
6041851;1;2;1;90;2;;1;35;2;;2;;1;14;2;;2;;2;;2;;2;;52;12;52;239.84275708
6041851;1;3;1;90;2;;1;7;2;;2;;2;;2;;2;;2;;2;;2;;52;12;52;239.84275708
6041852;1;1;1;90;2;;1;21;2;;2;;2;;2;;2;;2;;2;;1;7;52;12;52;192.78929791
6041852;1;2;1;90;2;;1;40;2;;2;;2;;2;;2;;2;;2;;2;;52;12;52;192.78929791
6041852;1;3;1;90;2;;2;;2;;2;;2;;2;;2;;2;;2;;2;;52;12;52;192.78929791
6041852;1;4;1;90;2;;1;3;2;;2;;2;;2;;1;20;2;;2;;2;;52;12;52;192.78929791
6041853;1;1;1;90;2;;1;7;2;;2;;1;14;2;;2;;2;;2;;2;;52;12;52;210.1536652
6041853;1;2;1;90;2;;2;;2;;2;;2;;2;;2;;2;;2;;2;;52;12;52;210.1536652
6041853;1;3;1;90;2;;1;15;2;;1;20;2;;2;;2;;2;;2;;2;;52;12;52;210.1536652
6041853;1;4;1;90;2;;1;7;2;;1;5;1;5;2;;2;;2;;2;;2;;52;12;52;210.1536652
6041853;1;6;1;90;2;;2;;2;;2;;1;14;2;;2;;2;;2;;2;;52;12;52;210.1536652
6041853;1;7;1;90;2;;1;14;2;;2;;1;6;2;;2;;2;;2;;2;;52;12;52;210.1536652
6041854;1;1;1;90;2;;1;14;2;;2;;2;;2;;2;;2;;2;;2;;52;12;52;129.75692727
6041854;1;2;1;90;2;;1;35;2;;2;;2;;2;;2;;2;;2;;2;;52;12;52;129.75692727
6041855;1;1;1;90;2;;1;30;2;;2;;1;10;2;;2;;2;;2;;2;;52;12;52;189.62970525
6041855;1;2;1;90;2;;2;;2;;2;;2;;2;;2;;2;;2;;2;;52;12;52;189.62970525
6041856;1;1;1;90;1;2;1;10;2;;1;2;2;;2;;2;;2;;2;;2;;52;12;52;222.89518428
6041856;1;2;1;90;2;;2;;2;;2;;2;;2;;2;;2;;2;;2;;52;12;52;222.89518428
6041856;1;3;1;90;2;;1;4;2;;2;;2;;2;;2;;2;;2;;2;;52;12;52;222.89518428
6041856;1;4;1;90;2;;2;;2;;2;;2;;2;;2;;2;;2;;2;;52;12;52;222.89518428
6041856;1;5;1;90;2;;1;24;2;;1;3;2;;2;;2;;2;;2;;2;;52;12;52;222.89518428
6041856;1;6;1;90;2;;2;;2;;2;;2;;2;;2;;2;;2;;2;;52;12;52;222.89518428
6041856;1;7;1;90;2;;1;28;2;;1;35;2;;2;;2;;2;;1;2;2;;52;12;52;222.89518428
6041857;1;1;1;90;2;;2;;2;;1;12;2;;2;;2;;2;;2;;2;;52;12;52;364.21757833
6041857;1;2;1;90;2;;1;30;2;;1;30;2;;2;;2;;2;;2;;2;;52;12;52;364.21757833
6041857;1;3;1;90;2;;1;3;2;;1;4;2;;2;;2;;2;;2;;2;;52;12;52;364.21757833
6041858;1;1;1;90;2;;1;3;2;;1;5;2;;2;;2;;2;;2;;2;;52;12;52;364.21757833
6041858;1;2;1;90;2;;1;20;2;;1;24;2;;2;;2;;2;;2;;2;;52;12;52;364.21757833
6041858;1;3;1;90;2;;1;6;2;;1;8;2;;2;;2;;2;;2;;2;;52;12;52;364.21757833
6041859;1;1;1;90;2;;1;18;2;;1;34;2;;2;;2;;2;;2;;2;;52;12;52;296.2344063
6041860;1;1;1;90;2;;1;28;2;;2;;2;;2;;2;;2;;2;;2;;52;12;52;157.08493783
6041862;1;1;1;90;2;;1;14;2;;2;;2;;2;;2;;2;;2;;2;;52;12;52;207.29798966
6041862;1;2;1;90;2;;1;4;2;;2;;2;;2;;2;;2;;2;;2;;52;12;52;207.29798966
6041863;1;1;1;90;2;;1;14;2;;2;;2;;2;;2;;2;;2;;2;;52;12;52;210.59138689
6041863;1;2;1;90;2;;2;;2;;2;;1;24;2;;2;;2;;2;;2;;52;12;52;210.59138689
6041863;1;3;1;90;2;;1;7;2;;2;;2;;2;;1;6;2;;2;;2;;52;12;52;210.59138689
6041865;1;1;1;90;2;;1;28;2;;2;;2;;2;;2;;2;;2;;2;;54;12;54;544.55947108
6041866;1;1;1;90;2;;1;40;2;;2;;2;;2;;2;;2;;2;;2;;54;12;54;456.41976464
6041866;1;2;1;90;2;;1;24;2;;2;;2;;2;;2;;2;;2;;2;;54;12;54;456.41976464
6041866;1;3;1;90;2;;1;30;2;;2;;2;;2;;2;;2;;2;;2;;54;12;54;456.41976464
6041867;1;1;1;90;2;;2;;2;;2;;2;;2;;2;;2;;2;;2;;54;12;54;339.53176693
6041867;1;2;1;90;1;8;1;43;2;;2;;2;;2;;2;;2;;2;;2;;54;12;54;339.53176693
6041867;1;3;1;90;2;;1;15;2;;2;;2;;2;;2;;2;;2;;2;;54;12;54;339.53176693
6041868;1;1;1;90;2;;1;20;2;;2;;2;;2;;2;;2;;2;;2;;54;12;54;447.62854042
6041868;1;2;1;90;2;;2;;2;;2;;2;;2;;2;;2;;2;;2;;54;12;54;447.62854042
6041868;1;3;1;90;2;;2;;2;;2;;2;;2;;2;;2;;2;;2;;54;12;54;447.62854042
6041868;1;4;1;90;2;;1;18;2;;2;;2;;2;;2;;2;;2;;2;;54;12;54;447.62854042
6041868;1;5;1;90;2;;1;18;2;;2;;2;;2;;2;;2;;2;;2;;54;12;54;447.62854042
6041868;1;6;1;90;2;;1;15;2;;2;;2;;2;;2;;2;;2;;2;;54;12;54;447.62854042
6041869;1;1;1;90;2;;1;14;2;;2;;2;;2;;2;;2;;2;;2;;54;12;54;394.62679939
6041869;1;2;1;90;2;;1;24;2;;2;;2;;2;;2;;2;;2;;2;;54;12;54;394.62679939
6041870;1;1;1;90;2;;2;;2;;2;;2;;2;;2;;2;;2;;2;;54;12;54;520.17028025
6041870;1;2;1;90;2;;1;40;2;;1;18;2;;2;;2;;2;;2;;2;;54;12;54;520.17028025
6041871;1;1;1;90;2;;1;10;2;;2;;2;;2;;2;;2;;2;;2;;54;12;54;429.46249514
6041871;1;2;1;90;2;;1;21;2;;2;;2;;2;;2;;2;;2;;2;;54;12;54;429.46249514
6041871;1;3;1;90;2;;1;3;2;;2;;2;;2;;2;;2;;2;;2;;54;12;54;429.46249514
6041872;1;1;1;90;2;;1;12;2;;1;35;2;;2;;2;;2;;2;;2;;54;12;54;522.28338154
6041872;1;2;1;90;2;;1;1;2;;1;6;2;;2;;2;;2;;2;;2;;54;12;54;522.28338154
6041872;1;3;1;90;2;;1;1;2;;2;;2;;2;;2;;2;;2;;2;;54;12;54;522.28338154
6041872;1;5;1;90;2;;1;2;2;;2;;2;;2;;2;;2;;2;;2;;54;12;54;522.28338154
6041873;1;1;1;90;2;;2;;2;;2;;2;;2;;2;;2;;2;;2;;54;12;54;453.74145728
6041873;1;2;1;90;2;;1;45;2;;2;;2;;2;;2;;2;;2;;2;;54;12;54;453.74145728
6041873;1;3;1;90;2;;2;;2;;2;;2;;2;;2;;2;;2;;2;;54;12;54;453.74145728
6041874;1;1;1;90;2;;1;4;2;;1;2;2;;2;;2;;2;;2;;2;;54;12;54;503.65424057
6041874;1;2;1;90;2;;2;;2;;2;;2;;2;;2;;2;;2;;2;;54;12;54;503.65424057
6041874;1;3;1;90;2;;2;;2;;2;;2;;2;;2;;2;;2;;2;;54;12;54;503.65424057
6041875;1;1;1;90;2;;1;40;2;;2;;2;;2;;2;;2;;2;;2;;54;12;54;351.60846759
6041875;1;3;1;90;2;;2;;2;;2;;1;40;2;;2;;2;;2;;2;;54;12;54;351.60846759
6041876;1;1;1;90;2;;1;6;2;;2;;2;;2;;2;;2;;2;;2;;54;12;54;417.08922736
6041876;1;2;1;90;2;;1;38;2;;2;;2;;2;;2;;2;;2;;2;;54;12;54;417.08922736
6041877;1;1;1;90;2;;1;24;2;;2;;2;;2;;2;;2;;2;;2;;54;12;54;274.16123585
6041877;1;2;1;90;2;;1;40;2;;2;;1;30;2;;2;;2;;2;;2;;54;12;54;274.16123585
6041881;1;1;1;90;2;;1;36;2;;2;;2;;2;;2;;2;;2;;2;;54;12;54;431.81872299
6041881;1;2;1;90;2;;2;;2;;2;;2;;2;;2;;2;;2;;2;;54;12;54;431.81872299
6041881;1;3;1;90;2;;1;21;2;;2;;2;;2;;2;;2;;2;;2;;54;12;54;431.81872299
6041882;1;1;1;90;2;;1;20;2;;2;;2;;2;;2;;2;;2;;2;;54;12;54;417.08922736
6041882;1;2;1;90;2;;2;;2;;2;;2;;2;;2;;2;;2;;2;;54;12;54;417.08922736
6041883;1;1;1;90;2;;1;35;2;;1;18;2;;2;;2;;2;;2;;2;;54;12;54;405.2090454
6041884;1;1;1;90;2;;1;30;2;;2;;2;;2;;2;;2;;2;;2;;54;12;54;351.71869628
6041885;1;1;1;90;2;;2;;2;;2;;1;10;2;;2;;2;;2;;2;;54;12;54;467.00201065
6041885;1;2;1;90;2;;1;15;2;;2;;2;;2;;2;;2;;2;;2;;54;12;54;467.00201065
6041886;1;1;1;90;2;;1;35;2;;1;12;2;;2;;2;;2;;2;;2;;54;12;54;528.82718607
6041886;1;2;1;90;2;;1;2;2;;2;;2;;2;;2;;2;;2;;2;;54;12;54;528.82718607
6041888;1;1;1;90;2;;2;;2;;2;;2;;2;;2;;2;;2;;2;;54;12;54;586.35597666
6041888;1;2;1;90;2;;1;40;2;;1;18;1;16;2;;2;;2;;2;;2;;54;12;54;586.35597666
6041888;1;3;1;90;2;;1;8;2;;2;;2;;2;;2;;2;;2;;2;;54;12;54;586.35597666
6041890;1;1;1;90;2;;1;21;2;;2;;2;;2;;2;;2;;2;;2;;54;12;54;443.29495236
6041891;1;1;1;90;2;;1;21;2;;2;;2;;2;;2;;2;;2;;2;;54;12;54;540.41093583
6041891;1;2;1;90;2;;1;4;2;;2;;2;;2;;2;;2;;2;;2;;54;12;54;540.41093583
6041891;1;3;1;90;2;;1;3;2;;2;;2;;2;;2;;2;;2;;2;;54;12;54;540.41093583
6041891;1;4;1;90;2;;1;5;2;;1;14;2;;2;;2;;2;;2;;2;;54;12;54;540.41093583
6041893;1;1;1;90;2;;2;;2;;2;;2;;2;;2;;2;;2;;2;;54;12;54;479.37527843
6041893;1;2;1;90;2;;1;40;2;;2;;2;;2;;2;;2;;2;;2;;54;12;54;479.37527843
6041893;1;3;1;90;2;;2;;2;;2;;2;;2;;2;;2;;2;;2;;54;12;54;479.37527843
6041895;1;1;1;90;2;;1;42;2;;2;;2;;2;;2;;2;;2;;2;;54;12;54;464.1445801
6041895;1;2;1;90;2;;2;;2;;2;;2;;2;;2;;2;;2;;2;;54;12;54;464.1445801
6041895;1;3;1;90;2;;2;;2;;2;;2;;2;;2;;2;;2;;2;;54;12;54;464.1445801
6041895;1;4;1;90;2;;2;;2;;2;;2;;2;;2;;2;;2;;2;;54;12;54;464.1445801
6041895;1;6;1;90;2;;1;28;2;;2;;2;;2;;2;;2;;2;;2;;54;12;54;464.1445801
6041896;1;1;1;90;2;;1;2;2;;2;;2;;2;;2;;2;;2;;2;;54;12;54;544.55947108
6041898;1;1;1;90;2;;2;;2;;2;;2;;2;;2;;2;;2;;2;;54;12;54;479.37527843
6041898;1;2;1;90;2;;1;42;2;;2;;2;;2;;2;;2;;2;;2;;54;12;54;479.37527843
6041898;1;3;1;90;2;;1;12;2;;2;;2;;2;;2;;2;;2;;2;;54;12;54;479.37527843
6041899;1;1;1;90;2;;2;;2;;2;;2;;2;;2;;2;;2;;2;;54;12;54;479.37527843
6041899;1;2;1;90;2;;1;24;2;;2;;2;;2;;2;;2;;2;;2;;54;12;54;479.37527843
6041899;1;3;1;90;2;;2;;2;;2;;2;;2;;2;;2;;2;;2;;54;12;54;479.37527843
6041900;1;1;1;90;2;;2;;2;;2;;2;;2;;2;;2;;2;;2;;54;12;54;442.58730742
6041900;1;2;1;90;2;;1;48;2;;2;;2;;2;;2;;2;;2;;2;;54;12;54;442.58730742
6041900;1;3;1;90;2;;1;14;2;;2;;2;;2;;2;;2;;2;;2;;54;12;54;442.58730742
6041900;1;4;1;90;2;;1;48;2;;2;;2;;2;;2;;2;;2;;2;;54;12;54;442.58730742
6041900;1;5;1;90;2;;1;4;2;;2;;2;;2;;2;;2;;2;;2;;54;12;54;442.58730742
6041901;1;1;1;90;2;;1;18;2;;2;;2;;2;;2;;2;;2;;2;;54;12;54;417.08922736
6041901;1;2;1;90;2;;2;;2;;2;;2;;2;;2;;2;;2;;2;;54;12;54;417.08922736
6041902;1;1;1;90;2;;1;40;2;;2;;1;10;2;;2;;2;;2;;2;;54;12;54;389.1224707
6041902;1;2;1;90;2;;2;;2;;2;;2;;2;;2;;2;;2;;2;;54;12;54;389.1224707
6041902;1;3;1;90;2;;1;40;2;;2;;2;;2;;2;;2;;2;;2;;54;12;54;389.1224707
6041903;1;1;1;90;2;;2;;2;;2;;2;;2;;2;;2;;2;;2;;54;12;54;381.90593971
6041903;1;2;1;90;2;;1;38;2;;2;;2;;2;;2;;2;;2;;2;;54;12;54;381.90593971
6041903;1;3;1;90;2;;1;14;2;;2;;2;;2;;2;;2;;2;;2;;54;12;54;381.90593971
6041904;1;1;1;90;2;;1;30;2;;1;15;2;;2;;2;;2;;2;;2;;54;12;54;273.83915634
6041904;1;2;1;90;2;;1;40;2;;1;15;2;;2;;2;;2;;2;;2;;54;12;54;273.83915634
6041905;1;1;1;90;2;;1;35;2;;2;;2;;2;;2;;2;;2;;2;;54;12;54;479.80474341
6041905;1;2;1;90;2;;1;10;2;;2;;2;;2;;2;;2;;2;;2;;54;12;54;479.80474341
6041905;1;3;1;90;2;;1;28;2;;2;;2;;2;;2;;2;;2;;2;;54;12;54;479.80474341
6041905;1;4;1;90;2;;1;4;2;;2;;2;;2;;2;;2;;2;;2;;54;12;54;479.80474341
6041906;1;1;1;90;2;;1;25;2;;2;;2;;2;;2;;2;;2;;2;;54;12;54;388.69300572
6041906;1;2;1;90;2;;1;18;2;;2;;2;;2;;2;;2;;2;;2;;54;12;54;388.69300572
6041907;1;1;1;90;1;6;1;7;2;;2;;2;;2;;2;;2;;2;;2;;54;12;54;520.14476785
6041907;1;2;1;90;2;;1;30;2;;2;;2;;2;;2;;2;;2;;2;;54;12;54;520.14476785
6041907;1;3;1;90;2;;2;;2;;2;;2;;2;;2;;2;;2;;2;;54;12;54;520.14476785
6041907;1;4;1;90;2;;1;2;2;;2;;2;;2;;2;;2;;2;;2;;54;12;54;520.14476785
6041908;1;1;1;90;2;;2;;2;;2;;2;;2;;2;;2;;2;;2;;54;12;54;503.65424057
6041908;1;2;1;90;2;;2;;2;;2;;2;;2;;2;;2;;2;;2;;54;12;54;503.65424057
6041908;1;3;1;90;2;;2;;2;;2;;2;;2;;2;;2;;2;;2;;54;12;54;503.65424057
6041909;1;1;1;90;2;;1;35;2;;2;;2;;2;;2;;2;;2;;2;;54;12;54;388.69300572
6041909;1;2;1;90;2;;1;2;2;;2;;2;;2;;2;;2;;2;;2;;54;12;54;388.69300572
6041910;1;1;1;90;2;;1;40;2;;2;;2;;2;;2;;2;;2;;2;;54;12;54;467.00201065
6041910;1;2;1;90;2;;2;;2;;2;;2;;2;;2;;2;;2;;2;;54;12;54;467.00201065
6041911;1;1;1;90;2;;2;;2;;2;;2;;2;;2;;2;;2;;2;;54;12;54;553.32389729
6041911;1;2;1;90;2;;1;40;2;;2;;2;;2;;2;;2;;2;;2;;54;12;54;553.32389729
6041911;1;3;1;90;2;;2;;2;;2;;2;;2;;2;;2;;2;;2;;54;12;54;553.32389729
6041911;1;4;1;90;2;;2;;2;;2;;2;;2;;2;;2;;2;;2;;54;12;54;553.32389729
6041911;1;5;1;90;2;;2;;2;;2;;2;;2;;2;;2;;2;;2;;54;12;54;553.32389729
6041912;1;1;1;90;2;;1;31;2;;2;;2;;2;;2;;2;;2;;2;;54;12;54;467.00201065
6041912;1;2;1;90;2;;2;;2;;2;;2;;2;;2;;1;2;2;;2;;54;12;54;467.00201065
6041913;1;1;1;90;2;;2;;2;;2;;2;;2;;2;;2;;2;;2;;54;12;54;389.01224201
6041913;1;2;1;90;2;;2;;2;;2;;2;;2;;2;;2;;2;;2;;54;12;54;389.01224201
6041913;1;6;1;90;2;;1;40;2;;1;18;2;;2;;2;;2;;2;;2;;54;12;54;389.01224201
6041913;1;7;1;90;2;;2;;2;;2;;2;;2;;2;;2;;2;;2;;54;12;54;389.01224201
6041914;1;1;1;90;2;;2;;2;;2;;2;;2;;2;;2;;2;;2;;54;12;54;533.08324171
6041914;1;2;1;90;2;;1;10;2;;2;;2;;2;;2;;2;;2;;2;;54;12;54;533.08324171
6041914;1;3;1;90;2;;2;;2;;2;;2;;2;;2;;2;;2;;2;;54;12;54;533.08324171
6041915;1;1;1;90;2;;1;4;2;;2;;2;;2;;2;;2;;2;;2;;54;12;54;314.79498419
6041915;1;2;1;90;2;;1;28;2;;2;;2;;2;;2;;2;;2;;2;;54;12;54;314.79498419
6041915;1;3;1;90;2;;1;35;2;;1;21;2;;2;;2;;2;;2;;2;;54;12;54;314.79498419
6041915;1;4;1;90;2;;2;;2;;2;;2;;2;;2;;2;;2;;2;;54;12;54;314.79498419
6041915;1;5;1;90;2;;2;;2;;1;5;2;;2;;2;;2;;2;;2;;54;12;54;314.79498419
6041915;1;6;1;90;2;;2;;2;;2;;2;;2;;2;;2;;2;;2;;54;12;54;314.79498419
6041916;1;1;1;90;2;;1;14;2;;2;;2;;2;;2;;2;;2;;2;;54;12;54;466.86626956
6041916;1;2;1;90;2;;2;;2;;2;;2;;2;;2;;2;;2;;2;;54;12;54;466.86626956
6041916;1;3;1;90;2;;2;;2;;2;;2;;2;;2;;2;;2;;2;;54;12;54;466.86626956
6041916;1;5;1;90;2;;2;;2;;2;;2;;2;;2;;2;;2;;2;;54;12;54;466.86626956
6041916;1;6;1;90;2;;1;24;2;;2;;2;;2;;2;;2;;2;;2;;54;12;54;466.86626956
6041917;1;1;1;90;2;;1;40;2;;2;;2;;2;;2;;2;;2;;2;;54;12;54;467.00201065
6041917;1;2;1;90;2;;1;4;2;;2;;2;;2;;2;;2;;2;;2;;54;12;54;467.00201065
6041918;1;1;1;90;2;;1;35;2;;1;21;2;;2;;2;;2;;2;;2;;54;12;54;354.83316642
6041918;1;2;1;90;2;;2;;2;;2;;2;;2;;2;;2;;2;;2;;54;12;54;354.83316642
6041918;1;3;1;90;2;;1;20;2;;2;;2;;2;;2;;2;;1;30;2;;54;12;54;354.83316642
6041919;1;1;1;90;2;;1;40;2;;2;;2;;2;;2;;2;;2;;2;;54;12;54;353.93918305
6041919;1;2;1;90;2;;1;15;2;;2;;2;;2;;2;;2;;2;;2;;54;12;54;353.93918305
6041919;1;3;1;90;2;;1;21;2;;1;45;2;;2;;2;;2;;2;;2;;54;12;54;353.93918305
6041919;1;4;1;90;2;;2;;2;;1;14;2;;2;;2;;2;;2;;2;;54;12;54;353.93918305
6041920;1;1;1;90;2;;1;2;2;;2;;2;;2;;2;;2;;2;;2;;54;12;54;354.26126256
6041920;1;2;1;90;2;;1;12;2;;2;;2;;2;;2;;2;;2;;2;;54;12;54;354.26126256
6041920;1;3;1;90;2;;2;;2;;2;;2;;2;;2;;2;;2;;2;;54;12;54;354.26126256
6041920;1;4;1;90;2;;1;31;2;;1;2;2;;2;;2;;2;;2;;2;;54;12;54;354.26126256
6041921;1;1;1;90;2;;1;42;2;;2;;2;;2;;2;;2;;2;;2;;54;12;54;274.16123585
6041921;1;2;1;90;2;;1;6;2;;2;;2;;2;;2;;2;;2;;2;;54;12;54;274.16123585
6041922;1;1;1;90;2;;2;;2;;2;;2;;2;;1;4;2;;2;;2;;54;12;54;532.86562754
6041922;1;2;1;90;2;;1;35;2;;2;;2;;2;;2;;2;;2;;2;;54;12;54;532.86562754
6041922;1;3;1;90;2;;1;6;2;;2;;2;;2;;2;;2;;2;;2;;54;12;54;532.86562754
6041923;1;1;1;90;2;;2;;2;;2;;2;;2;;2;;2;;2;;2;;54;12;54;594.11889911
6041923;1;2;1;90;2;;1;40;2;;2;;2;;2;;2;;2;;2;;2;;54;12;54;594.11889911
6041923;1;3;1;90;2;;2;;2;;2;;2;;2;;2;;2;;2;;2;;54;12;54;594.11889911
6041923;1;6;1;90;2;;2;;2;;2;;2;;2;;2;;2;;2;;2;;54;12;54;594.11889911
6041924;1;1;1;90;2;;1;21;2;;2;;2;;2;;2;;2;;2;;2;;54;12;54;351.71869628
6041927;1;1;1;90;2;;2;;2;;2;;2;;2;;2;;2;;2;;2;;54;12;54;417.08922736
6041927;1;2;1;90;2;;1;35;2;;2;;2;;2;;2;;2;;2;;2;;54;12;54;417.08922736
6041929;1;1;1;90;2;;2;;2;;2;;2;;2;;2;;2;;2;;2;;54;12;54;495.89131811
6041929;1;2;1;90;2;;1;38;2;;1;24;2;;2;;2;;2;;2;;2;;54;12;54;495.89131811
6041930;1;1;1;90;2;;1;56;2;;2;;2;;2;;2;;2;;2;;2;;54;12;54;263.57898985
6041930;1;2;1;90;2;;2;;2;;2;;2;;2;;2;;2;;2;;2;;54;12;54;263.57898985
6041930;1;3;1;90;2;;1;5;2;;2;;2;;2;;2;;2;;2;;2;;54;12;54;263.57898985
6041931;1;1;1;90;2;;2;;2;;2;;2;;2;;2;;2;;2;;2;;54;12;54;473.12214275
6041931;1;2;1;90;2;;1;28;2;;2;;2;;2;;2;;2;;2;;2;;54;12;54;473.12214275
6041931;1;3;1;90;2;;2;;2;;2;;2;;2;;2;;2;;2;;2;;54;12;54;473.12214275
6041931;1;4;1;90;2;;1;18;2;;2;;2;;2;;2;;2;;2;;2;;54;12;54;473.12214275
6041931;1;6;1;90;2;;2;;2;;2;;2;;2;;2;;2;;2;;2;;54;12;54;473.12214275
6041932;1;1;1;90;2;;1;14;2;;2;;2;;2;;2;;2;;2;;2;;54;12;54;585.32896051
6041932;1;2;1;90;2;;2;;2;;2;;2;;2;;2;;2;;2;;2;;54;12;54;585.32896051
6041933;1;1;1;90;2;;2;;2;;2;;2;;2;;2;;2;;2;;2;;54;12;54;442.40096899
6041933;1;2;1;90;2;;1;18;2;;2;;2;;2;;2;;2;;2;;2;;54;12;54;442.40096899
6041935;1;1;1;90;2;;2;;2;;2;;2;;2;;2;;2;;2;;2;;54;12;54;354.26126256
6041935;1;2;1;90;2;;1;21;2;;2;;2;;2;;2;;2;;2;;2;;54;12;54;354.26126256
6041935;1;3;1;90;2;;1;14;2;;2;;2;;2;;2;;2;;2;;2;;54;12;54;354.26126256
6041935;1;4;1;90;2;;1;30;2;;2;;2;;2;;2;;2;;2;;2;;54;12;54;354.26126256
6041936;1;1;1;90;2;;1;14;2;;2;;2;;2;;2;;2;;2;;2;;54;12;54;522.68733413
6041936;1;2;1;90;2;;1;35;2;;2;;2;;2;;2;;2;;2;;2;;54;12;54;522.68733413
6041936;1;3;1;90;2;;1;21;2;;2;;2;;2;;2;;2;;2;;2;;54;12;54;522.68733413
6041936;1;4;1;90;2;;1;7;2;;2;;2;;2;;2;;2;;2;;2;;54;12;54;522.68733413
6041936;1;5;1;90;2;;1;10;2;;2;;2;;2;;2;;2;;2;;2;;54;12;54;522.68733413
6041936;1;6;1;90;2;;2;;2;;2;;2;;2;;2;;2;;2;;2;;54;12;54;522.68733413
6041936;1;7;1;90;2;;2;;2;;2;;2;;2;;2;;2;;2;;2;;54;12;54;522.68733413
6041938;1;1;1;90;2;;1;42;2;;2;;2;;2;;2;;2;;2;;2;;54;12;54;405.29091848
6041938;1;2;1;90;2;;1;35;2;;1;5;2;;2;;2;;2;;2;;2;;54;12;54;405.29091848
6041938;1;3;1;90;2;;2;;2;;1;21;2;;2;;2;;2;;2;;2;;54;12;54;405.29091848
6041938;1;4;1;90;2;;2;;2;;2;;2;;2;;2;;2;;2;;2;;54;12;54;405.29091848
6041939;1;1;1;90;2;;1;15;2;;2;;2;;2;;2;;2;;2;;2;;54;12;54;570.05755114
6041939;1;2;1;90;2;;1;18;2;;2;;2;;2;;2;;2;;2;;2;;54;12;54;570.05755114
6041939;1;3;1;90;2;;2;;2;;2;;2;;2;;2;;2;;2;;2;;54;12;54;570.05755114
6041939;1;4;1;90;2;;1;12;2;;2;;2;;2;;2;;2;;2;;2;;54;12;54;570.05755114
6041940;1;1;1;90;2;;1;24;2;;2;;2;;2;;2;;2;;2;;2;;54;12;54;397.74126953
6041940;1;4;1;90;2;;1;14;2;;2;;2;;2;;2;;2;;2;;2;;54;12;54;397.74126953
6041940;1;5;1;90;2;;1;24;2;;2;;2;;2;;2;;2;;2;;2;;54;12;54;397.74126953
6041940;1;6;1;90;2;;1;14;2;;2;;2;;2;;2;;2;;2;;2;;54;12;54;397.74126953
6041941;1;1;1;90;2;;1;24;2;;2;;2;;2;;2;;2;;2;;2;;54;12;54;365.73749193
6041941;1;2;1;90;2;;1;14;2;;2;;2;;2;;2;;2;;2;;2;;54;12;54;365.73749193
6041942;1;1;1;90;2;;1;24;2;;2;;2;;2;;2;;2;;2;;2;;54;12;54;330.55420428
6041942;1;2;1;90;2;;1;14;2;;2;;2;;2;;2;;2;;2;;2;;54;12;54;330.55420428
6041942;1;3;1;90;2;;1;14;2;;2;;2;;2;;2;;2;;2;;2;;54;12;54;330.55420428
6041943;1;1;1;90;2;;1;40;2;;2;;2;;2;;2;;2;;2;;2;;54;12;54;485.30907211
6041943;1;2;1;90;2;;2;;2;;2;;2;;2;;2;;2;;2;;2;;54;12;54;485.30907211
6041943;1;3;1;90;2;;2;;2;;2;;2;;2;;2;;2;;2;;2;;54;12;54;485.30907211
6041944;1;1;1;90;2;;2;;2;;2;;2;;2;;2;;2;;2;;2;;54;12;54;521.03875122
6041944;1;2;1;90;2;;1;21;2;;2;;2;;2;;2;;2;;2;;2;;54;12;54;521.03875122
6041944;1;3;1;90;2;;1;14;2;;2;;2;;2;;2;;2;;2;;2;;54;12;54;521.03875122
6041945;1;1;1;90;2;;1;5;2;;2;;2;;2;;2;;2;;2;;2;;54;12;54;635.24174379
6041945;1;2;1;90;2;;1;5;2;;2;;2;;2;;2;;2;;2;;2;;54;12;54;635.24174379
6041947;1;1;1;90;2;;1;24;2;;2;;2;;2;;2;;2;;2;;2;;54;12;54;378.5402247
6041947;1;2;1;90;2;;2;;2;;2;;2;;2;;2;;2;;2;;1;60;54;12;54;378.5402247
6041947;1;3;1;90;2;;1;40;2;;1;24;2;;2;;2;;2;;2;;2;;54;12;54;378.5402247
6041947;1;4;1;90;2;;2;;2;;2;;2;;2;;2;;2;;2;;2;;54;12;54;378.5402247
6041948;1;1;1;90;2;;2;;2;;2;;2;;2;;2;;2;;2;;2;;54;12;54;507.77150007
6041948;1;2;1;90;2;;1;48;2;;2;;2;;2;;2;;2;;2;;2;;54;12;54;507.77150007
6041948;1;3;1;90;2;;2;;2;;2;;2;;2;;2;;2;;2;;2;;54;12;54;507.77150007
6041949;1;1;1;90;2;;1;40;2;;1;12;2;;2;;2;;2;;2;;2;;54;12;54;250.09412453
6041949;1;2;1;90;2;;1;10;2;;1;7;2;;2;;2;;2;;2;;2;;54;12;54;250.09412453
6041949;1;4;1;90;2;;1;38;2;;2;;2;;2;;2;;2;;2;;2;;54;12;54;250.09412453
6041950;1;1;1;90;2;;1;40;2;;2;;2;;2;;2;;2;;2;;2;;54;12;54;249.5601942
6041950;1;2;1;90;2;;1;25;2;;2;;2;;2;;2;;2;;2;;2;;54;12;54;249.5601942
6041951;1;1;1;90;2;;1;30;2;;1;35;1;18;2;;2;;2;;2;;2;;54;12;54;375.99765842
6041952;1;1;1;90;2;;2;;2;;2;;2;;2;;2;;2;;2;;2;;54;12;54;405.61299799
6041952;1;2;1;90;2;;1;12;2;;2;;2;;2;;2;;2;;2;;2;;54;12;54;405.61299799
6041952;1;3;1;90;2;;2;;2;;2;;2;;2;;2;;2;;2;;2;;54;12;54;405.61299799
6041952;1;4;1;90;2;;1;15;2;;2;;2;;2;;2;;2;;2;;2;;54;12;54;405.61299799
6041953;1;1;1;90;2;;1;40;2;;2;;2;;2;;2;;2;;2;;2;;54;12;54;365.73749193
6041953;1;2;1;90;2;;2;;2;;2;;2;;2;;2;;2;;2;;2;;54;12;54;365.73749193
6041954;1;1;1;90;2;;1;40;2;;2;;1;15;2;;2;;2;;2;;2;;54;12;54;351.90503471
6041954;1;2;1;90;2;;2;;2;;2;;2;;2;;2;;2;;2;;2;;54;12;54;351.90503471
6041954;1;3;1;90;2;;1;40;2;;2;;2;;2;;2;;2;;2;;2;;54;12;54;351.90503471
6041954;1;4;1;90;2;;2;;2;;2;;2;;2;;2;;2;;2;;2;;54;12;54;351.90503471
6041955;1;1;1;90;2;;2;;2;;2;;2;;2;;2;;2;;2;;2;;54;12;54;226.93859918
6041955;1;2;1;90;2;;2;;2;;2;;2;;2;;2;;2;;2;;2;;54;12;54;226.93859918
6041955;1;3;1;90;2;;1;2;2;;2;;1;15;2;;2;;2;;2;;2;;54;12;54;226.93859918
6041955;1;4;1;90;2;;2;;2;;2;;1;2;2;;2;;2;;2;;2;;54;12;54;226.93859918
6041955;1;5;1;90;2;;2;;2;;2;;2;;2;;2;;2;;2;;2;;54;12;54;226.93859918
6041955;1;6;1;90;2;;2;;2;;2;;2;;2;;2;;2;;2;;2;;54;12;54;226.93859918
6041955;1;7;1;90;2;;1;12;2;;2;;1;6;2;;2;;2;;2;;2;;54;12;54;226.93859918
6041956;1;1;1;90;2;;1;48;2;;1;10;2;;2;;2;;2;;2;;2;;54;12;54;263.25691034
6041956;1;2;1;90;2;;1;40;2;;2;;2;;2;;2;;2;;2;;2;;54;12;54;263.25691034
6041956;1;4;1;90;2;;2;;2;;2;;2;;2;;2;;2;;2;;2;;54;12;54;263.25691034
6041957;1;1;1;90;2;;1;4;2;;2;;2;;2;;2;;2;;2;;2;;54;12;54;507.77150007
6041957;1;2;1;90;2;;1;14;2;;2;;2;;2;;1;2;2;;2;;2;;54;12;54;507.77150007
6041957;1;3;1;90;2;;2;;2;;2;;2;;2;;2;;2;;2;;2;;54;12;54;507.77150007
6041958;1;1;1;90;2;;2;;2;;2;;2;;2;;2;;2;;2;;2;;54;12;54;467.00201065
6041958;1;2;1;90;2;;2;;2;;2;;2;;2;;2;;2;;2;;2;;54;12;54;467.00201065
6041959;1;1;1;90;2;;2;;2;;2;;2;;2;;2;;2;;2;;2;;54;12;54;389.1224707
6041959;1;2;1;90;2;;1;40;2;;2;;2;;2;;2;;2;;2;;2;;54;12;54;389.1224707
6041959;1;4;1;90;2;;2;;2;;2;;2;;2;;2;;2;;2;;2;;54;12;54;389.1224707
6041960;1;1;1;90;2;;1;14;2;;2;;2;;2;;2;;2;;2;;2;;54;12;54;494.64668779
6041961;1;1;1;90;2;;1;15;2;;2;;2;;2;;2;;2;;2;;2;;54;12;54;274.16123585
6041961;1;2;1;90;2;;1;40;2;;2;;2;;2;;2;;2;;2;;2;;54;12;54;274.16123585
6041962;1;1;1;90;2;;1;40;2;;2;;2;;2;;2;;2;;2;;2;;54;12;54;537.79520916
6041962;1;2;1;90;2;;2;;2;;2;;2;;2;;2;;2;;2;;2;;54;12;54;537.79520916
6041962;2;1;2;90;2;;1;5;2;;2;;2;;2;;2;;2;;2;;2;;54;12;54;537.79520916
6041962;3;1;3;90;2;;2;;2;;2;;2;;2;;2;;2;;2;;2;;54;12;54;537.79520916
6041962;3;2;3;90;2;;1;48;2;;2;;2;;2;;2;;2;;2;;2;;54;12;54;537.79520916
6041963;1;1;1;90;2;;2;;2;;2;;2;;2;;2;;2;;2;;2;;54;12;54;392.48818571
6041963;1;2;1;90;2;;1;15;2;;2;;2;;2;;2;;2;;2;;2;;54;12;54;392.48818571
6041964;1;1;1;90;2;;1;35;2;;2;;1;7;2;;2;;2;;2;;2;;54;12;54;351.90503471
6041964;1;2;1;90;2;;2;;2;;2;;2;;2;;2;;2;;2;;2;;54;12;54;351.90503471
6041964;1;3;1;90;2;;1;10;2;;2;;2;;2;;2;;2;;2;;2;;54;12;54;351.90503471
6041964;1;4;1;90;2;;2;;2;;2;;2;;2;;2;;2;;2;;2;;54;12;54;351.90503471
6041965;1;1;1;90;2;;2;;2;;2;;2;;2;;2;;2;;2;;2;;54;12;54;612.07167088
6041965;1;2;1;90;2;;1;48;2;;2;;2;;2;;2;;2;;2;;2;;54;12;54;612.07167088
6041965;1;3;1;90;2;;1;4;2;;2;;2;;2;;2;;2;;2;;2;;54;12;54;612.07167088
6041965;1;4;1;90;2;;1;3;2;;2;;2;;2;;2;;2;;2;;2;;54;12;54;612.07167088
6041965;1;5;1;90;2;;2;;2;;2;;2;;2;;2;;2;;2;;2;;54;12;54;612.07167088
6041965;1;6;1;90;2;;1;40;2;;1;14;2;;2;;2;;2;;2;;2;;54;12;54;612.07167088
6041966;1;1;1;90;2;;2;;2;;2;;2;;2;;2;;2;;2;;2;;54;12;54;417.08922736
6041966;1;2;1;90;2;;1;35;2;;2;;2;;2;;2;;2;;2;;2;;54;12;54;417.08922736
6041967;1;1;1;90;2;;1;2;2;;2;;2;;2;;2;;2;;2;;2;;54;12;54;557.14458968
6041967;1;2;1;90;2;;1;58;2;;2;;2;;2;;2;;2;;2;;2;;54;12;54;557.14458968
6041967;1;3;1;90;2;;1;12;2;;2;;2;;2;;2;;2;;2;;2;;54;12;54;557.14458968
6041970;1;1;1;90;2;;2;;2;;2;;2;;2;;2;;2;;2;;2;;54;12;54;263.57898985
6041970;1;2;1;90;2;;2;;2;;2;;2;;2;;2;;2;;2;;2;;54;12;54;263.57898985
6041970;1;3;1;90;2;;2;;2;;2;;2;;2;;2;;2;;2;;2;;54;12;54;263.57898985
6041971;1;1;1;90;2;;2;;2;;2;;2;;2;;2;;2;;2;;2;;54;12;54;533.08324171
6041971;1;2;1;90;2;;1;25;2;;2;;2;;2;;2;;2;;2;;2;;54;12;54;533.08324171
6041971;1;3;1;90;2;;2;;2;;2;;2;;2;;2;;2;;2;;2;;54;12;54;533.08324171
6041973;1;1;1;90;2;;2;;2;;2;;2;;2;;2;;2;;2;;2;;54;12;54;304.34847927
6041973;1;2;1;90;2;;1;45;2;;2;;2;;2;;2;;2;;2;;2;;54;12;54;304.34847927
6041973;1;3;1;90;2;;2;;2;;2;;2;;2;;2;;2;;2;;2;;54;12;54;304.34847927
6041973;1;4;1;90;2;;1;15;2;;2;;2;;2;;2;;2;;2;;2;;54;12;54;304.34847927
6041974;1;1;1;90;2;;1;48;2;;2;;2;;2;;2;;2;;2;;2;;54;12;54;545.99043982
6041974;1;2;1;90;2;;2;;2;;2;;2;;2;;2;;2;;2;;2;;54;12;54;545.99043982
6041974;1;3;1;90;2;;2;;2;;2;;2;;2;;2;;2;;2;;2;;54;12;54;545.99043982
6041974;1;4;1;90;2;;1;48;2;;2;;2;;2;;2;;2;;2;;2;;54;12;54;545.99043982
6041974;1;5;1;90;2;;1;4;2;;2;;2;;2;;2;;2;;2;;2;;54;12;54;545.99043982
6041975;1;1;1;90;2;;1;5;2;;2;;2;;2;;2;;2;;2;;2;;54;12;54;431.81872299
6041975;1;2;1;90;2;;2;;2;;2;;2;;2;;2;;2;;2;;2;;54;12;54;431.81872299
6041975;1;3;1;90;2;;1;5;2;;2;;2;;2;;2;;2;;2;;2;;54;12;54;431.81872299
6041976;1;1;1;90;2;;1;40;2;;2;;2;;2;;2;;2;;2;;2;;54;12;54;421.23647699
6041976;1;2;1;90;2;;2;;2;;2;;2;;2;;2;;2;;2;;2;;54;12;54;421.23647699
6041976;1;3;1;90;2;;2;;2;;2;;2;;2;;2;;2;;2;;2;;54;12;54;421.23647699
6041976;1;4;1;90;2;;2;;2;;2;;2;;2;;2;;2;;2;;2;;54;12;54;421.23647699
6041977;1;1;1;90;2;;1;40;2;;1;8;2;;2;;2;;2;;2;;2;;54;12;54;442.61281982
6041977;1;2;1;90;2;;1;12;2;;1;20;2;;2;;2;;2;;2;;2;;54;12;54;442.61281982
6041977;1;3;1;90;2;;2;;2;;2;;2;;2;;2;;2;;2;;2;;54;12;54;442.61281982
6041978;1;1;1;90;2;;2;;2;;2;;2;;2;;2;;2;;2;;2;;54;12;54;401.81781799
6041978;1;2;1;90;2;;1;40;2;;2;;1;15;2;;2;;2;;2;;2;;54;12;54;401.81781799
6041978;1;3;1;90;2;;2;;2;;2;;2;;2;;2;;2;;2;;2;;54;12;54;401.81781799
6041978;1;4;1;90;2;;1;16;2;;2;;2;;2;;2;;2;;2;;2;;54;12;54;401.81781799
6041979;1;1;1;90;2;;1;46;2;;2;;2;;2;;2;;2;;2;;2;;54;12;54;348.29619314
6041979;1;2;1;90;2;;1;24;2;;2;;2;;2;;2;;2;;2;;2;;54;12;54;348.29619314
6041979;1;3;1;90;2;;2;;2;;2;;2;;2;;2;;2;;2;;2;;54;12;54;348.29619314
6041979;1;4;1;90;2;;2;;2;;2;;2;;2;;2;;2;;2;;2;;54;12;54;348.29619314
6041979;1;5;1;90;2;;2;;2;;2;;2;;2;;2;;2;;2;;2;;54;12;54;348.29619314
6041979;1;6;1;90;2;;2;;2;;2;;2;;2;;2;;2;;2;;2;;54;12;54;348.29619314
6041979;1;7;1;90;2;;2;;2;;2;;2;;2;;2;;2;;2;;2;;54;12;54;348.29619314
6041980;1;1;1;90;2;;1;5;2;;2;;2;;2;;2;;2;;2;;2;;54;12;54;544.55947108
6041981;1;1;1;90;2;;1;21;2;;2;;2;;2;;2;;2;;2;;2;;54;12;54;405.2090454
6041982;1;1;1;90;2;;1;12;2;;2;;2;;2;;2;;2;;2;;2;;54;12;54;417.08922736
6041982;1;2;1;90;2;;1;43;2;;2;;2;;2;;2;;2;;2;;2;;54;12;54;417.08922736
6041986;1;1;1;90;2;;1;40;2;;2;;2;;2;;2;;2;;2;;2;;54;12;54;376.31973793
6041987;1;1;1;90;2;;2;;2;;2;;2;;2;;2;;2;;2;;2;;54;12;54;442.40096899
6041987;1;2;1;90;2;;1;40;2;;2;;2;;2;;2;;2;;2;;2;;54;12;54;442.40096899
6041988;1;1;1;90;2;;2;;2;;2;;2;;2;;2;;2;;2;;2;;54;12;54;520.17028025
6041988;1;2;1;90;2;;1;48;2;;2;;2;;2;;2;;2;;2;;2;;54;12;54;520.17028025
6041989;1;1;1;90;2;;1;5;2;;2;;2;;2;;2;;2;;2;;2;;54;12;54;544.55947108
6041990;1;1;1;90;2;;2;;2;;2;;2;;2;;2;;2;;2;;2;;54;12;54;431.81872299
6041990;1;2;1;90;2;;1;40;2;;2;;2;;2;;2;;2;;2;;2;;54;12;54;431.81872299
6041990;1;3;1;90;2;;1;40;2;;2;;2;;2;;2;;2;;2;;2;;54;12;54;431.81872299
6041991;1;1;1;90;2;;1;5;2;;2;;2;;2;;2;;2;;2;;2;;54;12;54;287.85795199
6041991;1;2;1;90;2;;2;;2;;2;;2;;2;;2;;2;;2;;2;;54;12;54;287.85795199
6041991;1;4;1;90;2;;2;;2;;2;;2;;2;;2;;2;;2;;2;;54;12;54;287.85795199
6041992;1;1;1;90;2;;2;;2;;2;;2;;2;;2;;2;;2;;2;;54;12;54;485.30907211
6041992;1;2;1;90;2;;1;36;2;;1;18;2;;2;;2;;2;;2;;2;;54;12;54;485.30907211
6041992;1;3;1;90;2;;1;8;2;;2;;2;;2;;2;;2;;2;;2;;54;12;54;485.30907211
6041993;1;1;1;90;2;;1;35;2;;2;;2;;2;;2;;2;;1;4;2;;54;12;54;467.00201065
6041993;1;2;1;90;2;;1;15;2;;2;;2;;2;;2;;2;;2;;2;;54;12;54;467.00201065
6041994;1;1;1;90;2;;1;30;2;;1;30;2;;2;;2;;2;;2;;2;;54;12;54;442.61281982
6041994;1;2;1;90;2;;1;20;2;;2;;2;;2;;2;;2;;2;;2;;54;12;54;442.61281982
6041994;1;3;1;90;2;;2;;2;;2;;2;;2;;2;;2;;2;;2;;54;12;54;442.61281982
6041995;1;1;1;90;2;;1;10;2;;2;;2;;2;;2;;2;;2;;2;;54;12;54;368.42107439
6041995;1;2;1;90;2;;2;;2;;2;;2;;2;;2;;2;;2;;2;;54;12;54;368.42107439
6041995;1;3;1;90;2;;2;;2;;2;;2;;2;;2;;2;;2;;2;;54;12;54;368.42107439
6041997;1;1;1;90;2;;2;;2;;2;;2;;2;;2;;2;;2;;2;;54;12;54;442.40096899
6041997;1;2;1;90;2;;1;5;2;;2;;2;;2;;2;;2;;2;;2;;54;12;54;442.40096899
6041998;1;1;1;90;2;;2;;2;;2;;2;;2;;2;;2;;2;;2;;54;12;54;480.2692618
6041998;1;2;1;90;2;;1;20;2;;2;;2;;2;;2;;2;;2;;2;;54;12;54;480.2692618
6042000;1;1;1;90;2;;1;28;2;;2;;2;;2;;2;;2;;2;;2;;54;12;54;467.00201065
6042000;2;1;2;90;2;;1;28;2;;2;;2;;2;;2;;2;;2;;2;;54;12;54;467.00201065
6042001;1;1;1;90;2;;1;49;2;;2;;2;;2;;2;;2;;2;;2;;54;12;54;364.84350856
6042001;1;2;1;90;2;;1;5;2;;2;;2;;2;;1;8;2;;2;;2;;54;12;54;364.84350856
6042001;1;3;1;90;2;;1;14;2;;2;;2;;2;;2;;2;;2;;2;;54;12;54;364.84350856
6042002;1;1;1;90;2;;2;;2;;2;;2;;2;;2;;2;;2;;2;;54;12;54;417.08922736
6042002;1;2;1;90;2;;1;28;2;;2;;2;;2;;2;;2;;2;;2;;54;12;54;417.08922736
6042003;1;1;1;90;2;;1;38;2;;2;;2;;2;;2;;2;;2;;2;;54;12;54;413.29404737
6042003;1;2;1;90;2;;2;;2;;2;;2;;2;;2;;2;;2;;2;;54;12;54;413.29404737
6042004;1;1;1;90;2;;2;;2;;2;;2;;2;;2;;2;;2;;2;;54;12;54;314.93072528
6042004;1;2;1;90;2;;1;32;2;;2;;2;;2;;2;;2;;2;;2;;54;12;54;314.93072528
6042004;1;3;1;90;2;;2;;2;;2;;2;;2;;2;;2;;2;;2;;54;12;54;314.93072528
6042005;1;1;1;90;2;;1;2;2;;2;;2;;2;;2;;2;;2;;2;;54;12;54;339.20968742
6042005;1;3;1;90;2;;1;32;2;;1;12;2;;2;;2;;2;;2;;2;;54;12;54;339.20968742
6042005;1;4;1;90;2;;2;;2;;2;;2;;2;;2;;2;;2;;2;;54;12;54;339.20968742
6042006;1;1;1;90;2;;1;28;2;;2;;2;;2;;2;;2;;2;;2;;54;12;54;376.31973793
6042007;1;1;1;90;2;;1;35;2;;2;;2;;2;;2;;2;;2;;2;;54;12;54;376.31973793
6042008;1;1;1;90;2;;1;21;2;;1;28;2;;2;;2;;2;;2;;2;;54;12;54;412.97196785
6042008;1;2;1;90;2;;1;2;2;;2;;2;;2;;2;;2;;2;;2;;54;12;54;412.97196785
6042009;1;1;1;90;2;;1;14;2;;2;;2;;2;;2;;2;;2;;2;;54;12;54;611.74653633
6042009;1;2;1;90;2;;1;24;2;;1;12;2;;2;;2;;2;;2;;2;;54;12;54;611.74653633
6042010;1;1;1;90;2;;1;35;2;;2;;2;;2;;2;;2;;2;;2;;54;12;54;376.31973793
6042011;1;1;1;90;2;;1;35;2;;2;;2;;2;;2;;2;;2;;2;;54;12;54;351.71869628
6042012;1;1;1;90;2;;2;;2;;2;;2;;2;;2;;2;;2;;2;;54;12;54;417.08922736
6042012;1;2;1;90;2;;1;30;2;;2;;2;;2;;2;;2;;2;;2;;54;12;54;417.08922736
6042013;1;1;1;90;2;;1;2;2;;2;;2;;2;;2;;2;;2;;2;;54;12;54;376.31973793
6042014;1;1;1;90;2;;2;;2;;2;;2;;2;;2;;2;;2;;2;;54;12;54;417.08922736
6042014;1;2;1;90;2;;1;34;2;;2;;2;;2;;2;;2;;2;;2;;54;12;54;417.08922736
6042015;1;1;1;90;2;;1;14;2;;1;14;2;;2;;2;;2;;2;;2;;54;12;54;486.92058672
6042015;1;2;1;90;2;;2;;2;;2;;2;;2;;2;;2;;2;;2;;54;12;54;486.92058672
6042015;1;3;1;90;2;;1;14;2;;2;;2;;2;;2;;2;;2;;2;;54;12;54;486.92058672
6042015;1;5;1;90;2;;2;;2;;2;;2;;2;;2;;2;;2;;2;;54;12;54;486.92058672
6042016;1;1;1;90;2;;1;40;2;;2;;2;;2;;2;;2;;2;;2;;54;12;54;417.08922736
6042016;1;2;1;90;2;;1;10;2;;2;;2;;2;;2;;2;;2;;2;;54;12;54;417.08922736
6042017;1;1;1;90;2;;1;21;2;;1;21;2;;2;;2;;2;;2;;2;;54;12;54;442.40096899
6042017;1;2;1;90;2;;1;24;2;;1;24;2;;2;;2;;2;;2;;2;;54;12;54;442.40096899
6042018;1;1;1;90;2;;1;2;2;;2;;2;;2;;2;;2;;2;;2;;54;12;54;442.40096899
6042018;1;2;1;90;2;;1;38;2;;2;;1;2;2;;2;;2;;2;;2;;54;12;54;442.40096899
6042019;1;1;1;90;2;;1;38;2;;2;;2;;2;;2;;2;;2;;2;;54;12;54;522.5009957
6042019;1;2;1;90;2;;2;;2;;2;;2;;2;;2;;2;;2;;2;;54;12;54;522.5009957
6042019;1;3;1;90;2;;2;;2;;2;;2;;2;;2;;2;;2;;2;;54;12;54;522.5009957
6042019;1;4;1;90;2;;2;;2;;2;;2;;2;;2;;2;;2;;2;;54;12;54;522.5009957
6042020;1;1;1;90;2;;1;35;2;;2;;2;;2;;2;;2;;2;;2;;54;12;54;467.00201065
6042020;1;2;1;90;2;;2;;2;;2;;2;;2;;2;;2;;2;;2;;54;12;54;467.00201065
6042021;1;1;1;90;2;;1;2;2;;2;;2;;2;;2;;2;;2;;2;;54;12;54;495.89131811
6042021;1;2;1;90;2;;1;11;2;;2;;2;;2;;2;;2;;2;;2;;54;12;54;495.89131811
6042022;1;1;1;90;2;;2;;2;;2;;2;;2;;2;;2;;2;;2;;54;12;54;426.66868399
6042022;1;2;1;90;2;;1;7;2;;2;;2;;2;;2;;2;;2;;2;;54;12;54;426.66868399
6042022;1;3;1;90;2;;1;35;2;;1;14;2;;2;;2;;2;;2;;2;;54;12;54;426.66868399
6042024;1;1;1;90;2;;1;35;2;;2;;2;;2;;2;;2;;2;;2;;54;12;54;286.53450363
6042024;1;2;1;90;2;;2;;2;;2;;2;;2;;2;;2;;2;;2;;54;12;54;286.53450363
6042024;1;3;1;90;2;;1;1;2;;2;;2;;2;;2;;2;;2;;2;;54;12;54;286.53450363
6042025;1;1;1;90;2;;1;35;2;;1;10;2;;2;;2;;2;;2;;2;;54;12;54;405.2090454
6042026;1;1;1;90;2;;1;42;2;;2;;2;;2;;2;;2;;2;;2;;54;12;54;365.73749193
6042026;1;2;1;90;2;;1;10;2;;2;;2;;2;;2;;2;;2;;2;;54;12;54;365.73749193
6042027;1;1;1;90;2;;2;;2;;2;;2;;2;;2;;2;;2;;2;;54;12;54;479.37527843
6042027;1;2;1;90;2;;1;48;2;;2;;2;;2;;2;;2;;2;;2;;54;12;54;479.37527843
6042027;1;3;1;90;2;;1;24;2;;2;;2;;2;;2;;2;;2;;2;;54;12;54;479.37527843
6042028;1;1;1;90;2;;2;;2;;2;;2;;2;;2;;2;;2;;2;;54;12;54;512.59369622
6042028;1;2;1;90;2;;1;32;2;;1;32;2;;2;;2;;2;;2;;2;;54;12;54;512.59369622
6042028;1;5;1;90;2;;1;38;2;;2;;2;;2;;2;;2;;2;;2;;54;12;54;512.59369622
6042028;1;6;1;90;2;;2;;2;;2;;2;;2;;2;;2;;2;;2;;54;12;54;512.59369622
6042029;1;1;1;90;2;;2;;2;;2;;2;;2;;2;;2;;2;;2;;54;12;54;485.60279601
6042029;1;2;1;90;2;;2;;2;;2;;2;;2;;2;;2;;2;;2;;54;12;54;485.60279601
6042029;1;3;1;90;2;;2;;2;;2;;2;;2;;2;;2;;2;;2;;54;12;54;485.60279601
6042029;1;4;1;90;2;;1;6;2;;1;3;2;;2;;2;;2;;2;;2;;54;12;54;485.60279601
6042029;2;1;2;90;2;;1;21;2;;2;;2;;2;;2;;2;;2;;2;;54;12;54;485.60279601
6042029;2;2;2;90;2;;2;;2;;2;;2;;2;;2;;2;;2;;2;;54;12;54;485.60279601
6042029;2;3;2;90;2;;2;;2;;2;;2;;2;;2;;2;;2;;2;;54;12;54;485.60279601
6042030;1;1;1;90;2;;1;10;2;;2;;2;;2;;2;;2;;2;;2;;54;12;54;494.29111248
6042030;1;2;1;90;2;;1;30;2;;1;15;2;;2;;2;;2;;2;;2;;54;12;54;494.29111248
6042030;1;3;1;90;2;;2;;2;;2;;2;;2;;2;;2;;2;;2;;54;12;54;494.29111248
6042030;1;4;1;90;2;;2;;2;;2;;2;;2;;2;;2;;2;;2;;54;12;54;494.29111248
6042030;1;5;1;90;2;;2;;2;;2;;2;;2;;2;;2;;2;;2;;54;12;54;494.29111248
6042030;1;6;1;90;2;;2;;2;;2;;2;;2;;2;;2;;2;;2;;54;12;54;494.29111248
6042030;1;7;1;90;2;;2;;2;;2;;2;;2;;2;;2;;2;;2;;54;12;54;494.29111248
6042031;1;1;1;90;2;;1;1;2;;2;;2;;2;;2;;2;;2;;2;;54;12;54;418.41573076
6042031;1;2;1;90;2;;1;56;2;;2;;2;;2;;2;;2;;2;;2;;54;12;54;418.41573076
6042031;1;3;1;90;2;;1;5;2;;2;;2;;2;;2;;2;;2;;2;;54;12;54;418.41573076
6042031;1;4;1;90;2;;1;25;2;;2;;2;;2;;2;;2;;2;;2;;54;12;54;418.41573076
6042031;1;5;1;90;2;;2;;2;;2;;2;;2;;2;;2;;2;;2;;54;12;54;418.41573076
6042031;1;6;1;90;2;;2;;2;;2;;2;;2;;2;;2;;2;;2;;54;12;54;418.41573076
6042032;1;1;1;90;2;;1;2;2;;2;;2;;2;;2;;2;;2;;2;;54;12;54;665.23688544
6042032;1;2;1;90;2;;1;31;2;;1;12;2;;2;;2;;2;;2;;2;;54;12;54;665.23688544
6042033;1;1;1;90;1;14;2;;2;;2;;2;;2;;2;;2;;2;;2;;54;12;54;392.48818571
6042033;1;2;1;90;1;10;1;45;2;;2;;2;;2;;2;;2;;2;;2;;54;12;54;392.48818571
6042034;1;1;1;90;2;;2;;2;;2;;2;;2;;2;;2;;2;;2;;54;12;54;314.60864577
6042034;1;2;1;90;2;;1;12;2;;1;12;2;;2;;2;;2;;2;;2;;54;12;54;314.60864577
6042034;2;1;2;90;2;;1;14;2;;2;;2;;2;;2;;2;;2;;2;;54;12;54;314.60864577
6042035;1;1;1;90;2;;2;;2;;2;;2;;2;;2;;2;;2;;2;;54;12;54;479.37527843
6042035;1;2;1;90;2;;1;35;2;;2;;2;;2;;2;;2;;2;;2;;54;12;54;479.37527843
6042035;1;3;1;90;2;;1;10;2;;2;;2;;2;;1;4;2;;2;;2;;54;12;54;479.37527843
6042036;1;1;1;90;2;;1;3;2;;2;;2;;2;;2;;2;;2;;2;;54;12;54;494.64668779
6042037;1;1;1;90;2;;2;;2;;2;;2;;2;;2;;2;;2;;2;;54;12;54;559.25769097
6042037;1;2;1;90;2;;1;36;2;;1;20;2;;2;;2;;2;;2;;2;;54;12;54;559.25769097
6042037;1;3;1;90;2;;2;;2;;2;;2;;2;;2;;2;;2;;2;;54;12;54;559.25769097
6042037;1;4;1;90;2;;1;14;2;;1;30;2;;2;;2;;2;;2;;2;;54;12;54;559.25769097
6042037;1;5;1;90;2;;2;;2;;1;5;2;;2;;2;;2;;2;;2;;54;12;54;559.25769097
6042039;1;1;1;90;2;;1;14;2;;2;;2;;2;;2;;2;;2;;2;;54;12;54;490.95889327
6042039;1;2;1;90;2;;2;;2;;2;;2;;2;;2;;2;;2;;2;;54;12;54;490.95889327
6042040;1;1;1;90;2;;1;12;2;;1;3;2;;2;;2;;2;;2;;2;;54;12;54;550.27565059
6042043;1;1;1;90;2;;1;12;2;;2;;1;12;2;;2;;2;;2;;2;;54;12;54;330.55420428
6042043;1;2;1;90;2;;1;12;2;;2;;2;;2;;2;;2;;2;;2;;54;12;54;330.55420428
6042043;1;3;1;90;2;;2;;2;;2;;2;;2;;2;;2;;2;;2;;54;12;54;330.55420428
6042046;1;1;1;90;2;;2;;2;;2;;2;;2;;2;;2;;2;;2;;54;12;54;466.67993113
6042046;1;2;1;90;2;;1;35;2;;2;;2;;2;;2;;2;;2;;2;;54;12;54;466.67993113
6042047;1;1;1;90;2;;1;7;2;;2;;2;;2;;2;;2;;2;;2;;54;12;54;351.71869628
6042049;1;1;1;90;2;;2;;2;;2;;2;;2;;2;;2;;2;;2;;54;12;54;474.22523943
6042049;1;2;1;90;2;;1;35;2;;1;21;2;;2;;2;;2;;2;;2;;54;12;54;474.22523943
6042049;1;3;1;90;2;;1;8;2;;2;;2;;2;;1;6;2;;2;;2;;54;12;54;474.22523943
6042053;1;1;1;90;2;;1;24;2;;2;;2;;2;;2;;2;;2;;2;;54;12;54;341.13645028
6042053;1;2;1;90;2;;1;7;2;;2;;2;;2;;2;;2;;2;;2;;54;12;54;341.13645028
6042055;1;1;1;90;2;;1;24;2;;2;;2;;2;;2;;2;;2;;2;;54;12;54;407.75161167
6042055;1;2;1;90;2;;1;24;2;;1;12;2;;2;;2;;2;;2;;2;;54;12;54;407.75161167
6042055;1;3;1;90;2;;1;14;2;;1;14;2;;2;;2;;2;;2;;2;;54;12;54;407.75161167
6042055;1;4;1;90;2;;2;;2;;2;;2;;2;;2;;2;;2;;2;;54;12;54;407.75161167
6042056;1;1;1;90;2;;1;2;2;;2;;2;;2;;2;;2;;2;;2;;54;12;54;468.79303242
6042056;1;2;1;90;2;;1;14;2;;2;;2;;2;;2;;2;;2;;2;;54;12;54;468.79303242
6042056;1;3;1;90;2;;1;28;2;;2;;2;;2;;2;;2;;2;;2;;54;12;54;468.79303242
6042056;1;4;1;90;2;;1;18;2;;2;;2;;2;;2;;2;;2;;2;;54;12;54;468.79303242
6042059;1;1;1;90;2;;1;35;2;;1;21;2;;2;;2;;2;;2;;2;;54;12;54;458.69939451
6042060;1;1;1;90;2;;1;38;2;;2;;2;;2;;2;;2;;2;;2;;54;12;54;368.95948245
6042060;1;2;1;90;2;;1;10;2;;2;;2;;2;;2;;2;;2;;2;;54;12;54;368.95948245
6042060;1;3;1;90;2;;2;;2;;2;;2;;2;;2;;2;;2;;2;;54;12;54;368.95948245
6042060;1;4;1;90;2;;2;;2;;2;;2;;2;;2;;2;;2;;2;;54;12;54;368.95948245
6042060;1;5;1;90;2;;2;;2;;2;;2;;2;;2;;2;;2;;2;;54;12;54;368.95948245
6042060;1;6;1;90;2;;2;;2;;2;;2;;2;;2;;2;;2;;2;;54;12;54;368.95948245
6042060;1;7;1;90;2;;1;2;2;;2;;2;;2;;2;;2;;2;;2;;54;12;54;368.95948245
6042060;1;9;1;90;2;;2;;2;;2;;2;;2;;2;;2;;2;;2;;54;12;54;368.95948245
6042061;1;1;1;90;2;;1;2;2;;2;;2;;2;;2;;2;;2;;2;;54;12;54;461.78835225
6042061;1;2;1;90;2;;1;21;2;;2;;2;;2;;2;;2;;2;;2;;54;12;54;461.78835225
6042061;1;3;1;90;2;;1;2;2;;2;;2;;2;;2;;2;;2;;2;;54;12;54;461.78835225
6042061;1;4;1;90;2;;2;;2;;1;6;2;;2;;2;;2;;2;;2;;54;12;54;461.78835225
6042061;1;5;1;90;2;;1;2;2;;1;31;2;;2;;2;;2;;2;;2;;54;12;54;461.78835225
6042062;1;1;1;90;2;;1;42;2;;2;;2;;2;;2;;2;;2;;2;;54;12;54;410.65423098
6042062;1;2;1;90;2;;2;;2;;2;;2;;2;;2;;2;;2;;2;;54;12;54;410.65423098
6042062;1;3;1;90;2;;1;14;2;;2;;2;;2;;2;;2;;2;;2;;54;12;54;410.65423098
6042062;1;4;1;90;2;;1;7;2;;2;;2;;2;;2;;2;;2;;2;;54;12;54;410.65423098
6042062;1;5;1;90;2;;1;5;2;;2;;2;;2;;2;;2;;2;;2;;54;12;54;410.65423098
6042063;1;1;1;90;2;;1;42;2;;2;;2;;2;;2;;2;;2;;2;;54;12;54;421.23647699
6042063;1;2;1;90;2;;2;;2;;2;;2;;2;;2;;2;;2;;2;;54;12;54;421.23647699
6042063;1;3;1;90;2;;2;;2;;2;;2;;2;;2;;2;;2;;2;;54;12;54;421.23647699
6042063;1;4;1;90;2;;2;;2;;2;;2;;2;;2;;2;;2;;2;;54;12;54;421.23647699
6042064;1;1;1;90;2;;1;7;2;;2;;2;;2;;2;;2;;2;;2;;54;12;54;714.44778713
6042064;1;2;1;90;2;;1;14;2;;2;;2;;2;;1;32;2;;2;;2;;54;12;54;714.44778713
6042064;1;3;1;90;2;;2;;2;;2;;2;;2;;2;;2;;2;;2;;54;12;54;714.44778713
6042064;1;4;1;90;2;;2;;2;;2;;2;;2;;2;;2;;2;;2;;54;12;54;714.44778713
6042064;1;5;1;90;2;;2;;2;;2;;2;;2;;2;;2;;2;;2;;54;12;54;714.44778713
6042065;1;1;1;90;2;;1;14;2;;2;;2;;2;;2;;2;;2;;2;;54;12;54;467.00201065
6042065;1;2;1;90;2;;2;;2;;2;;2;;2;;2;;2;;2;;2;;54;12;54;467.00201065
6042066;1;1;1;90;2;;1;12;2;;2;;2;;2;;2;;2;;2;;2;;54;12;54;442.40096899
6042066;1;2;1;90;2;;1;35;2;;2;;2;;2;;2;;2;;2;;2;;54;12;54;442.40096899
6042067;1;1;1;90;2;;1;2;2;;2;;2;;2;;2;;2;;2;;2;;54;12;54;413.29404737
6042067;1;2;1;90;2;;1;2;2;;2;;2;;2;;2;;2;;2;;2;;54;12;54;413.29404737
6042068;1;1;1;90;2;;1;21;2;;2;;2;;2;;2;;2;;2;;2;;54;12;54;249.5601942
6042068;1;2;1;90;2;;1;20;2;;2;;2;;2;;2;;2;;2;;2;;54;12;54;249.5601942
6042069;1;1;1;90;2;;2;;2;;2;;2;;2;;2;;2;;2;;2;;54;12;54;454.06353679
6042069;1;2;1;90;2;;1;36;2;;2;;2;;2;;2;;2;;2;;2;;54;12;54;454.06353679
6042069;1;3;1;90;2;;2;;2;;2;;2;;2;;2;;2;;2;;2;;54;12;54;454.06353679
6042070;1;1;1;90;2;;1;15;2;;1;2;2;;2;;2;;2;;2;;2;;54;12;54;375.99765842
6042071;1;1;1;90;2;;1;14;2;;2;;2;;2;;2;;2;;2;;2;;54;12;54;494.64668779
6042072;1;1;1;90;2;;1;31;2;;1;6;2;;2;;2;;2;;2;;2;;54;12;54;412.97196785
6042072;1;2;1;90;2;;1;2;2;;2;;2;;2;;2;;2;;2;;2;;54;12;54;412.97196785
6042073;1;1;1;90;2;;2;;2;;2;;2;;2;;2;;2;;2;;2;;54;12;54;490.95889327
6042073;1;2;1;90;2;;1;35;2;;1;18;2;;2;;2;;2;;2;;2;;54;12;54;490.95889327
6042074;1;1;1;90;2;;1;35;2;;2;;2;;2;;2;;2;;2;;2;;54;12;54;388.90485654
6042074;1;2;1;90;2;;2;;2;;2;;2;;2;;2;;2;;2;;2;;54;12;54;388.90485654
6042074;1;5;1;90;2;;1;28;2;;2;;2;;2;;2;;2;;2;;2;;54;12;54;388.90485654
6042075;1;1;1;90;2;;2;;2;;2;;2;;2;;2;;2;;2;;2;;54;12;54;429.46249514
6042075;1;2;1;90;2;;1;38;2;;2;;2;;2;;2;;2;;2;;2;;54;12;54;429.46249514
6042075;1;3;1;90;2;;1;14;2;;2;;2;;2;;2;;2;;2;;2;;54;12;54;429.46249514
6042076;1;1;1;90;2;;1;12;2;;2;;2;;2;;2;;2;;2;;2;;54;12;54;467.00201065
6042076;1;2;1;90;2;;2;;2;;2;;2;;2;;2;;2;;2;;2;;54;12;54;467.00201065
6042077;1;1;1;90;2;;2;;2;;2;;2;;2;;2;;2;;2;;2;;54;12;54;417.08922736
6042077;1;2;1;90;2;;2;;2;;2;;2;;2;;2;;2;;2;;2;;54;12;54;417.08922736
6042078;1;1;1;90;2;;1;14;2;;2;;2;;2;;2;;2;;2;;2;;54;12;54;520.14476785
6042078;1;2;1;90;2;;1;18;2;;2;;2;;2;;2;;2;;2;;2;;54;12;54;520.14476785
6042078;1;3;1;90;2;;2;;2;;2;;2;;2;;2;;2;;2;;2;;54;12;54;520.14476785
6042078;1;4;1;90;2;;1;7;2;;2;;2;;2;;2;;2;;2;;2;;54;12;54;520.14476785
6042079;1;1;1;90;2;;1;12;2;;2;;2;;2;;2;;2;;2;;2;;54;12;54;341.13645028
6042079;1;2;1;90;2;;1;6;2;;2;;2;;2;;2;;2;;2;;2;;54;12;54;341.13645028
6042080;1;1;1;90;2;;1;30;2;;1;21;2;;2;;2;;2;;2;;2;;54;12;54;405.2090454
6042081;1;1;1;90;2;;1;38;2;;2;;2;;2;;2;;2;;2;;2;;54;12;54;340.24246691
6042081;1;2;1;90;2;;2;;2;;2;;2;;2;;2;;2;;2;;2;;54;12;54;340.24246691
6042081;1;3;1;90;2;;1;14;2;;2;;2;;2;;2;;2;;2;;2;;54;12;54;340.24246691
6042082;1;1;1;90;2;;2;;2;;2;;2;;2;;2;;2;;2;;2;;54;12;54;442.40096899
6042082;1;2;1;90;2;;1;28;2;;2;;2;;2;;2;;2;;2;;2;;54;12;54;442.40096899
6042083;1;1;1;90;2;;1;24;2;;2;;2;;2;;2;;2;;2;;2;;54;12;54;381.90593971
6042083;1;2;1;90;2;;1;42;2;;2;;2;;2;;2;;2;;2;;2;;54;12;54;381.90593971
6042083;1;3;1;90;2;;1;7;2;;2;;2;;2;;2;;1;15;2;;2;;54;12;54;381.90593971
6042084;1;1;1;90;2;;2;;2;;2;;2;;2;;2;;2;;2;;2;;54;12;54;484.06444179
6042084;1;2;1;90;2;;1;14;2;;2;;2;;2;;2;;2;;2;;2;;54;12;54;484.06444179
6042085;1;1;1;90;2;;1;21;2;;2;;2;;2;;2;;2;;2;;2;;54;12;54;341.13645028
6042085;1;2;1;90;2;;1;21;2;;2;;2;;2;;2;;2;;2;;2;;54;12;54;341.13645028
6042086;1;1;1;90;2;;2;;2;;2;;2;;2;;2;;2;;2;;2;;54;12;54;466.86626956
6042086;1;2;1;90;2;;1;30;2;;2;;2;;2;;2;;2;;2;;2;;54;12;54;466.86626956
6042086;2;1;2;90;2;;2;;2;;2;;2;;2;;2;;2;;2;;2;;54;12;54;466.86626956
6042086;2;2;2;90;2;;1;8;2;;2;;2;;2;;2;;2;;2;;2;;54;12;54;466.86626956
6042086;2;3;2;90;2;;1;5;2;;2;;2;;2;;2;;2;;2;;2;;54;12;54;466.86626956
6042087;1;1;1;90;2;;1;18;2;;2;;2;;2;;2;;2;;2;;2;;54;12;54;494.64668779
6042088;1;1;1;90;2;;1;28;2;;2;;1;28;2;;2;;2;;2;;2;;54;12;54;471.36638619
6042088;1;2;1;90;2;;2;;2;;2;;1;21;2;;2;;2;;2;;2;;54;12;54;471.36638619
6042088;1;3;1;90;2;;1;14;2;;2;;1;7;2;;2;;2;;2;;2;;54;12;54;471.36638619
6042088;1;5;1;90;2;;2;;2;;2;;2;;2;;2;;2;;2;;2;;54;12;54;471.36638619
6042088;1;6;1;90;2;;2;;2;;2;;2;;2;;2;;2;;2;;2;;54;12;54;471.36638619
6042088;1;7;1;90;2;;1;21;2;;1;42;2;;2;;2;;2;;2;;2;;54;12;54;471.36638619
6042089;1;1;1;90;2;;1;24;2;;2;;2;;2;;2;;2;;2;;2;;54;12;54;466.43680457
6042089;1;2;1;90;2;;1;24;2;;2;;2;;2;;2;;2;;2;;2;;54;12;54;466.43680457
6042089;1;3;1;90;2;;1;14;2;;2;;2;;2;;2;;2;;2;;2;;54;12;54;466.43680457
6042089;1;4;1;90;2;;2;;2;;2;;2;;2;;2;;2;;2;;2;;54;12;54;466.43680457
6042090;1;1;1;90;2;;1;18;2;;2;;2;;2;;2;;2;;2;;2;;54;12;54;569.83993697
6042090;1;2;1;90;2;;1;3;2;;2;;2;;2;;2;;2;;2;;2;;54;12;54;569.83993697
6042090;1;3;1;90;2;;1;14;2;;2;;2;;2;;2;;2;;2;;2;;54;12;54;569.83993697
6042090;1;4;1;90;2;;1;14;2;;2;;2;;2;;2;;2;;2;;1;4;54;12;54;569.83993697
6042091;1;1;1;90;2;;2;;2;;2;;2;;2;;2;;2;;2;;2;;54;12;54;419.30971412
6042091;1;2;1;90;2;;1;40;2;;2;;2;;2;;2;;2;;2;;2;;54;12;54;419.30971412
6042091;1;3;1;90;2;;1;35;2;;2;;2;;2;;2;;2;;2;;2;;54;12;54;419.30971412
6042091;1;4;1;90;2;;2;;2;;2;;2;;2;;2;;2;;2;;2;;54;12;54;419.30971412
6042091;1;5;1;90;2;;2;;2;;2;;2;;2;;2;;2;;2;;2;;54;12;54;419.30971412
6042092;1;1;1;90;2;;2;;2;;2;;2;;2;;2;;2;;2;;2;;54;12;54;468.79303242
6042092;1;2;1;90;2;;1;31;2;;1;6;2;;2;;2;;2;;2;;2;;54;12;54;468.79303242
6042092;1;3;1;90;2;;1;2;2;;2;;2;;2;;2;;2;;2;;2;;54;12;54;468.79303242
6042092;1;4;1;90;2;;1;2;2;;2;;2;;2;;2;;2;;2;;2;;54;12;54;468.79303242
6042093;1;1;1;90;2;;2;;2;;1;10;2;;2;;2;;2;;2;;2;;54;12;54;755.91915816
6042093;1;2;1;90;2;;1;35;2;;1;28;2;;2;;2;;2;;2;;2;;54;12;54;755.91915816
6042093;1;6;1;90;2;;1;6;2;;2;;2;;2;;2;;2;;2;;2;;54;12;54;755.91915816
6042094;1;1;1;90;2;;1;38;2;;2;;2;;2;;2;;2;;2;;2;;54;12;54;376.31973793
6042095;1;1;1;90;2;;1;10;2;;2;;2;;2;;2;;2;;2;;2;;54;12;54;457.85871679
6042095;1;2;1;90;2;;2;;2;;2;;2;;2;;2;;2;;2;;2;;54;12;54;457.85871679
6042095;1;3;1;90;2;;1;7;2;;2;;2;;2;;2;;2;;2;;2;;54;12;54;457.85871679
6042096;1;1;1;90;2;;1;14;2;;2;;2;;2;;2;;2;;2;;2;;54;12;54;431.81872299
6042096;1;2;1;90;2;;1;21;2;;2;;2;;2;;1;3;2;;2;;2;;54;12;54;431.81872299
6042096;1;3;1;90;2;;1;7;2;;2;;2;;2;;2;;2;;2;;2;;54;12;54;431.81872299
6042097;1;1;1;90;2;;1;15;2;;2;;2;;2;;2;;2;;2;;2;;54;12;54;494.64668779
6042098;1;1;1;90;2;;1;42;2;;2;;2;;2;;2;;2;;2;;2;;54;12;54;252.99674384
6042098;1;2;1;90;2;;1;14;2;;2;;2;;2;;2;;2;;2;;2;;54;12;54;252.99674384
6042098;1;3;1;90;2;;1;14;2;;2;;2;;2;;2;;2;;2;;2;;54;12;54;252.99674384
6042098;1;4;1;90;2;;2;;2;;2;;2;;2;;2;;2;;2;;2;;54;12;54;252.99674384
6042099;1;1;1;90;2;;2;;2;;2;;2;;2;;2;;2;;2;;2;;54;12;54;570.05755114
6042099;1;2;1;90;2;;2;;2;;2;;2;;2;;2;;2;;2;;2;;54;12;54;570.05755114
6042099;1;3;1;90;2;;1;16;2;;2;;2;;2;;2;;2;;2;;2;;54;12;54;570.05755114
6042099;1;4;1;90;2;;1;1;2;;2;;2;;2;;2;;2;;2;;2;;54;12;54;570.05755114
6042100;1;1;1;90;2;;2;;2;;2;;2;;2;;2;;2;;2;;2;;54;12;54;376.31973793
6042101;1;1;1;90;2;;1;40;2;;2;;2;;2;;2;;2;;2;;2;;54;12;54;456.41976464
6042101;1;2;1;90;2;;2;;2;;2;;2;;2;;1;35;2;;2;;2;;54;12;54;456.41976464
6042101;1;3;1;90;2;;2;;2;;2;;2;;2;;2;;2;;2;;2;;54;12;54;456.41976464
6042102;1;1;1;90;2;;2;;2;;2;;2;;2;;2;;2;;2;;2;;54;12;54;274.16123585
6042102;1;2;1;90;2;;1;4;2;;2;;2;;2;;2;;2;;2;;2;;54;12;54;274.16123585
6042103;1;1;1;90;2;;2;;2;;2;;2;;2;;2;;2;;2;;2;;54;12;54;507.77150007
6042103;1;2;1;90;2;;2;;1;5;2;;2;;2;;2;;2;;2;;2;;54;12;54;507.77150007
6042103;1;3;1;90;2;;2;;2;;2;;2;;2;;2;;2;;2;;2;;54;12;54;507.77150007
6042104;1;1;1;90;2;;1;38;2;;2;;2;;2;;2;;2;;2;;2;;54;12;54;376.31973793
6042106;1;1;1;90;2;;2;;2;;2;;2;;2;;2;;2;;2;;2;;54;12;54;417.08922736
6042106;1;2;1;90;2;;1;35;2;;2;;2;;2;;2;;2;;2;;2;;54;12;54;417.08922736
6042107;1;1;1;90;2;;1;15;2;;2;;2;;2;;2;;2;;2;;2;;54;12;54;494.64668779
6042109;1;1;1;90;2;;1;2;2;;2;;2;;2;;2;;2;;2;;2;;54;12;54;490.8515078
6042110;1;1;1;90;2;;1;32;2;;2;;2;;2;;2;;2;;2;;2;;54;12;54;364.84350856
6042110;1;2;1;90;2;;2;;2;;2;;2;;2;;2;;2;;2;;2;;54;12;54;364.84350856
6042110;1;3;1;90;2;;1;24;2;;2;;2;;2;;2;;2;;2;;2;;54;12;54;364.84350856
6042112;1;1;1;90;2;;1;21;2;;2;;2;;2;;2;;2;;2;;2;;54;12;54;351.71869628
6042113;1;1;1;90;2;;1;35;2;;2;;2;;2;;2;;2;;2;;2;;54;12;54;252.99674384
6042113;1;2;1;90;2;;1;18;2;;2;;2;;2;;2;;2;;2;;2;;54;12;54;252.99674384
6042113;1;3;1;90;2;;1;14;2;;2;;2;;2;;2;;2;;2;;2;;54;12;54;252.99674384
6042113;1;4;1;90;2;;1;14;2;;2;;2;;2;;2;;2;;2;;2;;54;12;54;252.99674384
6042114;1;1;1;90;2;;2;;2;;2;;2;;2;;2;;2;;2;;2;;54;12;54;417.08922736
6042114;1;2;1;90;2;;1;38;2;;2;;2;;2;;2;;2;;2;;2;;54;12;54;417.08922736
6042115;1;1;1;90;2;;1;1;2;;1;6;2;;2;;2;;2;;2;;2;;54;12;54;731.52996733
6042115;1;2;1;90;2;;1;15;2;;1;35;2;;2;;2;;2;;2;;2;;54;12;54;731.52996733
6042115;1;5;1;90;2;;1;6;2;;1;12;2;;2;;2;;2;;2;;2;;54;12;54;731.52996733
6042115;1;6;1;90;2;;2;;2;;2;;2;;2;;2;;2;;2;;2;;54;12;54;731.52996733
6042116;1;1;1;90;2;;1;35;2;;2;;2;;2;;2;;2;;2;;2;;54;12;54;341.13645028
6042116;1;2;1;90;2;;1;24;2;;2;;2;;2;;2;;2;;2;;2;;54;12;54;341.13645028
6042117;1;1;1;90;2;;2;;2;;2;;2;;2;;2;;2;;2;;2;;54;12;54;388.69300572
6042117;1;2;1;90;2;;1;6;2;;2;;2;;2;;2;;2;;2;;2;;54;12;54;388.69300572
6042118;1;1;1;90;2;;2;;2;;2;;2;;2;;2;;2;;2;;2;;54;12;54;520.17028025
6042118;1;2;1;90;2;;1;40;2;;2;;2;;2;;2;;2;;2;;2;;54;12;54;520.17028025
6042119;1;1;1;90;2;;1;42;2;;2;;2;;2;;2;;2;;2;;2;;54;12;54;467.00201065
6042119;1;2;1;90;2;;2;;2;;2;;2;;2;;2;;2;;2;;2;;54;12;54;467.00201065
6042120;1;1;1;90;2;;2;;2;;2;;2;;2;;2;;2;;2;;2;;54;12;54;392.23694083
6042120;1;2;1;90;2;;1;28;2;;2;;2;;2;;2;;2;;2;;2;;54;12;54;392.23694083
6042120;1;3;1;90;2;;1;21;2;;2;;2;;2;;2;;2;;2;;2;;54;12;54;392.23694083
6042120;1;4;1;90;2;;2;;2;;2;;2;;2;;2;;2;;2;;2;;54;12;54;392.23694083
6042120;1;6;1;90;2;;1;36;2;;1;14;2;;2;;2;;2;;2;;2;;54;12;54;392.23694083
6042121;1;1;1;90;2;;2;;2;;2;;2;;2;;2;;2;;2;;2;;54;12;54;467.00201065
6042121;1;2;1;90;2;;1;6;2;;2;;1;16;2;;2;;2;;2;;2;;54;12;54;467.00201065
6042122;1;1;1;90;2;;2;;2;;2;;2;;2;;2;;2;;2;;2;;54;12;54;490.95889327
6042122;1;2;1;90;2;;1;40;2;;1;20;2;;2;;2;;2;;2;;2;;54;12;54;490.95889327
6042123;1;1;1;90;2;;1;6;2;;2;;2;;2;;2;;2;;2;;2;;54;12;54;503.97632008
6042123;1;2;1;90;2;;1;1;2;;2;;2;;2;;2;;2;;2;;2;;54;12;54;503.97632008
6042123;1;3;1;90;2;;1;2;2;;2;;2;;2;;2;;2;;2;;2;;54;12;54;503.97632008
6042124;1;1;1;90;2;;2;;2;;2;;2;;2;;2;;2;;2;;2;;54;12;54;533.75961091
6042124;1;2;1;90;2;;1;40;2;;1;28;2;;2;;2;;2;;2;;2;;54;12;54;533.75961091
6042125;1;1;1;90;2;;2;;2;;2;;2;;2;;2;;2;;2;;2;;54;12;54;466.67993113
6042125;1;2;1;90;2;;1;38;2;;1;15;2;;2;;2;;2;;2;;2;;54;12;54;466.67993113
6042130;1;1;1;90;2;;1;21;2;;2;;2;;2;;2;;2;;2;;2;;54;12;54;531.62099723
6042130;1;2;1;90;2;;1;21;2;;2;;2;;2;;2;;2;;2;;2;;54;12;54;531.62099723
6042434;1;1;1;90;2;;1;6;2;;2;;2;;2;;2;;2;;2;;2;;66;12;66;374.43251784
6042440;1;1;1;90;2;;1;35;2;;1;21;2;;2;;2;;2;;2;;2;;66;12;66;319.84670284
6042440;1;2;1;90;2;;2;;2;;2;;2;;2;;2;;2;;2;;2;;66;12;66;319.84670284
6042440;1;3;1;90;2;;1;10;2;;2;;2;;2;;2;;2;;2;;2;;66;12;66;319.84670284
6042440;1;4;1;90;2;;1;8;2;;2;;2;;2;;2;;2;;2;;2;;66;12;66;319.84670284
6042440;1;6;1;90;2;;1;10;2;;2;;2;;2;;2;;2;;2;;2;;66;12;66;319.84670284
6042440;1;7;1;90;2;;2;;2;;2;;2;;2;;2;;2;;2;;2;;66;12;66;319.84670284
6042440;1;8;1;90;2;;1;12;2;;2;;2;;2;;2;;2;;2;;2;;66;12;66;319.84670284
6042441;1;1;1;90;2;;1;5;2;;2;;2;;2;;2;;2;;2;;2;;66;12;66;305.21052346
6042441;1;2;1;90;2;;1;36;2;;2;;2;;2;;2;;2;;2;;2;;66;12;66;305.21052346
6042442;1;1;1;90;2;;2;;2;;2;;2;;2;;2;;2;;2;;2;;66;12;66;477.25415188
6042442;1;2;1;90;2;;1;35;2;;2;;2;;2;;2;;2;;2;;2;;66;12;66;477.25415188
6042442;1;3;1;90;2;;2;;2;;2;;2;;2;;2;;2;;2;;2;;66;12;66;477.25415188
6042442;1;4;1;90;2;;1;10;2;;2;;2;;2;;2;;2;;2;;2;;66;12;66;477.25415188
6042443;1;1;1;90;2;;1;40;2;;2;;2;;2;;2;;2;;2;;2;;66;12;66;348.4157793
6042444;1;1;1;90;2;;1;21;2;;1;10;2;;2;;2;;2;;2;;2;;66;12;66;480.54245562
6042444;1;2;1;90;2;;1;30;2;;1;24;2;;2;;2;;2;;2;;2;;66;12;66;480.54245562
6042445;1;1;1;90;2;;1;2;2;;2;;2;;2;;2;;2;;2;;2;;66;12;66;341.94288998
6042445;1;2;1;90;2;;1;2;2;;2;;2;;2;;2;;2;;2;;2;;66;12;66;341.94288998
6042445;1;3;1;90;2;;1;5;2;;2;;2;;2;;2;;2;;2;;1;4;66;12;66;341.94288998
6042446;1;1;1;90;2;;1;24;2;;2;;2;;2;;2;;2;;2;;2;;66;12;66;448.37695479
6042446;1;2;1;90;2;;1;14;2;;2;;2;;2;;2;;2;;2;;2;;66;12;66;448.37695479
6042447;1;1;1;90;2;;1;40;2;;2;;2;;2;;2;;2;;2;;2;;66;12;66;355.55421469
6042447;1;2;1;90;2;;1;10;2;;2;;2;;2;;2;;2;;2;;2;;66;12;66;355.55421469
6042448;1;1;1;90;2;;1;21;2;;2;;2;;2;;2;;2;;2;;2;;66;12;66;414.34946994
6042448;1;2;1;90;2;;1;5;2;;2;;2;;2;;2;;2;;2;;2;;66;12;66;414.34946994
6042450;1;1;1;90;2;;1;21;2;;2;;2;;2;;2;;2;;2;;2;;66;12;66;466.93113092
6042450;1;2;1;90;2;;2;;2;;2;;2;;2;;2;;2;;2;;2;;66;12;66;466.93113092
6042450;1;3;1;90;2;;1;14;2;;2;;2;;2;;2;;2;;2;;2;;66;12;66;466.93113092
6042451;1;1;1;90;2;;1;21;2;;2;;2;;2;;2;;2;;2;;2;;66;12;66;325.92803969
6042451;1;2;1;90;2;;1;30;2;;2;;2;;2;;2;;2;;2;;2;;66;12;66;325.92803969
6042451;1;3;1;90;2;;1;10;2;;2;;2;;2;;2;;2;;2;;2;;66;12;66;325.92803969
6042452;1;1;1;90;2;;1;2;2;;2;;2;;2;;2;;2;;2;;2;;66;12;66;525.50176743
6042452;1;2;1;90;2;;1;30;2;;2;;2;;2;;2;;2;;2;;2;;66;12;66;525.50176743
6042452;1;3;1;90;2;;1;20;2;;1;30;2;;2;;2;;2;;2;;2;;66;12;66;525.50176743
6042453;1;1;1;90;2;;2;;2;;2;;2;;2;;2;;2;;2;;2;;66;12;66;431.8824006
6042453;1;2;1;90;2;;2;;2;;2;;2;;2;;2;;2;;2;;2;;66;12;66;431.8824006
6042453;1;3;1;90;2;;2;;2;;2;;2;;2;;2;;2;;2;;2;;66;12;66;431.8824006
6042454;1;1;1;90;2;;2;;2;;2;;2;;2;;2;;2;;2;;2;;66;12;66;492.99657283
6042454;1;2;1;90;2;;1;12;2;;2;;2;;2;;2;;2;;2;;2;;66;12;66;492.99657283
6042454;1;3;1;90;2;;1;15;2;;2;;2;;2;;2;;2;;2;;2;;66;12;66;492.99657283
6042454;1;4;1;90;2;;1;10;2;;2;;2;;2;;2;;2;;2;;2;;66;12;66;492.99657283
6042455;1;1;1;90;2;;1;15;2;;2;;2;;2;;2;;2;;2;;2;;66;12;66;436.19194982
6042456;1;1;1;90;2;;1;20;2;;2;;1;20;2;;2;;2;;2;;2;;66;12;66;320.58011401
6042456;1;2;1;90;2;;2;;2;;2;;2;;2;;2;;2;;2;;2;;66;12;66;320.58011401
6042456;1;3;1;90;2;;1;6;2;;2;;2;;2;;2;;2;;2;;2;;66;12;66;320.58011401
6042457;1;1;1;90;2;;1;14;2;;2;;2;;2;;2;;2;;2;;2;;66;12;66;451.56154037
6042457;1;2;1;90;2;;1;14;2;;2;;2;;2;;2;;2;;2;;2;;66;12;66;451.56154037
6042458;1;1;1;90;2;;1;15;2;;2;;2;;2;;2;;2;;2;;2;;66;12;66;407.87658062
6042458;1;2;1;90;2;;1;15;2;;2;;2;;2;;2;;2;;2;;2;;66;12;66;407.87658062
6042458;1;3;1;90;2;;1;16;2;;2;;2;;2;;2;;2;;2;;2;;66;12;66;407.87658062
6042458;1;4;1;90;2;;1;12;2;;2;;2;;2;;2;;2;;2;;2;;66;12;66;407.87658062
6042459;1;1;1;90;2;;1;24;2;;2;;2;;2;;2;;2;;2;;2;;66;12;66;320.58011401
6042459;1;2;1;90;2;;1;21;2;;2;;2;;2;;2;;2;;2;;2;;66;12;66;320.58011401
6042459;1;3;1;90;2;;1;14;2;;2;;2;;2;;2;;2;;2;;2;;66;12;66;320.58011401
6042460;1;1;1;90;2;;1;2;2;;2;;2;;2;;2;;2;;2;;2;;66;12;66;320.58011401
6042460;1;2;1;90;2;;1;38;2;;2;;2;;2;;2;;2;;2;;2;;66;12;66;320.58011401
6042460;1;3;1;90;2;;1;10;2;;2;;2;;2;;2;;2;;2;;2;;66;12;66;320.58011401
6042461;1;1;1;90;2;;2;;2;;2;;2;;2;;2;;2;;2;;2;;66;12;66;557.66726827
6042461;1;2;1;90;2;;1;20;2;;1;30;2;;2;;2;;2;;2;;2;;66;12;66;557.66726827
6042461;1;3;1;90;2;;1;4;2;;2;;2;;2;;2;;2;;2;;2;;66;12;66;557.66726827
6042463;1;1;1;90;2;;1;7;2;;1;14;2;;2;;2;;2;;2;;2;;66;12;66;470.75676635
6042463;1;2;1;90;2;;1;30;2;;1;30;2;;2;;2;;2;;2;;2;;66;12;66;470.75676635
6042464;1;1;1;90;2;;1;28;2;;2;;2;;2;;2;;2;;2;;2;;66;12;66;323.76469958
6042464;1;2;1;90;2;;1;6;2;;2;;2;;2;;2;;2;;2;;2;;66;12;66;323.76469958
6042464;1;3;1;90;2;;1;10;2;;2;;2;;2;;2;;2;;2;;2;;66;12;66;323.76469958
6042465;1;1;1;90;2;;1;38;2;;2;;1;10;2;;2;;2;;2;;2;;66;12;66;305.21052346
6042465;1;2;1;90;2;;2;;2;;2;;2;;2;;2;;2;;2;;2;;66;12;66;305.21052346
6042466;1;1;1;90;2;;1;21;2;;2;;2;;2;;2;;2;;2;;2;;66;12;66;305.21052346
6042466;1;2;1;90;2;;1;28;2;;2;;2;;2;;2;;2;;2;;2;;66;12;66;305.21052346
6042467;1;1;1;90;2;;1;30;2;;2;;2;;2;;2;;1;10;2;;2;;66;12;66;374.43251784
6042468;1;1;1;90;2;;1;8;2;;1;10;2;;2;;2;;2;;2;;2;;66;12;66;480.54245562
6042468;1;2;1;90;2;;1;20;2;;1;25;2;;2;;2;;2;;2;;2;;66;12;66;480.54245562
6042469;1;1;1;90;2;;1;14;2;;1;14;2;;2;;2;;2;;2;;2;;66;12;66;537.59080189
6042470;1;1;1;90;2;;1;32;2;;2;;2;;2;;2;;2;;2;;2;;66;12;66;262.00526761
6042470;1;2;1;90;2;;1;21;2;;2;;2;;2;;2;;2;;2;;2;;66;12;66;262.00526761
6042470;1;3;1;90;2;;1;10;2;;2;;2;;2;;2;;2;;2;;2;;66;12;66;262.00526761
6042471;1;1;1;90;2;;1;4;2;;2;;2;;2;;2;;2;;2;;2;;66;12;66;451.56154037
6042471;1;2;1;90;2;;1;15;2;;2;;2;;2;;2;;2;;2;;2;;66;12;66;451.56154037
6042472;1;1;1;90;2;;1;15;2;;2;;2;;2;;2;;2;;2;;2;;66;12;66;436.19194982
6042473;1;1;1;90;2;;1;4;2;;2;;2;;2;;2;;2;;2;;2;;66;12;66;451.56154037
6042473;1;2;1;90;2;;1;15;2;;2;;2;;2;;2;;2;;2;;2;;66;12;66;451.56154037
6042474;1;1;1;90;2;;1;2;2;;2;;2;;2;;2;;2;;2;;2;;66;12;66;480.54245562
6042474;1;2;1;90;2;;1;20;2;;2;;2;;2;;2;;2;;2;;2;;66;12;66;480.54245562
6042477;1;1;1;90;2;;1;40;2;;1;20;2;;2;;2;;2;;2;;2;;66;12;66;507.96883678
6042477;1;2;1;90;2;;2;;2;;2;;2;;2;;2;;2;;2;;2;;66;12;66;507.96883678
6042478;1;1;1;90;2;;2;;2;;2;;2;;2;;2;;2;;2;;2;;66;12;66;320.58011401
6042478;1;2;1;90;2;;1;20;2;;2;;2;;2;;2;;2;;2;;2;;66;12;66;320.58011401
6042478;1;3;1;90;2;;1;20;2;;2;;2;;2;;2;;2;;2;;2;;66;12;66;320.58011401
6042480;1;1;1;90;2;;1;40;2;;2;;2;;2;;2;;2;;2;;2;;66;12;66;429.71906049
6042480;1;2;1;90;2;;1;5;2;;2;;2;;2;;2;;2;;2;;2;;66;12;66;429.71906049
6042480;1;3;1;90;2;;1;12;2;;2;;2;;2;;2;;2;;2;;2;;66;12;66;429.71906049
6042481;1;1;1;90;2;;1;7;2;;2;;2;;2;;2;;2;;2;;2;;66;12;66;495.91204618
6042481;1;2;1;90;2;;1;30;2;;1;24;2;;2;;2;;2;;2;;2;;66;12;66;495.91204618
6042481;1;3;1;90;2;;1;21;2;;1;28;2;;2;;2;;2;;2;;2;;66;12;66;495.91204618
6042482;1;1;1;90;2;;2;;2;;2;;2;;2;;2;;2;;2;;2;;66;12;66;384.39916792
6042482;1;2;1;90;2;;1;20;2;;2;;2;;2;;2;;2;;2;;2;;66;12;66;384.39916792
6042482;1;3;1;90;2;;1;2;2;;2;;2;;2;;2;;2;;2;;2;;66;12;66;384.39916792
6042482;1;4;1;90;2;;1;2;2;;2;;2;;2;;2;;2;;2;;2;;66;12;66;384.39916792
6042482;1;5;1;90;2;;1;5;2;;2;;2;;2;;2;;2;;2;;2;;66;12;66;384.39916792
6042491;1;1;1;90;2;;2;;2;;2;;2;;2;;2;;2;;2;;2;;66;12;66;389.80210839
6042491;1;2;1;90;2;;1;5;2;;2;;2;;2;;2;;2;;2;;2;;66;12;66;389.80210839
6042492;1;1;1;90;2;;1;2;2;;2;;2;;2;;2;;2;;2;;1;2;66;12;66;392.98669397
6042492;1;2;1;90;2;;1;2;2;;2;;2;;2;;2;;2;;2;;2;;66;12;66;392.98669397
6042493;1;1;1;90;2;;1;35;2;;2;;2;;2;;2;;2;;2;;2;;66;12;66;235.98852907
6042493;1;2;1;90;2;;1;2;2;;2;;2;;2;;2;;2;;2;;2;;66;12;66;235.98852907
6042493;1;3;1;90;2;;1;38;2;;2;;1;10;2;;2;;2;;2;;2;;66;12;66;235.98852907
6042494;1;1;1;90;2;;1;10;2;;2;;2;;2;;2;;2;;2;;2;;66;12;66;350.22590385
6042494;1;2;1;90;2;;1;21;2;;2;;2;;2;;2;;2;;2;;2;;66;12;66;350.22590385
6042494;1;3;1;90;2;;1;32;2;;2;;2;;2;;2;;2;;2;;2;;66;12;66;350.22590385
6042494;1;4;1;90;2;;1;10;2;;2;;2;;2;;2;;2;;2;;2;;66;12;66;350.22590385
6042494;1;5;1;90;2;;1;10;2;;2;;2;;2;;2;;2;;2;;2;;66;12;66;350.22590385
6042494;1;6;1;90;2;;1;10;2;;2;;2;;2;;2;;2;;2;;2;;66;12;66;350.22590385
6042496;1;1;1;90;2;;1;35;2;;2;;2;;2;;2;;2;;2;;2;;66;12;66;366.96995543
6042496;1;2;1;90;2;;1;5;2;;2;;2;;2;;2;;2;;2;;2;;66;12;66;366.96995543
6042497;1;1;1;90;2;;1;14;2;;2;;2;;2;;2;;2;;2;;2;;66;12;66;438.74684239
6042497;1;2;1;90;2;;2;;2;;2;;2;;2;;2;;2;;2;;2;;66;12;66;438.74684239
6042497;1;4;1;90;2;;1;28;2;;1;21;2;;2;;2;;2;;2;;2;;66;12;66;438.74684239
6042498;1;1;1;90;2;;1;5;2;;2;;2;;2;;2;;2;;2;;2;;66;12;66;366.96995543
6042498;1;2;1;90;2;;1;41;2;;2;;2;;2;;2;;2;;2;;2;;66;12;66;366.96995543
6042499;1;1;1;90;2;;1;30;2;;2;;2;;2;;2;;2;;2;;2;;66;12;66;433.00736424
6042500;1;1;1;90;2;;1;40;2;;2;;2;;2;;2;;2;;2;;2;;66;12;66;348.4157793
6042501;1;1;1;90;2;;1;14;2;;2;;2;;2;;2;;2;;2;;2;;66;12;66;325.92803969
6042501;1;2;1;90;2;;1;28;2;;2;;2;;2;;2;;2;;2;;2;;66;12;66;325.92803969
6042501;1;3;1;90;2;;1;10;2;;2;;2;;2;;2;;2;;2;;2;;66;12;66;325.92803969
6042503;1;1;1;90;2;;1;21;2;;2;;2;;2;;2;;2;;2;;2;;66;12;66;418.45889662
6042503;1;2;1;90;2;;2;;2;;2;;2;;2;;2;;2;;2;;2;;66;12;66;418.45889662
6042503;1;3;1;90;2;;1;8;2;;2;;2;;2;;2;;2;;2;;2;;66;12;66;418.45889662
6042503;1;6;1;90;2;;1;35;2;;2;;2;;2;;2;;2;;2;;2;;66;12;66;418.45889662
6042504;1;1;1;90;2;;2;;2;;2;;2;;2;;2;;2;;2;;2;;66;12;66;429.71906049
6042504;1;2;1;90;2;;1;14;2;;2;;2;;2;;2;;2;;2;;2;;66;12;66;429.71906049
6042504;1;3;1;90;2;;1;14;2;;2;;2;;2;;2;;2;;2;;2;;66;12;66;429.71906049
6042505;1;1;1;90;2;;1;21;2;;2;;2;;2;;2;;2;;2;;2;;66;12;66;523.97947719
6042505;1;2;1;90;2;;1;10;2;;2;;2;;2;;2;;2;;2;;2;;66;12;66;523.97947719
6042506;1;1;1;90;2;;1;20;2;;2;;1;25;2;;2;;2;;2;;2;;66;12;66;304.08555981
6042506;1;2;1;90;2;;2;;2;;2;;2;;2;;2;;2;;2;;2;;66;12;66;304.08555981
6042506;1;3;1;90;2;;1;10;2;;2;;1;30;2;;2;;2;;2;;2;;66;12;66;304.08555981
6042506;1;4;1;90;2;;1;10;2;;2;;1;15;2;;2;;2;;2;;2;;66;12;66;304.08555981
6042507;1;1;1;90;2;;1;2;2;;2;;2;;2;;2;;2;;2;;2;;66;12;66;305.21052346
6042507;1;2;1;90;2;;1;42;2;;2;;2;;2;;2;;2;;2;;2;;66;12;66;305.21052346
6042508;1;1;1;90;2;;1;28;2;;2;;2;;2;;2;;2;;2;;2;;66;12;66;305.21052346
6042508;1;2;1;90;2;;1;21;2;;2;;2;;2;;2;;2;;2;;2;;66;12;66;305.21052346
6042509;1;1;1;90;2;;1;15;2;;2;;2;;2;;2;;2;;2;;2;;66;12;66;363.78536986
6042509;1;2;1;90;2;;1;24;2;;2;;2;;2;;2;;2;;2;;2;;66;12;66;363.78536986
6042510;1;1;1;90;2;;1;14;2;;2;;2;;2;;2;;2;;2;;2;;66;12;66;374.43251784
6042511;1;1;1;90;2;;2;;2;;2;;2;;2;;2;;2;;2;;2;;66;12;66;435.06698617
6042511;1;2;1;90;2;;1;28;2;;2;;2;;2;;2;;2;;2;;2;;66;12;66;435.06698617
6042511;1;3;1;90;2;;2;;2;;2;;2;;2;;2;;2;;2;;2;;66;12;66;435.06698617
6042512;1;1;1;90;2;;1;4;2;;2;;2;;2;;2;;2;;2;;2;;66;12;66;337.01965341
6042512;1;2;1;90;2;;1;8;2;;2;;2;;2;;2;;2;;2;;2;;66;12;66;337.01965341
6042512;1;3;1;90;2;;1;20;2;;2;;2;;2;;2;;2;;2;;2;;66;12;66;337.01965341
6042512;1;4;1;90;2;;1;40;2;;2;;2;;2;;2;;2;;2;;2;;66;12;66;337.01965341
6042512;1;5;1;90;2;;2;;2;;2;;2;;2;;2;;2;;2;;2;;66;12;66;337.01965341
6042513;1;1;1;90;2;;1;8;2;;2;;2;;2;;2;;2;;2;;2;;66;12;66;433.00736424
6042514;1;1;1;90;2;;1;28;2;;2;;2;;2;;2;;2;;2;;2;;66;12;66;363.78536986
6042514;1;2;1;90;2;;1;14;2;;2;;2;;2;;2;;2;;2;;2;;66;12;66;363.78536986
6042515;1;1;1;90;2;;2;;2;;2;;2;;2;;2;;2;;2;;2;;66;12;66;394.82590705
6042515;1;2;1;90;2;;1;40;2;;2;;2;;2;;2;;2;;2;;2;;66;12;66;394.82590705
6042515;1;3;1;90;2;;1;20;2;;2;;2;;2;;2;;2;;2;;2;;66;12;66;394.82590705
6042515;1;4;1;90;2;;1;10;2;;2;;2;;2;;2;;2;;2;;2;;66;12;66;394.82590705
6042516;1;1;1;90;2;;1;40;2;;2;;2;;2;;2;;2;;2;;2;;66;12;66;228.52596666
6042516;1;2;1;90;2;;2;;2;;2;;2;;2;;2;;2;;2;;2;;66;12;66;228.52596666
6042516;1;3;1;90;2;;2;;2;;2;;2;;2;;2;;2;;2;;2;;66;12;66;228.52596666
6042516;1;4;1;90;2;;1;40;2;;2;;1;40;2;;2;;2;;2;;2;;66;12;66;228.52596666
6042518;1;1;1;90;2;;1;2;2;;2;;2;;2;;2;;2;;2;;2;;66;12;66;501.25997186
6042518;1;2;1;90;2;;1;20;2;;1;2;2;;2;;2;;2;;2;;2;;66;12;66;501.25997186
6042518;1;3;1;90;2;;1;4;2;;2;;2;;2;;2;;2;;2;;2;;66;12;66;501.25997186
6042519;1;1;1;90;2;;1;36;2;;2;;2;;2;;2;;2;;2;;1;4;66;12;66;348.4157793
6042520;1;1;1;90;2;;1;14;2;;2;;2;;2;;2;;2;;2;;2;;66;12;66;421.48790532
6042520;1;2;1;90;2;;1;14;2;;2;;2;;2;;2;;2;;2;;2;;66;12;66;421.48790532
6042520;1;3;1;90;2;;1;14;2;;2;;2;;2;;2;;2;;2;;2;;66;12;66;421.48790532
6042521;1;1;1;90;2;;1;10;2;;2;;2;;2;;2;;2;;2;;2;;66;12;66;305.21052346
6042521;1;2;1;90;2;;1;26;2;;2;;2;;2;;2;;2;;2;;2;;66;12;66;305.21052346
6042522;1;1;1;90;2;;1;41;2;;2;;2;;1;2;2;;2;;2;;2;;66;12;66;366.96995543
6042522;1;2;1;90;2;;1;5;2;;2;;2;;2;;2;;2;;2;;2;;66;12;66;366.96995543
6042523;1;1;1;90;2;;2;;2;;2;;2;;2;;2;;2;;2;;2;;66;12;66;366.96995543
6042523;1;2;1;90;2;;1;40;2;;2;;2;;2;;2;;2;;2;;2;;66;12;66;366.96995543
6042524;1;1;1;90;2;;1;15;2;;2;;2;;2;;2;;2;;2;;2;;66;12;66;323.76469958
6042524;1;2;1;90;2;;1;12;2;;2;;1;25;2;;2;;2;;2;;2;;66;12;66;323.76469958
6042524;1;3;1;90;2;;2;;2;;2;;2;;2;;2;;2;;2;;2;;66;12;66;323.76469958
6042525;1;1;1;90;2;;1;28;2;;1;28;2;;2;;2;;2;;2;;2;;66;12;66;467.57218078
6042525;1;2;1;90;2;;1;14;2;;2;;2;;2;;2;;2;;2;;2;;66;12;66;467.57218078
6042526;1;1;1;90;2;;1;38;2;;2;;2;;2;;2;;2;;2;;2;;66;12;66;323.76469958
6042526;1;2;1;90;2;;1;3;2;;2;;2;;2;;2;;2;;2;;2;;66;12;66;323.76469958
6042526;1;3;1;90;2;;1;6;2;;2;;2;;2;;2;;2;;2;;2;;66;12;66;323.76469958
6042527;1;1;1;90;2;;2;;2;;2;;2;;2;;2;;2;;2;;2;;66;12;66;305.21052346
6042527;1;2;1;90;2;;1;40;2;;2;;2;;2;;2;;2;;2;;2;;66;12;66;305.21052346
6042528;1;1;1;90;2;;1;5;2;;2;;2;;2;;2;;2;;2;;2;;66;12;66;279.19378492
6042528;1;2;1;90;2;;1;26;2;;2;;1;45;2;;2;;2;;2;;2;;66;12;66;279.19378492
6042530;1;1;1;90;2;;1;29;2;;2;;2;;2;;2;;2;;2;;2;;66;12;66;413.48380135
6042530;1;2;1;90;2;;1;24;2;;2;;2;;2;;2;;2;;2;;2;;66;12;66;413.48380135
6042530;1;4;1;90;2;;1;7;2;;2;;2;;2;;2;;2;;2;;2;;66;12;66;413.48380135
6042531;1;1;1;90;2;;2;;2;;2;;2;;2;;2;;2;;2;;2;;66;12;66;319.45515037
6042531;1;2;1;90;2;;2;;2;;2;;2;;2;;2;;2;;2;;2;;66;12;66;319.45515037
6042531;1;3;1;90;2;;2;;2;;2;;2;;2;;2;;2;;2;;2;;66;12;66;319.45515037
6042531;1;4;1;90;2;;2;;2;;2;;2;;2;;2;;2;;2;;2;;66;12;66;319.45515037
6042531;1;5;1;90;2;;1;28;2;;2;;2;;2;;2;;2;;2;;2;;66;12;66;319.45515037
6042532;1;1;1;90;2;;1;5;2;;2;;2;;2;;2;;2;;2;;2;;66;12;66;323.28499568
6042532;1;2;1;90;2;;1;41;2;;2;;2;;2;;2;;2;;2;;2;;66;12;66;323.28499568
6042532;1;3;1;90;2;;1;5;2;;2;;2;;2;;2;;2;;2;;2;;66;12;66;323.28499568
6042532;1;4;1;90;2;;1;10;2;;2;;2;;2;;2;;2;;2;;2;;66;12;66;323.28499568
6042533;1;1;1;90;2;;2;;2;;2;;2;;2;;2;;2;;2;;2;;66;12;66;323.76469958
6042533;1;2;1;90;2;;1;40;2;;2;;2;;2;;2;;2;;2;;2;;66;12;66;323.76469958
6042533;1;3;1;90;2;;1;20;2;;2;;2;;2;;2;;2;;2;;2;;66;12;66;323.76469958
6042534;1;1;1;90;2;;1;40;2;;2;;2;;2;;2;;2;;2;;2;;66;12;66;429.71906049
6042534;1;2;1;90;2;;2;;2;;2;;2;;2;;2;;2;;2;;2;;66;12;66;429.71906049
6042534;1;3;1;90;2;;1;20;2;;2;;2;;2;;2;;2;;2;;2;;66;12;66;429.71906049
6042535;1;1;1;90;2;;1;8;2;;2;;2;;2;;2;;2;;2;;2;;66;12;66;323.76469958
6042535;1;2;1;90;2;;1;40;2;;2;;2;;2;;2;;2;;2;;2;;66;12;66;323.76469958
6042535;1;3;1;90;2;;1;20;2;;2;;2;;2;;2;;2;;2;;2;;66;12;66;323.76469958
6042537;1;1;1;90;2;;1;4;2;;1;4;2;;2;;2;;2;;2;;2;;66;12;66;507.96883678
6042537;1;2;1;90;2;;1;20;2;;1;20;2;;2;;2;;2;;2;;2;;66;12;66;507.96883678
6042538;1;1;1;90;2;;1;24;2;;2;;2;;2;;2;;2;;2;;2;;66;12;66;344.48221582
6042538;1;2;1;90;2;;1;18;2;;2;;2;;2;;2;;2;;2;;2;;66;12;66;344.48221582
6042538;1;3;1;90;2;;1;7;2;;2;;2;;2;;2;;2;;2;;2;;66;12;66;344.48221582
6042538;1;4;1;90;2;;1;7;2;;2;;2;;2;;2;;2;;2;;2;;66;12;66;344.48221582
6042539;1;1;1;90;2;;1;20;2;;2;;2;;2;;2;;2;;2;;2;;66;12;66;437.33719978
6042539;1;3;1;90;2;;1;4;2;;2;;2;;2;;2;;2;;2;;2;;66;12;66;437.33719978
6042539;2;1;2;90;2;;1;2;2;;2;;2;;2;;2;;2;;2;;2;;66;12;66;437.33719978
6042540;1;1;1;90;2;;1;10;2;;2;;2;;2;;2;;2;;2;;2;;66;12;66;367.95962852
6042540;1;2;1;90;2;;1;24;2;;2;;2;;2;;2;;2;;2;;2;;66;12;66;367.95962852
6042540;1;3;1;90;2;;1;14;2;;2;;2;;2;;2;;2;;2;;2;;66;12;66;367.95962852
6042541;1;1;1;90;2;;1;40;2;;2;;2;;2;;2;;2;;2;;2;;66;12;66;305.21052346
6042541;1;2;1;90;2;;2;;2;;2;;2;;2;;2;;2;;2;;2;;66;12;66;305.21052346
6042542;1;1;1;90;2;;1;4;2;;2;;2;;2;;2;;2;;2;;2;;66;12;66;451.56154037
6042542;1;2;1;90;2;;1;16;2;;2;;2;;2;;2;;2;;2;;2;;66;12;66;451.56154037
6042543;1;1;1;90;2;;1;7;2;;2;;2;;2;;2;;2;;2;;2;;66;12;66;305.21052346
6042543;1;2;1;90;2;;1;24;2;;2;;2;;2;;2;;2;;2;;2;;66;12;66;305.21052346
6042545;1;1;1;90;2;;1;25;2;;2;;2;;2;;2;;2;;2;;2;;66;12;66;429.71906049
6042545;1;2;1;90;2;;1;10;2;;2;;2;;2;;2;;2;;2;;2;;66;12;66;429.71906049
6042545;1;3;1;90;2;;1;10;2;;2;;2;;2;;2;;2;;2;;2;;66;12;66;429.71906049
6042546;1;1;1;90;2;;1;21;2;;2;;2;;2;;2;;2;;2;;2;;66;12;66;549.40386924
6042546;1;2;1;90;2;;1;24;2;;2;;2;;2;;2;;2;;2;;2;;66;12;66;549.40386924
6042546;1;3;1;90;2;;1;10;2;;2;;2;;2;;2;;2;;2;;2;;66;12;66;549.40386924
6042546;1;4;1;90;2;;1;7;2;;2;;2;;2;;2;;2;;2;;2;;66;12;66;549.40386924
6042547;1;1;1;90;2;;1;10;2;;1;21;2;;2;;2;;2;;2;;2;;66;12;66;480.54245562
6042547;1;2;1;90;2;;1;24;2;;1;21;2;;2;;2;;2;;2;;2;;66;12;66;480.54245562
6042548;1;1;1;90;2;;1;40;2;;1;20;2;;2;;2;;2;;2;;2;;66;12;66;489.41466065
6042549;1;1;1;90;2;;1;20;2;;2;;2;;2;;2;;2;;2;;2;;66;12;66;374.43251784
6042550;1;1;1;90;2;;1;40;2;;2;;2;;2;;2;;2;;2;;2;;66;12;66;305.21052346
6042550;1;2;1;90;2;;2;;2;;2;;2;;2;;2;;2;;2;;2;;66;12;66;305.21052346
6042551;1;1;1;90;2;;1;30;2;;2;;2;;2;;2;;2;;2;;2;;66;12;66;436.19194982
6042552;1;1;1;90;2;;2;;2;;2;;2;;2;;2;;2;;2;;2;;66;12;66;349.56102927
6042552;1;2;1;90;2;;1;40;2;;2;;2;;2;;2;;2;;2;;2;;66;12;66;349.56102927
6042552;1;3;1;90;2;;1;40;2;;2;;2;;2;;2;;2;;2;;2;;66;12;66;349.56102927
6042553;1;1;1;90;2;;1;30;2;;2;;2;;2;;2;;2;;2;;2;;66;12;66;383.37792245
6042553;1;2;1;90;2;;1;30;2;;2;;2;;2;;2;;2;;2;;2;;66;12;66;383.37792245
6042553;1;3;1;90;2;;2;;2;;2;;2;;2;;2;;2;;2;;2;;66;12;66;383.37792245
6042553;1;4;1;90;2;;2;;2;;2;;2;;2;;2;;2;;2;;2;;66;12;66;383.37792245
6042553;1;5;1;90;2;;1;30;2;;2;;2;;2;;2;;2;;2;;2;;66;12;66;383.37792245
6042554;1;1;1;90;2;;1;40;2;;2;;2;;2;;2;;2;;2;;2;;66;12;66;305.21052346
6042554;1;2;1;90;2;;2;;2;;2;;2;;2;;2;;2;;2;;2;;66;12;66;305.21052346
6042555;1;1;1;90;2;;1;10;2;;2;;2;;2;;2;;2;;2;;2;;66;12;66;305.21052346
6042555;1;2;1;90;2;;2;;2;;2;;2;;2;;2;;2;;2;;2;;66;12;66;305.21052346
6042556;1;1;1;90;2;;1;28;2;;2;;2;;2;;2;;2;;2;;2;;66;12;66;369.13329554
6042556;1;2;1;90;2;;2;;2;;2;;2;;2;;2;;2;;2;;2;;66;12;66;369.13329554
6042557;1;1;1;90;2;;1;20;2;;2;;2;;2;;2;;2;;2;;2;;66;12;66;436.19194982
6042559;1;1;1;90;2;;1;10;2;;2;;2;;2;;2;;2;;2;;2;;66;12;66;436.19194982
6042560;1;1;1;90;2;;1;14;2;;2;;2;;2;;2;;2;;2;;2;;66;12;66;503.42331196
6042560;1;2;1;90;2;;1;8;2;;2;;2;;2;;2;;2;;2;;2;;66;12;66;503.42331196
6042560;1;3;1;90;2;;2;;2;;2;;2;;2;;2;;2;;2;;2;;66;12;66;503.42331196
6042561;1;1;1;90;2;;1;40;2;;2;;2;;2;;2;;2;;2;;2;;66;12;66;305.21052346
6042561;1;2;1;90;2;;2;;2;;2;;2;;2;;2;;2;;2;;2;;66;12;66;305.21052346
6042562;1;1;1;90;2;;2;;2;;2;;2;;2;;2;;2;;2;;2;;66;12;66;262.00526761
6042562;1;2;1;90;2;;1;28;2;;2;;2;;2;;2;;2;;2;;2;;66;12;66;262.00526761
6042562;1;3;1;90;2;;1;5;2;;2;;2;;2;;2;;2;;2;;2;;66;12;66;262.00526761
6042563;1;1;1;90;2;;2;;2;;2;;2;;2;;2;;2;;2;;2;;66;12;66;366.96995543
6042563;1;2;1;90;2;;1;40;2;;2;;2;;2;;2;;2;;2;;2;;66;12;66;366.96995543
6042568;1;1;1;90;2;;1;10;2;;2;;2;;2;;2;;2;;2;;2;;66;12;66;305.21052346
6042568;1;2;1;90;2;;1;30;2;;2;;2;;2;;2;;2;;2;;2;;66;12;66;305.21052346
6042569;1;1;1;90;2;;1;20;2;;2;;2;;2;;2;;2;;2;;2;;66;12;66;320.58011401
6042569;1;2;1;90;2;;1;18;2;;2;;2;;2;;2;;2;;2;;2;;66;12;66;320.58011401
6042569;1;3;1;90;2;;1;10;2;;2;;2;;2;;2;;2;;2;;2;;66;12;66;320.58011401
6042570;1;1;1;90;2;;1;10;2;;2;;2;;2;;2;;2;;2;;2;;66;12;66;408.35628452
6042570;1;2;1;90;2;;1;10;2;;2;;2;;2;;2;;2;;2;;2;;66;12;66;408.35628452
6042570;1;3;1;90;2;;1;5;2;;2;;2;;2;;2;;2;;2;;2;;66;12;66;408.35628452
6042571;1;1;1;90;2;;2;;2;;2;;2;;2;;2;;2;;2;;2;;66;12;66;304.47711229
6042571;1;2;1;90;2;;2;;2;;2;;2;;2;;2;;2;;2;;2;;66;12;66;304.47711229
6042571;1;3;1;90;2;;1;14;2;;1;14;1;8;2;;2;;2;;2;;2;;66;12;66;304.47711229
6042571;1;4;1;90;2;;2;;2;;2;;2;;2;;2;;1;48;2;;2;;66;12;66;304.47711229
6042571;1;5;1;90;2;;1;8;2;;1;8;2;;2;;2;;2;;2;;2;;66;12;66;304.47711229
6042571;1;6;1;90;2;;2;;2;;2;;2;;2;;2;;2;;2;;2;;66;12;66;304.47711229
6042572;1;1;1;90;2;;1;22;2;;2;;2;;2;;2;;2;;2;;2;;66;12;66;279.19378492
6042572;1;2;1;90;2;;1;12;2;;2;;2;;2;;2;;2;;2;;2;;66;12;66;279.19378492
6042573;1;1;1;90;2;;2;;2;;2;;2;;2;;2;;2;;2;;2;;66;12;66;414.34946994
6042573;1;2;1;90;2;;1;40;2;;2;;2;;2;;2;;2;;2;;2;;66;12;66;414.34946994
6042574;1;1;1;90;2;;1;14;2;;2;;2;;2;;2;;2;;2;;2;;66;12;66;451.56154037
6042574;1;2;1;90;2;;2;;2;;2;;2;;2;;2;;2;;2;;2;;66;12;66;451.56154037
6042575;1;1;1;90;2;;1;28;2;;2;;1;28;2;;2;;2;;2;;2;;68;12;68;419.37450356
6042575;1;2;1;90;2;;1;3;2;;2;;2;;2;;2;;2;;2;;2;;68;12;68;419.37450356
6042575;1;3;1;90;2;;2;;2;;2;;2;;2;;2;;2;;2;;2;;68;12;68;419.37450356
6042576;1;1;1;90;2;;1;19;2;;2;;2;;2;;2;;2;;2;;2;;68;12;68;498.65722084
6042576;1;2;1;90;2;;1;10;2;;2;;2;;2;;2;;2;;2;;2;;68;12;68;498.65722084
6042577;1;1;1;90;2;;1;14;2;;1;14;2;;2;;2;;2;;2;;2;;68;12;68;646.16257085
6042577;1;2;1;90;2;;1;14;2;;1;14;2;;2;;2;;2;;2;;2;;68;12;68;646.16257085
6042577;1;3;1;90;2;;1;14;2;;2;;2;;2;;2;;2;;2;;2;;68;12;68;646.16257085
6042578;1;1;1;90;2;;2;;2;;2;;2;;2;;2;;2;;2;;2;;68;12;68;525.11537313
6042578;1;2;1;90;2;;1;26;2;;2;;2;;2;;2;;2;;2;;2;;68;12;68;525.11537313
6042579;1;1;1;90;2;;1;6;2;;2;;2;;2;;2;;2;;1;20;1;15;68;12;68;483.84541498
6042579;1;2;1;90;2;;2;;2;;2;;2;;2;;2;;2;;2;;2;;68;12;68;483.84541498
6042580;1;1;1;90;2;;1;2;2;;1;10;2;;2;;2;;2;;2;;2;;68;12;68;720.16387385
6042580;1;2;1;90;2;;1;40;2;;1;20;2;;2;;2;;2;;2;;2;;68;12;68;720.16387385
6042581;1;1;1;90;2;;1;12;2;;2;;2;;2;;2;;2;;2;;2;;68;12;68;525.11537313
6042581;1;2;1;90;2;;1;24;2;;2;;2;;2;;2;;2;;2;;2;;68;12;68;525.11537313
6042582;1;1;1;90;2;;2;;2;;1;11;2;;2;;2;;2;;2;;1;10;68;12;68;630.93392946
6042582;1;2;1;90;2;;2;;2;;1;30;2;;2;;2;;2;;2;;2;;68;12;68;630.93392946
6042583;1;1;1;90;2;;1;24;2;;2;;2;;2;;2;;2;;2;;1;7;68;12;68;526.02584251
6042584;1;1;1;90;2;;2;;2;;2;;2;;2;;2;;2;;2;;2;;68;12;68;525.11537313
6042584;1;2;1;90;2;;2;;2;;2;;2;;2;;2;;2;;2;;2;;68;12;68;525.11537313
6042585;1;1;1;90;2;;2;;2;;2;;2;;2;;2;;2;;2;;2;;68;12;68;525.11537313
6042585;1;2;1;90;2;;1;25;2;;2;;1;21;2;;2;;2;;2;;2;;68;12;68;525.11537313
6042586;1;1;1;90;2;;2;;2;;2;;2;;2;;2;;2;;2;;2;;68;12;68;655.2675931
6042586;1;2;1;90;2;;1;7;2;;2;;2;;2;;2;;2;;2;;2;;68;12;68;655.2675931
6042587;1;1;1;90;2;;1;28;2;;2;;2;;2;;2;;2;;2;;2;;68;12;68;850.54439057
6042587;1;2;1;90;2;;2;;2;;2;;2;;2;;2;;2;;2;;2;;68;12;68;850.54439057
6042587;1;3;1;90;2;;2;;2;;2;;2;;2;;2;;2;;2;;2;;68;12;68;850.54439057
6042587;1;4;1;90;2;;1;4;2;;2;;2;;2;;2;;2;;2;;2;;68;12;68;850.54439057
6042587;1;5;1;90;2;;2;;2;;2;;2;;2;;2;;2;;2;;2;;68;12;68;850.54439057
6042587;1;6;1;90;2;;2;;2;;2;;2;;2;;2;;2;;2;;2;;68;12;68;850.54439057
6042588;1;1;1;90;2;;1;20;2;;2;;2;;2;;2;;2;;2;;2;;68;12;68;482.93494559
6042588;1;2;1;90;2;;1;30;2;;2;;1;20;2;;2;;2;;2;;2;;68;12;68;482.93494559
6042588;1;3;1;90;2;;2;;2;;2;;2;;2;;2;;2;;2;;2;;68;12;68;482.93494559
6042589;1;1;1;90;2;;1;24;2;;1;14;2;;2;;2;;2;;2;;2;;68;12;68;499.8712401
6042589;1;2;1;90;2;;1;8;2;;1;12;2;;2;;2;;2;;2;;2;;68;12;68;499.8712401
6042589;1;3;1;90;2;;2;;2;;1;14;2;;2;;2;;2;;2;;2;;68;12;68;499.8712401
6042590;1;1;1;90;2;;1;3;2;;2;;2;;2;;2;;2;;2;;2;;68;12;68;492.58186201
6042590;1;2;1;90;2;;1;9;2;;2;;2;;2;;2;;2;;2;;2;;68;12;68;492.58186201
6042590;1;3;1;90;2;;1;12;2;;2;;2;;2;;2;;2;;2;;2;;68;12;68;492.58186201
6042591;1;1;1;90;2;;2;;2;;2;;2;;2;;2;;2;;2;;2;;68;12;68;613.08716556
6042591;1;2;1;90;2;;1;10;2;;2;;2;;2;;2;;2;;2;;2;;68;12;68;613.08716556
6042591;1;3;1;90;2;;2;;2;;2;;2;;2;;2;;2;;2;;2;;68;12;68;613.08716556
6042592;1;1;1;90;2;;1;26;2;;2;;2;;2;;2;;2;;2;;2;;68;12;68;525.11537313
6042592;1;2;1;90;2;;1;21;2;;2;;2;;2;;2;;2;;2;;2;;68;12;68;525.11537313
6042593;1;1;1;90;2;;1;10;2;;1;18;2;;2;;2;;2;;2;;2;;68;12;68;675.23884565
6042594;1;1;1;90;2;;2;;2;;2;;2;;2;;2;;2;;2;;2;;68;12;68;532.52127606
6042594;1;2;1;90;2;;1;20;2;;2;;2;;2;;2;;2;;2;;2;;68;12;68;532.52127606
6042595;1;1;1;90;2;;2;;2;;2;;2;;2;;2;;2;;2;;2;;68;12;68;601.23754265
6042595;1;2;1;90;2;;1;21;2;;1;48;2;;2;;2;;2;;2;;2;;68;12;68;601.23754265
6042596;1;1;1;90;2;;2;;2;;2;;2;;2;;2;;2;;2;;2;;68;12;68;581.46412383
6042596;1;2;1;90;2;;1;16;2;;2;;2;;2;;2;;2;;2;;2;;68;12;68;581.46412383
6042596;1;3;1;90;2;;2;;2;;2;;2;;2;;2;;2;;2;;2;;68;12;68;581.46412383
6042597;1;1;1;90;2;;1;28;2;;2;;2;;2;;2;;2;;2;;2;;68;12;68;588.75350192
6042597;1;2;1;90;2;;1;8;2;;1;21;2;;2;;2;;2;;2;;2;;68;12;68;588.75350192
6042597;1;3;1;90;2;;2;;2;;2;;2;;2;;2;;2;;2;;2;;68;12;68;588.75350192
6042598;1;1;1;90;2;;1;28;2;;2;;2;;2;;2;;2;;2;;2;;68;12;68;429.02141998
6042598;1;2;1;90;2;;1;2;2;;2;;2;;2;;2;;2;;2;;2;;68;12;68;429.02141998
6042598;1;3;1;90;2;;2;;2;;2;;2;;2;;2;;2;;2;;2;;68;12;68;429.02141998
6042599;1;1;1;90;2;;1;28;2;;2;;2;;2;;2;;2;;2;;2;;68;12;68;516.99321241
6042599;1;2;1;90;2;;2;;2;;2;;2;;2;;2;;2;;2;;2;;68;12;68;516.99321241
6042599;1;3;1;90;2;;2;;2;;2;;2;;2;;2;;2;;2;;2;;68;12;68;516.99321241
6042599;1;4;1;90;2;;2;;2;;2;;2;;2;;2;;2;;2;;2;;68;12;68;516.99321241
6042600;1;1;1;90;2;;2;;2;;2;;2;;2;;2;;2;;2;;2;;68;12;68;525.11537313
6042600;1;2;1;90;2;;1;28;2;;2;;2;;2;;2;;2;;2;;2;;68;12;68;525.11537313
6042601;1;1;1;90;2;;1;10;2;;2;;2;;2;;2;;2;;2;;2;;68;12;68;525.11537313
6042601;1;2;1;90;2;;1;30;2;;2;;2;;2;;2;;2;;2;;2;;68;12;68;525.11537313
6042602;1;1;1;90;2;;2;;2;;2;;2;;2;;2;;2;;2;;2;;68;12;68;556.93262646
6042602;1;2;1;90;2;;1;26;2;;1;30;2;;2;;2;;2;;2;;2;;68;12;68;556.93262646
6042602;1;3;1;90;2;;1;12;2;;2;;2;;2;;2;;2;;2;;2;;68;12;68;556.93262646
6042603;1;1;1;90;2;;1;24;2;;2;;2;;2;;2;;2;;2;;2;;68;12;68;525.11537313
6042603;1;2;1;90;2;;1;2;2;;2;;2;;2;;2;;2;;2;;2;;68;12;68;525.11537313
6042604;1;1;1;90;2;;1;14;2;;2;;2;;2;;2;;2;;2;;2;;68;12;68;399.32503317
6042604;1;2;1;90;2;;1;7;2;;2;;2;;2;;2;;2;;2;;2;;68;12;68;399.32503317
6042604;1;3;1;90;2;;1;8;2;;2;;2;;2;;2;;2;;2;;2;;68;12;68;399.32503317
6042605;1;1;1;90;2;;1;15;2;;2;;2;;2;;2;;2;;2;;2;;68;12;68;710.63348227
6042605;1;2;1;90;2;;1;35;1;8;1;30;2;;2;;2;;2;;2;;2;;68;12;68;710.63348227
6042606;1;1;1;90;2;;2;;2;;2;;2;;2;;2;;2;;2;;2;;68;12;68;465.0967155
6042606;1;2;1;90;2;;1;9;2;;2;;2;;2;;2;;2;;2;;2;;68;12;68;465.0967155
6042606;1;3;1;90;2;;1;30;2;;1;37;2;;2;;2;;2;;2;;2;;68;12;68;465.0967155
6042606;1;5;1;90;2;;1;28;2;;2;;2;;2;;2;;2;;2;;2;;68;12;68;465.0967155
6042607;1;1;1;90;2;;1;24;2;;2;;2;;2;;2;;2;;2;;2;;68;12;68;461.5549311
6042607;1;2;1;90;2;;1;8;2;;2;;2;;2;;2;;2;;2;;2;;68;12;68;461.5549311
6042608;1;1;1;90;2;;1;21;2;;2;;2;;2;;2;;2;;2;;2;;68;12;68;613.99763495
6042608;1;2;1;90;2;;1;8;2;;2;;2;;2;;2;;2;;2;;2;;68;12;68;613.99763495
6042609;1;1;1;90;2;;2;;2;;2;;2;;2;;2;;2;;2;;2;;68;12;68;574.0582209
6042609;1;2;1;90;2;;2;;2;;2;;2;;2;;2;;2;;2;;2;;68;12;68;574.0582209
6042609;1;3;1;90;2;;1;5;2;;2;;2;;2;;2;;2;;2;;2;;68;12;68;574.0582209
6042610;1;1;1;90;2;;1;20;2;;2;;2;;2;;2;;2;;2;;2;;68;12;68;474.89953652
6042610;2;1;2;90;2;;1;5;2;;2;;2;;2;;2;;2;;2;;2;;68;12;68;474.89953652
6042610;3;1;3;90;2;;1;12;2;;2;;2;;2;;2;;2;;2;;2;;68;12;68;474.89953652
6042610;3;2;3;90;2;;1;20;2;;2;;2;;2;;2;;2;;2;;2;;68;12;68;474.89953652
6042610;4;1;4;90;2;;1;15;2;;2;;2;;2;;2;;2;;2;;2;;68;12;68;474.89953652
6042610;4;2;4;90;2;;1;12;2;;2;;2;;2;;2;;2;;2;;2;;68;12;68;474.89953652
6042611;1;1;1;90;2;;1;12;2;;2;;2;;2;;2;;2;;2;;2;;68;12;68;581.46412383
6042611;1;2;1;90;2;;1;24;2;;2;;2;;2;;2;;2;;2;;2;;68;12;68;581.46412383
6042611;1;3;1;90;2;;2;;2;;2;;2;;2;;2;;2;;2;;2;;68;12;68;581.46412383
6042612;1;1;1;90;2;;1;8;2;;2;;2;;2;;2;;2;;2;;2;;68;12;68;644.90441889
6042612;1;2;1;90;2;;1;29;2;;2;;2;;2;;2;;2;;2;;2;;68;12;68;644.90441889
6042612;1;3;1;90;2;;2;;2;;2;;2;;2;;2;;2;;2;;2;;68;12;68;644.90441889
6042612;1;4;1;90;2;;2;;2;;2;;2;;2;;2;;2;;2;;2;;68;12;68;644.90441889
6042613;1;1;1;90;2;;1;28;2;;2;;2;;2;;2;;2;;2;;2;;68;12;68;526.02584251
6042614;1;1;1;90;2;;2;;2;;2;;2;;2;;2;;2;;2;;2;;68;12;68;581.46412383
6042614;1;2;1;90;2;;1;24;2;;2;;2;;2;;2;;2;;2;;2;;68;12;68;581.46412383
6042614;1;3;1;90;2;;1;14;2;;2;;2;;2;;2;;2;;2;;2;;68;12;68;581.46412383
6042615;1;1;1;90;2;;1;42;2;;2;;2;;2;;2;;2;;2;;2;;68;12;68;446.14701442
6042615;1;2;1;90;2;;2;;2;;2;;2;;2;;2;;2;;2;;2;;68;12;68;446.14701442
6042615;1;3;1;90;2;;1;14;2;;2;;2;;2;;1;37;2;;2;;2;;68;12;68;446.14701442
6042616;1;1;1;90;2;;1;20;2;;2;;2;;2;;2;;2;;2;;2;;68;12;68;664.31288462
6042616;1;2;1;90;2;;1;5;2;;1;20;2;;2;;2;;2;;2;;2;;68;12;68;664.31288462
6042616;1;4;1;90;2;;1;2;2;;2;;2;;2;;2;;2;;2;;2;;68;12;68;664.31288462
6042616;1;5;1;90;2;;1;35;2;;1;24;2;;2;;2;;2;;2;;2;;68;12;68;664.31288462
6042617;1;1;1;90;2;;1;20;1;12;2;;2;;2;;2;;2;;2;;2;;68;12;68;323.58047816
6042617;1;2;1;90;2;;1;18;2;;2;;2;;2;;2;;2;;2;;2;;68;12;68;323.58047816
6042617;1;3;1;90;2;;2;;2;;2;;2;;2;;2;;2;;2;;2;;68;12;68;323.58047816
6042617;1;4;1;90;2;;1;10;2;;2;;2;;2;;1;20;2;;2;;2;;68;12;68;323.58047816
6042617;1;5;1;90;2;;1;21;2;;2;;2;;2;;2;;2;;2;;2;;68;12;68;323.58047816
6042617;1;6;1;90;2;;1;12;2;;2;;2;;2;;2;;2;;2;;2;;68;12;68;323.58047816
6042617;1;7;1;90;2;;1;10;2;;2;;2;;2;;2;;2;;2;;2;;68;12;68;323.58047816
6042618;1;1;1;90;2;;1;28;2;;2;;2;;2;;2;;2;;2;;2;;68;12;68;845.65479155
6042618;1;2;1;90;2;;2;;2;;2;;2;;2;;2;;2;;2;;2;;68;12;68;845.65479155
6042618;1;3;1;90;1;15;2;;2;;1;24;2;;2;;2;;2;;2;;2;;68;12;68;845.65479155
6042618;1;4;1;90;2;;2;;2;;1;14;2;;2;;2;;2;;2;;2;;68;12;68;845.65479155
6042619;1;1;1;90;2;;2;;2;;2;;2;;2;;2;;2;;2;;2;;68;12;68;525.11537313
6042619;1;2;1;90;2;;1;14;2;;2;;2;;2;;2;;2;;2;;2;;68;12;68;525.11537313
6042620;1;1;1;90;2;;1;28;2;;2;;2;;2;;2;;2;;2;;2;;68;12;68;635.34845305
6042620;1;2;1;90;2;;1;14;2;;2;;2;;2;;2;;2;;2;;2;;68;12;68;635.34845305
6042620;1;3;1;90;2;;2;;2;;2;;2;;2;;2;;2;;2;;2;;68;12;68;635.34845305
6042620;1;4;1;90;2;;1;8;2;;2;;2;;2;;2;;2;;2;;2;;68;12;68;635.34845305
6042620;1;5;1;90;2;;2;;2;;2;;2;;2;;2;;2;;2;;2;;68;12;68;635.34845305
6042620;1;6;1;90;2;;1;2;2;;2;;2;;2;;2;;2;;2;;2;;68;12;68;635.34845305
6042620;1;7;1;90;2;;1;14;2;;2;;2;;2;;2;;2;;2;;2;;68;12;68;635.34845305
6042620;1;8;1;90;2;;1;35;2;;2;;2;;2;;2;;2;;2;;2;;68;12;68;635.34845305
6042621;1;1;1;90;2;;1;7;2;;2;;2;;2;;2;;2;;2;;2;;68;12;68;613.99763495
6042621;1;2;1;90;2;;1;4;2;;2;;2;;2;;2;;2;;2;;2;;68;12;68;613.99763495
6042622;1;1;1;90;2;;2;;2;;2;;2;;2;;2;;2;;2;;2;;68;12;68;492.58186201
6042622;1;2;1;90;2;;1;21;2;;2;;2;;2;;2;;2;;2;;2;;68;12;68;492.58186201
6042622;1;3;1;90;2;;2;;2;;2;;2;;2;;2;;2;;2;;2;;68;12;68;492.58186201
6042623;1;1;1;90;2;;2;;2;;2;;2;;2;;2;;2;;2;;2;;68;12;68;630.93392946
6042623;1;2;1;90;2;;1;8;2;;2;;2;;2;;2;;2;;2;;2;;68;12;68;630.93392946
6042624;1;1;1;90;2;;1;21;2;;2;;2;;2;;2;;2;;2;;2;;68;12;68;590.99451541
6042624;1;2;1;90;2;;2;;2;;2;;2;;2;;2;;2;;2;;2;;68;12;68;590.99451541
6042624;1;3;1;90;2;;2;;2;;2;;2;;2;;1;6;2;;2;;2;;68;12;68;590.99451541
6042625;1;1;1;90;2;;1;4;2;;2;;2;;2;;2;;2;;2;;2;;68;12;68;525.11537313
6042625;1;2;1;90;2;;1;18;2;;2;;2;;2;;2;;2;;2;;2;;68;12;68;525.11537313
6042626;1;1;1;90;2;;1;14;2;;2;;2;;2;;2;;2;;2;;2;;68;12;68;468.24819837
6042626;1;2;1;90;2;;1;12;2;;2;;2;;2;;2;;2;;2;;2;;68;12;68;468.24819837
6042626;1;3;1;90;2;;1;12;2;;1;8;2;;2;;2;;2;;2;;2;;68;12;68;468.24819837
6042627;1;1;1;90;2;;2;;2;;2;;2;;2;;2;;2;;2;;2;;68;12;68;556.93262646
6042627;1;2;1;90;2;;2;;2;;2;;2;;2;;2;;2;;2;;2;;68;12;68;556.93262646
6042627;1;3;1;90;2;;2;;2;;2;;2;;2;;2;;2;;2;;2;;68;12;68;556.93262646
6042628;1;1;1;90;2;;1;3;2;;2;;2;;2;;2;;2;;2;;2;;68;12;68;621.40353788
6042628;1;2;1;90;2;;1;14;2;;2;;2;;2;;2;;2;;2;;2;;68;12;68;621.40353788
6042629;1;1;1;90;2;;1;2;2;;2;;2;;2;;2;;2;;2;;2;;68;12;68;556.93262646
6042629;1;2;1;90;2;;1;14;2;;2;;2;;2;;2;;2;;2;;2;;68;12;68;556.93262646
6042629;1;3;1;90;2;;1;7;2;;2;;2;;2;;2;;2;;2;;2;;68;12;68;556.93262646
6042630;1;1;1;90;2;;1;12;2;;2;;2;;2;;2;;2;;2;;2;;68;12;68;542.05166764
6042630;1;2;1;90;2;;1;30;2;;1;12;2;;2;;2;;2;;2;;2;;68;12;68;542.05166764
6042631;1;1;1;90;2;;2;;2;;2;;2;;2;;2;;2;;2;;2;;68;12;68;532.9025127
6042631;1;2;1;90;2;;1;36;2;;1;30;2;;2;;2;;2;;2;;2;;68;12;68;532.9025127
6042631;1;3;1;90;2;;1;6;2;;2;;2;;2;;2;;2;;2;;2;;68;12;68;532.9025127
6042631;1;4;1;90;2;;1;10;2;;1;20;2;;2;;1;24;2;;2;;2;;68;12;68;532.9025127
6042631;1;5;1;90;2;;2;;2;;2;;2;;2;;1;20;2;;2;;2;;68;12;68;532.9025127
6042632;1;1;1;90;2;;1;19;2;;2;;2;;2;;2;;2;;2;;2;;68;12;68;525.11537313
6042632;1;2;1;90;2;;1;30;2;;2;;2;;2;;2;;2;;2;;2;;68;12;68;525.11537313
6042633;1;1;1;90;2;;1;14;2;;2;;2;;2;;2;;2;;2;;2;;68;12;68;451.31190386
6042633;1;2;1;90;2;;1;14;2;;2;;2;;2;;2;;2;;2;;2;;68;12;68;451.31190386
6042633;1;3;1;90;2;;2;;2;;2;;2;;2;;2;;2;;2;;2;;68;12;68;451.31190386
6042634;1;1;1;90;2;;1;29;2;;2;;2;;2;;2;;2;;2;;2;;68;12;68;526.02584251
6042635;1;1;1;90;2;;1;28;2;;2;;2;;2;;2;;2;;2;;2;;68;12;68;550.94401928
6042635;1;2;1;90;2;;1;3;2;;2;;2;;2;;2;;2;;2;;2;;68;12;68;550.94401928
6042635;1;3;1;90;2;;1;20;2;;2;;2;;2;;2;;2;;2;;2;;68;12;68;550.94401928
6042635;1;4;1;90;2;;1;20;2;;2;;2;;2;;2;;2;;2;;2;;68;12;68;550.94401928
6042635;1;5;1;90;2;;1;5;2;;2;;2;;2;;2;;2;;2;;2;;68;12;68;550.94401928
6042636;1;1;1;90;2;;1;14;2;;2;;2;;2;;2;;2;;2;;2;;68;12;68;525.11537313
6042636;1;2;1;90;2;;1;30;2;;2;;2;;2;;2;;2;;2;;2;;68;12;68;525.11537313
6042637;1;1;1;90;2;;1;27;2;;2;;2;;2;;2;;2;;2;;2;;68;12;68;525.11537313
6042637;1;2;1;90;2;;1;10;2;;2;;2;;2;;2;;2;;2;;2;;68;12;68;525.11537313
6042638;1;1;1;90;2;;2;;2;;2;;2;;2;;2;;2;;2;;2;;68;12;68;532.52127606
6042638;1;2;1;90;2;;1;28;2;;2;;2;;2;;2;;2;;2;;2;;68;12;68;532.52127606
6042639;1;1;1;90;2;;1;26;2;;2;;2;;2;;2;;2;;2;;2;;68;12;68;613.99763495
6042639;1;2;1;90;2;;1;24;2;;2;;2;;2;;2;;2;;2;;2;;68;12;68;613.99763495
6042640;1;1;1;90;2;;1;1;2;;2;;2;;2;;2;;2;;2;;2;;68;12;68;527.35638662
6042640;1;2;1;90;2;;1;1;2;;2;;2;;2;;2;;2;;2;;1;6;68;12;68;527.35638662
6042641;1;1;1;90;2;;1;10;2;;2;;2;;2;;2;;2;;2;;2;;68;12;68;516.99321241
6042641;1;2;1;90;2;;2;;2;;2;;2;;2;;2;;2;;2;;2;;68;12;68;516.99321241
6042641;1;3;1;90;2;;2;;2;;2;;2;;2;;2;;2;;2;;2;;68;12;68;516.99321241
6042641;1;4;1;90;2;;1;11;2;;2;;2;;2;;2;;2;;2;;2;;68;12;68;516.99321241
6042642;1;1;1;90;2;;1;15;2;;2;;2;;2;;2;;2;;2;;2;;68;12;68;621.40353788
6042642;1;2;1;90;2;;1;20;2;;2;;2;;2;;2;;2;;2;;2;;68;12;68;621.40353788
6042643;1;1;1;90;2;;2;;2;;2;;2;;2;;2;;2;;2;;2;;68;12;68;591.22205102
6042643;1;2;1;90;2;;1;21;2;;2;;2;;2;;2;;2;;2;;2;;68;12;68;591.22205102
6042643;1;3;1;90;2;;2;;2;;2;;2;;2;;2;;2;;2;;2;;68;12;68;591.22205102
6042643;1;5;1;90;2;;1;3;2;;2;;2;;2;;2;;2;;2;;2;;68;12;68;591.22205102
6042644;1;1;1;90;2;;1;20;2;;1;30;2;;2;;2;;2;;2;;2;;68;12;68;414.0203142
6042644;1;2;1;90;2;;1;2;2;;2;;2;;2;;2;;2;;2;;1;5;68;12;68;414.0203142
6042644;1;3;1;90;2;;1;2;2;;2;;2;;2;;2;;2;;2;;1;5;68;12;68;414.0203142
6042645;1;1;1;90;2;;2;;2;;2;;2;;2;;2;;2;;2;;2;;68;12;68;532.52127606
6042645;1;2;1;90;2;;1;21;2;;2;;2;;2;;2;;2;;2;;2;;68;12;68;532.52127606
6042646;1;1;1;90;2;;1;4;2;;2;;2;;2;;2;;2;;2;;2;;68;12;68;630.93392946
6042646;1;2;1;90;2;;1;30;2;;1;30;2;;2;;2;;2;;2;;2;;68;12;68;630.93392946
6042647;1;1;1;90;2;;1;24;2;;2;;2;;2;;2;;2;;2;;2;;68;12;68;525.11537313
6042647;1;2;1;90;2;;2;;2;;2;;2;;2;;2;;2;;2;;2;;68;12;68;525.11537313
6042648;1;1;1;90;2;;2;;2;;2;;2;;2;;2;;2;;2;;2;;68;12;68;597.55910191
6042648;1;2;1;90;2;;1;30;2;;2;;2;;2;;2;;2;;2;;2;;68;12;68;597.55910191
6042648;1;3;1;90;2;;2;;2;;2;;2;;2;;2;;2;;2;;2;;68;12;68;597.55910191
6042648;1;4;1;90;2;;2;;2;;2;;2;;2;;2;;2;;2;;2;;68;12;68;597.55910191
6042648;1;5;1;90;2;;1;3;2;;2;;2;;2;;2;;2;;2;;2;;68;12;68;597.55910191
6042649;1;1;1;90;2;;1;8;2;;2;;2;;2;;2;;2;;2;;2;;68;12;68;525.11537313
6042649;1;2;1;90;2;;1;28;2;;2;;2;;2;;2;;2;;2;;2;;68;12;68;525.11537313
6042650;1;1;1;90;2;;1;12;2;;2;;2;;2;;2;;2;;2;;2;;68;12;68;468.05036464
6042650;1;2;1;90;2;;1;30;2;;2;;2;;2;;2;;2;;2;;2;;68;12;68;468.05036464
6042650;1;3;1;90;2;;1;12;2;;2;;2;;2;;2;;2;;2;;2;;68;12;68;468.05036464
6042651;1;1;1;90;2;;1;30;2;;2;;2;;2;;2;;2;;2;;2;;68;12;68;854.27471374
6042651;1;2;1;90;2;;1;3;2;;2;;2;;2;;2;;2;;2;;2;;68;12;68;854.27471374
6042651;1;3;1;90;2;;1;3;2;;2;;2;;2;;2;;2;;2;;2;;68;12;68;854.27471374
6042651;1;4;1;90;2;;1;3;2;;2;;2;;2;;2;;2;;2;;2;;68;12;68;854.27471374
6042651;1;5;1;90;2;;1;15;2;;1;13;2;;2;;2;;2;;2;;2;;68;12;68;854.27471374
6042652;1;1;1;90;2;;1;28;2;;2;;2;;2;;2;;2;;2;;2;;68;12;68;579.87072066
6042652;1;2;1;90;2;;2;;2;;2;;2;;2;;2;;2;;2;;2;;68;12;68;579.87072066
6042652;1;3;1;90;2;;1;8;2;;2;;2;;2;;2;;2;;2;;2;;68;12;68;579.87072066
6042652;1;4;1;90;2;;2;;2;;2;;2;;2;;2;;2;;2;;2;;68;12;68;579.87072066
6042652;1;5;1;90;2;;2;;2;;2;;2;;2;;2;;2;;2;;2;;68;12;68;579.87072066
6042652;1;6;1;90;2;;2;;2;;2;;2;;2;;2;;2;;2;;2;;68;12;68;579.87072066
6042653;1;1;1;90;2;;1;36;2;;2;;2;;2;;2;;2;;2;;2;;68;12;68;388.96548109
6042653;1;2;1;90;2;;2;;2;;2;;2;;2;;2;;2;;2;;2;;68;12;68;388.96548109
6042653;1;3;1;90;2;;2;;2;;2;;2;;2;;2;;2;;2;;2;;68;12;68;388.96548109
6042653;1;4;1;90;2;;1;24;2;;2;;2;;2;;2;;2;;2;;2;;68;12;68;388.96548109
6042654;1;1;1;90;2;;2;;2;;2;;2;;2;;2;;2;;2;;2;;68;12;68;799.86342665
6042654;1;2;1;90;2;;1;28;2;;2;;2;;2;;2;;2;;2;;2;;68;12;68;799.86342665
6042655;1;1;1;90;2;;2;;2;;2;;2;;2;;2;;2;;2;;2;;68;12;68;525.11537313
6042655;1;2;1;90;2;;1;28;2;;2;;2;;2;;2;;2;;2;;2;;68;12;68;525.11537313
6042656;1;1;1;90;2;;1;12;2;;1;10;2;;2;;2;;2;;2;;2;;68;12;68;621.40353788
6042656;1;2;1;90;2;;1;30;2;;1;30;2;;2;;2;;2;;2;;2;;68;12;68;621.40353788
6042657;1;1;1;90;2;;1;34;2;;1;12;2;;2;;2;;2;;2;;2;;68;12;68;535.5562341
6042658;1;1;1;90;2;;1;7;2;;2;;2;;2;;2;;2;;2;;2;;68;12;68;587.84303253
6042658;1;2;1;90;2;;1;48;2;;1;21;2;;2;;2;;2;;2;;1;3;68;12;68;587.84303253
6042658;1;4;1;90;2;;2;;2;;2;;2;;2;;2;;2;;2;;2;;68;12;68;587.84303253
6042658;1;5;1;90;2;;1;7;2;;2;;2;;2;;2;;2;;2;;2;;68;12;68;587.84303253
6042659;1;1;1;90;2;;1;30;2;;1;20;2;;2;;2;;2;;2;;2;;68;12;68;539.51123189
6042659;1;2;1;90;2;;1;16;2;;2;;2;;2;;2;;2;;2;;2;;68;12;68;539.51123189
6042659;1;3;1;90;2;;2;;2;;2;;2;;2;;2;;2;;2;;2;;68;12;68;539.51123189
6042659;1;4;1;90;2;;1;18;2;;1;16;2;;2;;2;;2;;2;;2;;68;12;68;539.51123189
6042659;1;5;1;90;2;;2;;2;;2;;2;;2;;2;;2;;2;;2;;68;12;68;539.51123189
6042660;1;1;1;90;2;;1;10;2;;2;;2;;2;;2;;2;;2;;2;;68;12;68;525.11537313
6042660;1;2;1;90;2;;1;30;2;;2;;2;;2;;2;;2;;2;;2;;68;12;68;525.11537313
6042661;1;1;1;90;2;;1;28;2;;2;;2;;2;;2;;2;;2;;2;;68;12;68;630.75465417
6042661;1;2;1;90;2;;1;8;2;;2;;2;;2;;2;;2;;2;;2;;68;12;68;630.75465417
6042661;1;3;1;90;2;;2;;2;;2;;2;;2;;2;;2;;2;;2;;68;12;68;630.75465417
6042661;1;4;1;90;2;;2;;2;;2;;2;;2;;2;;2;;2;;2;;68;12;68;630.75465417
6042662;1;1;1;90;2;;2;;2;;1;20;2;;2;;2;;2;;2;;2;;68;12;68;623.52802653
6042662;1;2;1;90;2;;1;12;2;;1;8;1;18;2;;2;;2;;2;;2;;68;12;68;623.52802653
6042663;1;1;1;90;2;;2;;2;;2;;2;;2;;2;;2;;2;;2;;68;12;68;592.70849972
6042663;1;2;1;90;2;;1;8;2;;2;;2;;2;;2;;2;;2;;2;;68;12;68;592.70849972
6042663;1;3;1;90;2;;2;;2;;2;;2;;2;;2;;2;;2;;2;;68;12;68;592.70849972
6042663;1;4;1;90;2;;2;;2;;2;;2;;2;;2;;2;;2;;2;;68;12;68;592.70849972
6042663;1;5;1;90;2;;1;10;2;;2;;2;;2;;2;;2;;2;;2;;68;12;68;592.70849972
6042663;1;6;1;90;2;;2;;2;;2;;2;;2;;2;;2;;2;;2;;68;12;68;592.70849972
6042663;1;7;1;90;2;;1;3;2;;2;;2;;2;;2;;2;;2;;2;;68;12;68;592.70849972
6042664;1;1;1;90;2;;2;;2;;2;;2;;2;;2;;2;;2;;2;;68;12;68;394.24689538
6042664;1;2;1;90;2;;1;10;2;;2;;2;;2;;2;;2;;2;;2;;68;12;68;394.24689538
6042664;1;3;1;90;2;;1;28;2;;2;;2;;2;;2;;2;;2;;2;;68;12;68;394.24689538
6042664;1;4;1;90;2;;1;12;2;;2;;2;;2;;2;;2;;2;;2;;68;12;68;394.24689538
6042665;1;1;1;90;2;;2;;2;;2;;2;;2;;2;;2;;2;;2;;68;12;68;845.65479155
6042665;1;2;1;90;2;;1;7;2;;2;;2;;2;;2;;2;;2;;2;;68;12;68;845.65479155
6042665;1;3;1;90;2;;2;;2;;2;;2;;2;;2;;2;;2;;2;;68;12;68;845.65479155
6042665;1;4;1;90;2;;1;21;2;;2;;2;;2;;2;;2;;2;;2;;68;12;68;845.65479155
6042666;1;1;1;90;2;;2;;2;;2;;2;;2;;2;;2;;2;;2;;68;12;68;655.69296243
6042666;1;2;1;90;2;;1;28;2;;1;28;2;;2;;2;;2;;2;;2;;68;12;68;655.69296243
6042666;1;4;1;90;2;;2;;2;;1;18;2;;2;;2;;2;;2;;2;;68;12;68;655.69296243
6042667;1;1;1;90;2;;2;;2;;2;;2;;2;;2;;2;;2;;2;;68;12;68;581.46412383
6042667;1;2;1;90;2;;1;20;2;;2;;2;;2;;2;;2;;2;;2;;68;12;68;581.46412383
6042667;1;3;1;90;2;;1;5;2;;2;;2;;2;;2;;2;;2;;2;;68;12;68;581.46412383
6042668;1;1;1;90;2;;1;11;2;;1;15;2;;2;;2;;2;;2;;2;;68;12;68;674.94848827
6042668;1;2;1;90;2;;1;10;2;;1;15;2;;2;;2;;2;;2;;2;;68;12;68;674.94848827
6042668;1;4;1;90;2;;1;6;2;;1;12;2;;2;;2;;2;;2;;2;;68;12;68;674.94848827
6042668;1;5;1;90;2;;1;24;2;;1;18;2;;2;;2;;2;;2;;2;;68;12;68;674.94848827
6042669;1;1;1;90;2;;2;;2;;2;;2;;2;;2;;2;;2;;2;;68;12;68;548.61625414
6042669;1;2;1;90;2;;1;28;2;;2;;2;;2;;2;;2;;2;;2;;68;12;68;548.61625414
6042669;1;3;1;90;2;;2;;2;;2;;2;;2;;2;;2;;2;;2;;68;12;68;548.61625414
6042669;1;4;1;90;2;;1;4;2;;2;;2;;2;;2;;2;;2;;2;;68;12;68;548.61625414
6042670;1;1;1;90;2;;1;14;2;;2;;2;;2;;2;;2;;2;;2;;68;12;68;613.99763495
6042670;1;2;1;90;2;;1;7;2;;2;;2;;2;;2;;2;;2;;2;;68;12;68;613.99763495
6042671;1;1;1;90;2;;1;7;2;;2;;2;;2;;2;;2;;2;;2;;68;12;68;656.17806248
6042672;1;1;1;90;2;;1;14;2;;2;;2;;2;;2;;2;;2;;2;;68;12;68;503.73535864
6042673;1;1;1;90;2;;1;6;2;;2;;2;;2;;2;;2;;2;;2;;68;12;68;656.17806248
6042674;1;1;1;90;2;;1;4;2;;1;7;2;;2;;2;;2;;2;;2;;68;12;68;630.93392946
6042674;1;2;1;90;2;;1;14;2;;1;14;2;;2;;2;;2;;2;;2;;68;12;68;630.93392946
6042675;1;1;1;90;2;;1;20;2;;2;;2;;2;;2;;2;;2;;2;;68;12;68;579.22311034
6042675;1;2;1;90;2;;1;2;2;;2;;2;;2;;2;;2;;2;;2;;68;12;68;579.22311034
6042675;1;3;1;90;2;;1;24;2;;2;;2;;2;;2;;2;;2;;2;;68;12;68;579.22311034
6042676;1;1;1;90;2;;1;24;2;;2;;2;;2;;2;;2;;2;;2;;68;12;68;622.66168984
6042677;1;1;1;90;2;;1;7;2;;2;;2;;2;;2;;2;;2;;2;;68;12;68;646.16257085
6042677;1;2;1;90;2;;1;14;2;;2;;2;;2;;2;;2;;2;;2;;68;12;68;646.16257085
6042677;1;3;1;90;2;;1;14;2;;2;;2;;2;;2;;2;;2;;2;;68;12;68;646.16257085
6042678;1;1;1;90;2;;1;4;2;;2;;2;;2;;2;;2;;2;;2;;68;12;68;580.55365444
6042678;1;2;1;90;2;;1;36;2;;2;;2;;2;;2;;2;;2;;2;;68;12;68;580.55365444
6042678;1;3;1;90;2;;1;7;2;;2;;2;;2;;2;;2;;2;;2;;68;12;68;580.55365444
6042678;1;4;1;90;2;;1;6;2;;2;;2;;2;;2;;2;;2;;2;;68;12;68;580.55365444
6042679;1;1;1;90;2;;1;30;2;;2;;2;;2;;2;;2;;2;;2;;68;12;68;646.16257085
6042679;1;2;1;90;2;;1;14;2;;2;;2;;2;;2;;2;;2;;2;;68;12;68;646.16257085
6042679;1;3;1;90;2;;1;14;2;;2;;2;;2;;2;;2;;2;;2;;68;12;68;646.16257085
6042680;1;1;1;90;2;;1;14;2;;2;;2;;2;;2;;2;;2;;2;;68;12;68;586.62901327
6042680;1;2;1;90;2;;1;14;2;;2;;2;;2;;2;;2;;2;;2;;68;12;68;586.62901327
6042680;1;3;1;90;2;;1;7;2;;2;;2;;2;;2;;2;;2;;2;;68;12;68;586.62901327
6042681;1;1;1;90;2;;1;4;2;;2;;2;;2;;2;;2;;2;;2;;68;12;68;567.29580066
6042682;1;1;1;90;1;7;1;24;2;;1;6;2;;2;;2;;2;;2;;2;;68;12;68;670.69406822
6042682;1;2;1;90;2;;1;36;2;;2;;2;;2;;2;;2;;2;;2;;68;12;68;670.69406822
6042682;1;3;1;90;2;;1;7;2;;2;;2;;2;;2;;2;;2;;2;;68;12;68;670.69406822
6042683;1;1;1;90;2;;1;7;2;;2;;2;;2;;2;;2;;2;;2;;68;12;68;553.02588898
6042683;1;2;1;90;2;;1;27;2;;1;24;2;;2;;2;;2;;2;;2;;68;12;68;553.02588898
6042684;1;1;1;90;2;;2;;2;;2;;2;;2;;2;;2;;2;;2;;68;12;68;589.96389906
6042684;1;2;1;90;2;;1;35;2;;1;28;2;;2;;2;;2;;2;;2;;68;12;68;589.96389906
6042684;1;3;1;90;2;;2;;2;;2;;2;;2;;2;;2;;2;;2;;68;12;68;589.96389906
6042684;1;4;1;90;2;;1;7;2;;2;;2;;2;;2;;2;;2;;2;;68;12;68;589.96389906
6042684;1;5;1;90;2;;1;7;2;;2;;2;;2;;2;;2;;2;;2;;68;12;68;589.96389906
6042685;1;1;1;90;2;;1;30;2;;1;20;2;;2;;2;;2;;2;;2;;68;12;68;476.07093683
6042685;1;2;1;90;2;;1;24;2;;1;24;2;;2;;2;;2;;2;;2;;68;12;68;476.07093683
6042685;1;3;1;90;2;;2;;2;;2;;2;;2;;2;;2;;2;;2;;68;12;68;476.07093683
6042685;1;5;1;90;2;;2;;2;;2;;2;;2;;2;;2;;2;;2;;68;12;68;476.07093683
6042686;1;1;1;90;2;;2;;2;;2;;2;;2;;2;;2;;2;;2;;68;12;68;556.93262646
6042686;1;2;1;90;2;;1;30;2;;2;;2;;2;;2;;2;;2;;2;;68;12;68;556.93262646
6042686;1;3;1;90;2;;1;14;2;;2;;2;;2;;2;;2;;2;;2;;68;12;68;556.93262646
6042687;1;1;1;90;2;;1;7;2;;2;;2;;2;;2;;2;;2;;2;;68;12;68;621.40353788
6042687;1;2;1;90;2;;2;;2;;2;;2;;2;;2;;2;;2;;2;;68;12;68;621.40353788
6042688;1;1;1;90;2;;2;;2;;2;;2;;2;;2;;2;;2;;2;;68;12;68;613.08716556
6042688;1;2;1;90;2;;1;30;2;;2;;2;;2;;2;;2;;2;;2;;68;12;68;613.08716556
6042688;1;3;1;90;2;;2;;2;;2;;2;;2;;2;;2;;2;;2;;68;12;68;613.08716556
6042689;1;1;1;90;2;;1;7;2;;2;;2;;2;;2;;2;;2;;2;;68;12;68;720.16387385
6042689;1;2;1;90;2;;1;24;2;;2;;2;;2;;2;;2;;2;;2;;68;12;68;720.16387385
6042690;1;1;1;90;2;;2;;2;;2;;2;;2;;2;;2;;2;;2;;68;12;68;581.46412383
6042690;1;2;1;90;2;;1;28;2;;2;;2;;2;;2;;2;;2;;2;;68;12;68;581.46412383
6042690;1;3;1;90;2;;1;4;2;;2;;2;;2;;2;;2;;2;;2;;68;12;68;581.46412383
6042691;1;1;1;90;2;;2;;2;;2;;2;;2;;2;;2;;2;;2;;68;12;68;509.58730948
6042691;1;2;1;90;2;;1;2;2;;2;;2;;2;;2;;2;;2;;2;;68;12;68;509.58730948
6042691;1;3;1;90;2;;1;4;2;;2;;2;;2;;2;;2;;2;;2;;68;12;68;509.58730948
6042691;1;4;1;90;2;;2;;2;;2;;2;;2;;2;;2;;2;;2;;68;12;68;509.58730948
6042692;1;1;1;90;2;;1;8;2;;2;;2;;2;;2;;2;;2;;2;;68;12;68;491.25131791
6042692;1;2;1;90;2;;1;12;2;;2;;2;;2;;2;;2;;2;;2;;68;12;68;491.25131791
6042693;1;1;1;90;2;;1;8;2;;2;;2;;2;;2;;2;;2;;2;;68;12;68;621.40353788
6042693;1;2;1;90;2;;1;14;2;;2;;2;;2;;2;;2;;2;;2;;68;12;68;621.40353788
6042694;1;1;1;90;2;;1;15;2;;2;;2;;2;;2;;2;;2;;2;;68;12;68;656.17806248
6042695;1;1;1;90;2;;2;;2;;2;;2;;2;;2;;2;;2;;2;;68;12;68;621.40353788
6042695;1;2;1;90;2;;1;28;2;;2;;2;;2;;2;;2;;2;;2;;68;12;68;621.40353788
6042696;1;1;1;90;2;;1;8;2;;2;;2;;2;;2;;2;;2;;2;;68;12;68;591.70715107
6042696;1;2;1;90;2;;2;;2;;2;;2;;2;;2;;2;;2;;2;;68;12;68;591.70715107
6042697;1;1;1;90;2;;2;;2;;2;;2;;2;;2;;2;;2;;2;;68;12;68;669.43591626
6042697;1;2;1;90;2;;1;28;2;;2;;2;;2;;2;;2;;2;;2;;68;12;68;669.43591626
6042697;1;3;1;90;2;;2;;2;;2;;2;;2;;2;;2;;2;;2;;68;12;68;669.43591626
6042697;1;4;1;90;2;;2;;2;;2;;2;;2;;2;;2;;2;;2;;68;12;68;669.43591626
6042698;1;1;1;90;2;;1;3;2;;2;;2;;2;;2;;2;;2;;2;;68;12;68;576.29923439
6042698;1;2;1;90;2;;1;3;2;;2;;2;;2;;2;;2;;2;;2;;68;12;68;576.29923439
6042698;1;3;1;90;2;;1;3;2;;2;;2;;2;;2;;2;;2;;2;;68;12;68;576.29923439
6042699;1;1;1;90;2;;2;;2;;2;;2;;2;;2;;2;;2;;2;;68;12;68;556.93262646
6042699;1;2;1;90;2;;1;28;2;;2;;2;;2;;2;;2;;2;;2;;68;12;68;556.93262646
6042699;1;3;1;90;2;;1;10;2;;2;;2;;2;;2;;2;;2;;2;;68;12;68;556.93262646
6042700;1;1;1;90;2;;2;;2;;2;;2;;2;;2;;2;;2;;2;;68;12;68;452.522301
6042700;1;2;1;90;2;;1;30;2;;2;;2;;2;;2;;2;;2;;2;;68;12;68;452.522301
6042700;1;3;1;90;2;;1;3;2;;2;;2;;2;;2;;2;;2;;2;;68;12;68;452.522301
6042700;1;4;1;90;2;;2;;2;;2;;2;;2;;2;;2;;2;;2;;68;12;68;452.522301
6042700;1;5;1;90;2;;2;;2;;2;;2;;2;;2;;2;;2;;2;;68;12;68;452.522301
6042701;1;1;1;90;2;;1;12;2;;2;;2;;2;;2;;2;;2;;2;;68;12;68;621.40353788
6042701;1;2;1;90;2;;1;10;2;;2;;2;;2;;2;;2;;2;;2;;68;12;68;621.40353788
6042702;1;1;1;90;2;;1;21;2;;2;;2;;2;;2;;2;;2;;2;;68;12;68;478.49122561
6042702;1;2;1;90;2;;1;14;2;;2;;2;;2;;1;12;2;;2;;2;;68;12;68;478.49122561
6042721;1;1;1;90;2;;1;30;2;;2;;2;;2;;2;;2;;2;;2;;68;12;68;284.10313503
6042721;1;2;1;90;2;;1;4;2;;2;;2;;2;;2;;2;;2;;2;;68;12;68;284.10313503
6042721;1;3;1;90;2;;1;20;2;;2;;2;;2;;2;;2;;2;;2;;68;12;68;284.10313503
6042721;1;4;1;90;2;;1;3;2;;2;;2;;2;;2;;2;;2;;2;;68;12;68;284.10313503
6042721;1;5;1;90;2;;1;2;2;;2;;2;;2;;2;;2;;2;;2;;68;12;68;284.10313503
6042721;1;6;1;90;2;;2;;2;;2;;2;;2;;2;;2;;2;;2;;68;12;68;284.10313503
6042722;1;1;1;90;2;;1;11;2;;1;10;2;;2;;2;;2;;2;;2;;68;12;68;640.46432104
6042722;1;2;1;90;2;;1;29;2;;1;25;2;;2;;2;;2;;2;;2;;68;12;68;640.46432104
6042723;1;1;1;90;2;;1;30;2;;2;;2;;2;;2;;2;;2;;2;;68;12;68;396.37138402
6042723;1;3;1;90;2;;1;2;2;;2;;2;;2;;2;;2;;2;;2;;68;12;68;396.37138402
6042723;1;4;1;90;2;;1;16;2;;2;;2;;2;;2;;2;;2;;2;;68;12;68;396.37138402
6042723;2;1;2;90;2;;1;20;2;;2;;2;;2;;2;;2;;2;;2;;68;12;68;396.37138402
6042724;1;1;1;90;2;;2;;2;;2;;2;;2;;2;;2;;2;;2;;68;12;68;548.61625414
6042724;1;2;1;90;2;;1;28;2;;2;;2;;2;;2;;2;;2;;2;;68;12;68;548.61625414
6042724;1;3;1;90;2;;2;;2;;2;;2;;2;;2;;2;;2;;2;;68;12;68;548.61625414
6042724;1;4;1;90;2;;1;14;2;;2;;2;;2;;2;;2;;2;;2;;68;12;68;548.61625414
6042725;1;1;1;90;2;;1;24;2;;2;;1;24;2;;2;;2;;2;;2;;68;12;68;612.17669617
6042725;1;2;1;90;2;;2;;2;;2;;2;;2;;2;;2;;2;;2;;68;12;68;612.17669617
6042725;1;3;1;90;2;;2;;2;;2;;2;;2;;2;;2;;2;;2;;68;12;68;612.17669617
6042725;1;4;1;90;2;;1;14;2;;2;;2;;2;;2;;2;;2;;2;;68;12;68;612.17669617
6042726;1;1;1;90;2;;1;30;2;;2;;2;;2;;2;;2;;2;;2;;68;12;68;579.22311034
6042726;1;2;1;90;2;;1;28;2;;2;;2;;2;;2;;2;;2;;2;;68;12;68;579.22311034
6042726;1;3;1;90;2;;2;;2;;2;;2;;2;;2;;2;;2;;2;;68;12;68;579.22311034
6042727;1;1;1;90;2;;2;;2;;2;;2;;2;;2;;2;;2;;2;;68;12;68;525.11537313
6042727;1;2;1;90;2;;1;48;2;;2;;2;;2;;2;;2;;2;;2;;68;12;68;525.11537313
6042728;1;1;1;90;2;;1;24;2;;2;;2;;2;;2;;2;;2;;2;;68;12;68;526.02584251
6042729;1;1;1;90;2;;2;;2;;2;;2;;2;;2;;2;;2;;2;;68;12;68;492.58186201
6042729;1;2;1;90;2;;1;20;2;;2;;2;;2;;2;;2;;2;;2;;68;12;68;492.58186201
6042729;1;3;1;90;2;;1;4;2;;2;;2;;2;;2;;2;;2;;2;;68;12;68;492.58186201
6042730;1;1;1;90;2;;1;24;2;;2;;2;;2;;2;;2;;2;;2;;68;12;68;522.15810186
6042730;1;2;1;90;2;;1;14;2;;2;;2;;2;;2;;2;;2;;2;;68;12;68;522.15810186
6042730;1;3;1;90;2;;2;;2;;2;;2;;2;;2;;2;;2;;2;;68;12;68;522.15810186
6042730;1;4;1;90;2;;1;7;2;;2;;2;;2;;2;;2;;2;;2;;68;12;68;522.15810186
6042731;1;1;1;90;2;;1;2;2;;2;;2;;2;;2;;2;;2;;2;;68;12;68;566.46301804
6042731;1;2;1;90;2;;1;30;2;;2;;2;;2;;2;;2;;2;;2;;68;12;68;566.46301804
6042731;1;3;1;90;2;;2;;2;;2;;2;;2;;2;;2;;2;;2;;68;12;68;566.46301804
6042732;1;1;1;90;2;;1;10;2;;2;;2;;2;;2;;2;;2;;2;;68;12;68;465.0967155
6042732;1;2;1;90;2;;1;10;2;;2;;2;;2;;2;;2;;2;;2;;68;12;68;465.0967155
6042732;1;3;1;90;2;;1;10;2;;2;;2;;2;;2;;2;;2;;2;;68;12;68;465.0967155
6042732;1;5;1;90;2;;1;14;2;;2;;2;;2;;2;;2;;2;;2;;68;12;68;465.0967155
6042733;1;1;1;90;2;;1;24;2;;2;;2;;2;;2;;2;;2;;2;;68;12;68;525.11537313
6042733;1;2;1;90;2;;2;;2;;2;;2;;2;;2;;2;;2;;2;;68;12;68;525.11537313
6042734;1;1;1;90;2;;1;4;2;;2;;2;;2;;2;;2;;2;;2;;68;12;68;591.22205102
6042734;1;2;1;90;2;;1;35;2;;1;20;2;;2;;2;;2;;2;;2;;68;12;68;591.22205102
6042734;1;5;1;90;2;;1;20;2;;2;;2;;2;;2;;2;;2;;2;;68;12;68;591.22205102
6042734;1;6;1;90;2;;2;;2;;2;;2;;2;;2;;2;;2;;2;;68;12;68;591.22205102
6042735;1;1;1;90;2;;1;14;2;;1;14;2;;2;;2;;2;;2;;2;;68;12;68;655.69296243
6042735;1;2;1;90;2;;1;28;2;;1;20;2;;2;;2;;2;;2;;2;;68;12;68;655.69296243
6042735;1;3;1;90;2;;1;14;2;;1;12;2;;2;;2;;2;;2;;2;;68;12;68;655.69296243
6042736;1;1;1;90;2;;1;7;2;;2;;2;;2;;2;;2;;2;;2;;68;12;68;591.70715107
6042736;1;2;1;90;2;;1;18;2;;2;;2;;2;;2;;2;;2;;2;;68;12;68;591.70715107
6042737;1;1;1;90;2;;1;2;2;;2;;2;;2;;2;;2;;2;;2;;68;12;68;501.99210663
6042737;1;2;1;90;2;;1;30;2;;1;24;2;;2;;2;;2;;2;;2;;68;12;68;501.99210663
6042737;1;3;1;90;2;;1;3;2;;2;;2;;2;;2;;2;;2;;2;;68;12;68;501.99210663
6042737;1;4;1;90;2;;1;12;2;;1;4;2;;2;;2;;2;;2;;2;;68;12;68;501.99210663
6042738;1;1;1;90;2;;1;14;2;;2;;2;;2;;2;;2;;2;;2;;68;12;68;525.11537313
6042738;1;2;1;90;2;;1;24;2;;2;;2;;2;;2;;2;;2;;2;;68;12;68;525.11537313
6042739;1;1;1;90;2;;2;;2;;2;;2;;2;;2;;2;;2;;2;;68;12;68;532.52127606
6042739;1;2;1;90;2;;1;30;2;;2;;2;;2;;2;;2;;2;;2;;68;12;68;532.52127606
6042740;1;1;1;90;2;;2;;2;;2;;2;;2;;2;;2;;2;;2;;68;12;68;525.11537313
6042740;1;2;1;90;2;;2;;2;;2;;2;;2;;2;;2;;2;;2;;68;12;68;525.11537313
6042741;1;1;1;90;2;;2;;2;;2;;2;;2;;2;;2;;2;;2;;68;12;68;578.31264095
6042741;1;2;1;90;2;;1;38;2;;2;;2;;2;;2;;2;;2;;2;;68;12;68;578.31264095
6042741;1;3;1;90;2;;1;14;2;;2;;2;;2;;2;;2;;2;;2;;68;12;68;578.31264095
6042741;1;4;1;90;2;;2;;2;;2;;2;;2;;2;;2;;2;;2;;68;12;68;578.31264095
6042742;1;1;1;90;2;;1;11;2;;2;;2;;2;;2;;2;;2;;2;;68;12;68;434.18630943
6042742;1;2;1;90;2;;2;;2;;2;;2;;2;;2;;2;;2;;2;;68;12;68;434.18630943
6042742;1;3;1;90;2;;1;10;2;;2;;2;;2;;2;;2;;2;;2;;68;12;68;434.18630943
6042743;1;1;1;90;2;;1;28;2;;2;;2;;2;;2;;2;;2;;2;;68;12;68;486.08642847
6042743;1;2;1;90;2;;1;3;2;;2;;2;;2;;2;;2;;2;;2;;68;12;68;486.08642847
6042744;1;1;1;90;2;;2;;1;15;2;;2;;2;;2;;2;;2;;2;;68;12;68;567.29580066
6042745;1;1;1;90;2;;1;25;2;;2;;2;;2;;2;;2;;2;;2;;68;12;68;854.31884644
6042745;1;3;1;90;2;;1;1;2;;2;;2;;2;;2;;2;;2;;2;;68;12;68;854.31884644
6042745;1;4;1;90;2;;1;28;2;;2;;2;;2;;2;;2;;2;;2;;68;12;68;854.31884644
6042746;1;1;1;90;2;;1;18;2;;1;18;2;;2;;2;;2;;2;;2;;68;12;68;508.18761242
6042746;1;3;1;90;2;;1;30;2;;1;38;2;;2;;2;;2;;2;;2;;68;12;68;508.18761242
6042747;1;1;1;90;2;;1;9;2;;2;;2;;2;;2;;2;;2;;2;;68;12;68;656.17806248
6042748;1;1;1;90;2;;2;;2;;2;;2;;2;;2;;2;;2;;2;;68;12;68;525.11537313
6042748;1;2;1;90;2;;2;;2;;2;;2;;2;;2;;2;;2;;2;;68;12;68;525.11537313
6042749;1;1;1;90;2;;1;24;2;;2;;2;;2;;2;;2;;2;;2;;68;12;68;526.02584251
6042750;1;1;1;90;2;;1;36;2;;2;;2;;2;;2;;2;;2;;2;;68;12;68;526.02584251
6042751;1;1;1;90;2;;1;24;2;;2;;2;;2;;2;;2;;2;;2;;68;12;68;509.58730948
6042751;1;2;1;90;2;;1;3;2;;2;;2;;2;;2;;2;;2;;2;;68;12;68;509.58730948
6042751;1;3;1;90;2;;1;8;2;;2;;2;;2;;2;;2;;2;;2;;68;12;68;509.58730948
6042751;1;4;1;90;2;;1;3;2;;2;;2;;2;;2;;2;;2;;2;;68;12;68;509.58730948
6042752;1;1;1;90;2;;2;;2;;2;;2;;2;;2;;2;;2;;2;;68;12;68;513.84172953
6042752;1;2;1;90;2;;1;28;2;;2;;2;;2;;2;;2;;2;;2;;68;12;68;513.84172953
6042752;1;3;1;90;2;;1;14;2;;2;;2;;2;;2;;2;;2;;2;;68;12;68;513.84172953
6042752;1;4;1;90;2;;2;;2;;2;;2;;2;;2;;2;;2;;2;;68;12;68;513.84172953
6042752;1;5;1;90;2;;1;15;2;;2;;2;;2;;2;;2;;2;;2;;68;12;68;513.84172953
6042753;1;1;1;90;2;;1;2;2;;2;;2;;2;;2;;2;;2;;2;;68;12;68;709.37533031
6042753;1;2;1;90;2;;1;24;2;;2;;2;;2;;2;;2;;2;;2;;68;12;68;709.37533031
6042753;1;3;1;90;2;;1;8;2;;2;;2;;2;;2;;2;;2;;2;;68;12;68;709.37533031
6042754;1;1;1;90;2;;1;12;2;;2;;2;;2;;2;;2;;2;;2;;68;12;68;509.58730948
6042754;1;2;1;90;2;;1;28;2;;2;;2;;2;;2;;2;;2;;2;;68;12;68;509.58730948
6042754;1;3;1;90;2;;2;;2;;2;;2;;2;;2;;2;;2;;2;;68;12;68;509.58730948
6042754;1;4;1;90;2;;1;13;2;;2;;2;;2;;2;;2;;2;;2;;68;12;68;509.58730948
6042755;1;1;1;90;2;;1;7;2;;2;;2;;2;;2;;2;;2;;2;;68;12;68;656.17806248
6042756;1;1;1;90;2;;1;6;2;;2;;2;;2;;2;;2;;2;;2;;68;12;68;680.2244598
6042756;1;2;1;90;2;;1;30;2;;2;;2;;2;;2;;2;;2;;2;;68;12;68;680.2244598
6042756;1;3;1;90;2;;1;18;2;;2;;2;;2;;2;;2;;2;;2;;68;12;68;680.2244598
6042757;1;1;1;90;2;;1;4;2;;2;;2;;2;;2;;2;;2;;2;;68;12;68;581.46412383
6042757;1;2;1;90;2;;1;24;2;;2;;2;;2;;2;;2;;2;;2;;68;12;68;581.46412383
6042757;1;3;1;90;2;;1;3;2;;2;;2;;2;;2;;2;;2;;2;;68;12;68;581.46412383
6042758;1;1;1;90;2;;2;;2;;2;;2;;2;;2;;2;;2;;2;;68;12;68;605.24029527
6042758;1;2;1;90;2;;2;;2;;2;;2;;2;;2;;2;;2;;2;;68;12;68;605.24029527
6042758;1;3;1;90;2;;2;;2;;2;;2;;2;;2;;2;;2;;2;;68;12;68;605.24029527
6042759;1;1;1;90;2;;2;;2;;2;;2;;2;;2;;2;;2;;2;;68;12;68;556.36983964
6042759;1;2;1;90;2;;1;14;2;;1;14;2;;2;;2;;2;;2;;2;;68;12;68;556.36983964
6042759;1;3;1;90;2;;1;24;2;;1;14;2;;2;;2;;2;;2;;2;;68;12;68;556.36983964
6042759;1;5;1;90;2;;2;;2;;2;;2;;2;;2;;2;;2;;2;;68;12;68;556.36983964
6042760;1;1;1;90;2;;1;30;2;;2;;2;;2;;2;;2;;2;;2;;68;12;68;525.11537313
6042760;1;2;1;90;2;;2;;2;;2;;2;;2;;2;;2;;2;;2;;68;12;68;525.11537313
6042761;1;1;1;90;2;;2;;2;;2;;2;;2;;2;;2;;2;;2;;68;12;68;400.62580408
6042761;1;2;1;90;2;;1;10;2;;2;;2;;2;;2;;2;;2;;2;;68;12;68;400.62580408
6042761;1;3;1;90;2;;1;30;2;;1;20;2;;2;;2;;2;;2;;2;;68;12;68;400.62580408
6042761;1;5;1;90;2;;1;5;2;;1;20;2;;2;;2;;2;;2;;2;;68;12;68;400.62580408
6042761;1;6;1;90;2;;1;3;2;;2;;2;;2;;2;;2;;2;;2;;68;12;68;400.62580408
6042762;1;1;1;90;2;;1;14;2;;2;;2;;2;;2;;2;;2;;2;;68;12;68;491.25131791
6042762;1;2;1;90;2;;1;24;2;;2;;2;;2;;2;;2;;2;;2;;68;12;68;491.25131791
6042763;1;1;1;90;2;;1;38;2;;2;;2;;1;30;2;;2;;2;;2;;68;12;68;526.02584251
6042764;1;1;1;90;2;;1;7;2;;2;;2;;2;;2;;2;;2;;2;;68;12;68;443.71670101
6042764;1;2;1;90;2;;1;14;2;;1;14;2;;2;;2;;2;;2;;2;;68;12;68;443.71670101
6042764;1;3;1;90;2;;1;4;2;;1;14;2;;2;;2;;2;;2;;2;;68;12;68;443.71670101
6042765;1;1;1;90;2;;2;;2;;2;;2;;2;;2;;2;;2;;2;;68;12;68;490.34084852
6042765;1;2;1;90;2;;1;24;2;;2;;2;;2;;2;;2;;2;;2;;68;12;68;490.34084852
6042765;1;3;1;90;2;;2;;2;;2;;2;;2;;2;;2;;2;;2;;68;12;68;490.34084852
6042766;1;1;1;90;2;;2;;2;;2;;2;;2;;2;;2;;2;;2;;68;12;68;403.57945323
6042766;1;2;1;90;2;;1;30;2;;2;;2;;2;;2;;2;;2;;2;;68;12;68;403.57945323
6042766;1;3;1;90;2;;1;4;2;;2;;2;;2;;2;;2;;2;;2;;68;12;68;403.57945323
6042766;1;4;1;90;2;;1;2;2;;2;;2;;2;;2;;2;;2;;2;;68;12;68;403.57945323
6042767;1;1;1;90;2;;1;3;2;;2;;2;;2;;2;;2;;2;;2;;68;12;68;395.46091464
6042767;1;2;1;90;2;;1;35;2;;1;20;2;;2;;2;;2;;2;;2;;68;12;68;395.46091464
6042767;1;3;1;90;2;;1;8;2;;1;20;2;;2;;2;;2;;2;;2;;68;12;68;395.46091464
6042767;1;5;1;90;2;;1;10;2;;2;;2;;2;;2;;2;;2;;2;;68;12;68;395.46091464
6042767;1;6;1;90;2;;1;11;2;;2;;2;;2;;2;;2;;2;;2;;68;12;68;395.46091464
6042768;1;1;1;90;2;;1;10;2;;2;;2;;2;;2;;2;;2;;2;;68;12;68;656.17806248
6042769;1;1;1;90;2;;1;6;2;;2;;2;;2;;2;;2;;2;;2;;68;12;68;656.17806248
6042770;1;1;1;90;2;;1;14;2;;2;;2;;2;;2;;2;;2;;2;;68;12;68;655.2675931
6042770;1;2;1;90;2;;1;8;2;;2;;2;;2;;2;;2;;2;;2;;68;12;68;655.2675931
6042771;1;1;1;90;2;;1;12;2;;2;;2;;2;;2;;2;;2;;2;;68;12;68;591.70715107
6042771;1;2;1;90;2;;1;26;2;;2;;2;;2;;2;;2;;2;;2;;68;12;68;591.70715107
6042772;1;1;1;90;2;;2;;2;;2;;2;;2;;2;;2;;2;;2;;68;12;68;542.05166764
6042772;1;2;1;90;2;;1;24;2;;2;;2;;2;;2;;2;;2;;2;;68;12;68;542.05166764
6042773;1;1;1;90;2;;1;7;2;;2;;2;;2;;2;;2;;2;;2;;68;12;68;488.0216172
6042773;1;2;1;90;2;;1;7;2;;2;;2;;2;;2;;2;;2;;2;;68;12;68;488.0216172
6042774;1;1;1;90;2;;1;2;2;;2;;2;;2;;2;;2;;2;;2;;68;12;68;621.75122045
6042774;1;2;1;90;2;;1;24;2;;2;;2;;2;;2;;2;;2;;2;;68;12;68;621.75122045
6042775;1;1;1;90;2;;1;24;2;;1;24;2;;2;;2;;2;;2;;2;;68;12;68;566.46301804
6042775;1;2;1;90;2;;2;;2;;2;;2;;2;;2;;2;;2;;2;;68;12;68;566.46301804
6042775;1;3;1;90;2;;1;7;2;;2;;2;;2;;2;;2;;2;;2;;68;12;68;566.46301804
6042776;1;1;1;90;2;;1;12;2;;2;;2;;2;;2;;2;;2;;2;;68;12;68;468.96083403
6042776;1;2;1;90;2;;1;4;2;;2;;2;;2;;2;;2;;2;;2;;68;12;68;468.96083403
6042777;1;1;1;90;2;;1;20;2;;1;7;2;;2;;2;;2;;2;;2;;68;12;68;646.16257085
6042777;1;2;1;90;2;;1;2;2;;2;;2;;2;;2;;2;;2;;2;;68;12;68;646.16257085
6042777;1;3;1;90;2;;2;;2;;2;;2;;2;;2;;2;;2;;2;;68;12;68;646.16257085
6042778;1;1;1;90;2;;1;24;2;;1;14;2;;2;;2;;2;;2;;2;;68;12;68;670.69406822
6042778;1;2;1;90;2;;1;2;2;;1;4;2;;2;;2;;2;;2;;2;;68;12;68;670.69406822
6042778;1;3;1;90;2;;1;4;2;;2;;2;;2;;2;;2;;2;;2;;68;12;68;670.69406822
6042779;1;1;1;90;2;;1;7;2;;2;;2;;2;;2;;2;;2;;2;;68;12;68;641.95076975
6042779;1;2;1;90;2;;1;24;2;;1;14;2;;2;;2;;2;;2;;2;;68;12;68;641.95076975
6042779;1;3;1;90;2;;1;4;2;;1;7;2;;2;;2;;2;;2;;2;;68;12;68;641.95076975
6042779;1;4;1;90;2;;1;14;2;;1;7;2;;2;;2;;2;;2;;2;;68;12;68;641.95076975
6042779;1;6;1;90;2;;1;7;2;;2;;2;;2;;2;;2;;2;;2;;68;12;68;641.95076975
6042780;1;1;1;90;2;;2;;2;;2;;2;;2;;2;;2;;2;;2;;68;12;68;501.99210663
6042780;1;2;1;90;2;;1;7;2;;1;4;2;;2;;2;;2;;2;;2;;68;12;68;501.99210663
6042780;1;3;1;90;2;;1;14;2;;1;14;2;;2;;2;;2;;2;;2;;68;12;68;501.99210663
6042780;1;4;1;90;2;;1;7;2;;2;;2;;2;;2;;2;;2;;2;;68;12;68;501.99210663
6042781;1;1;1;90;2;;1;4;2;;2;;2;;2;;2;;2;;2;;2;;68;12;68;380.76563361
6042781;1;2;1;90;2;;1;14;2;;2;;2;;2;;2;;2;;2;;2;;68;12;68;380.76563361
6042781;1;3;1;90;2;;1;3;2;;2;;2;;2;;2;;2;;2;;2;;68;12;68;380.76563361
6042781;1;4;1;90;2;;1;4;2;;2;;2;;2;;2;;2;;2;;2;;68;12;68;380.76563361
6042781;1;5;1;90;2;;1;7;2;;2;;2;;2;;2;;2;;2;;2;;68;12;68;380.76563361
6042782;1;1;1;90;2;;1;19;2;;2;;2;;2;;2;;2;;2;;2;;68;12;68;552.49252861
6042783;1;1;1;90;2;;1;3;2;;2;;2;;2;;2;;2;;2;;2;;68;12;68;680.93709546
6042783;1;2;1;90;2;;1;30;2;;1;12;2;;2;;2;;2;;2;;2;;68;12;68;680.93709546
6042784;1;1;1;90;2;;1;10;2;;2;;2;;2;;2;;2;;2;;2;;68;12;68;630.02346007
6042784;1;2;1;90;2;;2;;2;;2;;2;;2;;2;;2;;2;;2;;68;12;68;630.02346007
6042784;1;3;1;90;2;;1;10;2;;1;12;2;;2;;2;;2;;2;;2;;68;12;68;630.02346007
6042785;1;1;1;90;2;;1;24;2;;2;;2;;2;;2;;2;;2;;2;;68;12;68;720.16387385
6042785;1;2;1;90;2;;1;36;2;;2;;2;;2;;2;;2;;2;;2;;68;12;68;720.16387385
6042786;1;1;1;90;2;;1;29;2;;2;;1;22;2;;2;;2;;2;;2;;68;12;68;644.90441889
6042786;1;2;1;90;2;;2;;2;;2;;2;;2;;2;;2;;2;;2;;68;12;68;644.90441889
6042786;1;3;1;90;2;;2;;2;;2;;2;;2;;2;;2;;2;;2;;68;12;68;644.90441889
6042786;1;4;1;90;2;;2;;2;;2;;2;;2;;2;;2;;2;;2;;68;12;68;644.90441889
6042787;1;1;1;90;2;;1;24;2;;2;;2;;2;;2;;2;;2;;2;;68;12;68;542.96213703
6042788;1;1;1;90;2;;1;14;2;;2;;2;;2;;2;;2;;2;;2;;68;12;68;621.40353788
6042788;1;2;1;90;2;;1;14;2;;2;;2;;2;;2;;2;;2;;2;;68;12;68;621.40353788
6042789;1;1;1;90;2;;1;33;2;;2;;2;;2;;2;;2;;2;;2;;68;12;68;502.82488925
6042789;1;2;1;90;2;;1;19;2;;2;;2;;2;;2;;2;;2;;2;;68;12;68;502.82488925
6042790;1;1;1;90;2;;1;1;2;;2;;2;;2;;2;;2;;2;;2;;68;12;68;646.70808715
6042790;1;3;1;90;2;;1;28;2;;2;;2;;2;;2;;2;;2;;2;;68;12;68;646.70808715
6042790;1;4;1;90;2;;1;1;2;;2;;2;;2;;2;;2;;2;;2;;68;12;68;646.70808715
6042791;1;1;1;90;2;;1;3;2;;2;;2;;2;;2;;2;;2;;2;;68;12;68;621.40353788
6042791;1;2;1;90;2;;1;28;2;;2;;2;;2;;2;;2;;2;;2;;68;12;68;621.40353788
6042792;1;1;1;90;2;;1;31;2;;1;30;2;;2;;2;;2;;2;;2;;68;12;68;451.31190386
6042792;1;2;1;90;2;;2;;2;;2;;2;;2;;2;;2;;2;;2;;68;12;68;451.31190386
6042792;1;3;1;90;2;;1;15;2;;2;;2;;2;;2;;2;;2;;2;;68;12;68;451.31190386
6042793;1;1;1;90;2;;1;24;2;;1;24;2;;2;;2;;2;;2;;2;;68;12;68;630.93392946
6042793;1;2;1;90;2;;1;7;2;;1;8;2;;2;;2;;2;;2;;2;;68;12;68;630.93392946
6042794;1;1;1;90;2;;2;;2;;2;;2;;2;;2;;2;;2;;2;;68;12;68;613.08716556
6042794;1;2;1;90;2;;1;18;2;;2;;2;;2;;2;;2;;2;;2;;68;12;68;613.08716556
6042794;1;3;1;90;2;;2;;2;;2;;2;;2;;2;;2;;2;;2;;68;12;68;613.08716556
6042795;1;1;1;90;2;;1;14;2;;1;14;2;;2;;2;;2;;2;;2;;68;12;68;622.66168984
6042796;1;1;1;90;2;;1;7;2;;2;;2;;2;;2;;2;;2;;2;;68;12;68;478.49122561
6042796;1;2;1;90;2;;1;14;2;;2;;2;;2;;2;;2;;2;;2;;68;12;68;478.49122561
6042797;1;1;1;90;2;;1;12;2;;2;;2;;2;;2;;2;;2;;2;;68;12;68;630.93392946
6042797;1;2;1;90;2;;1;20;2;;2;;2;;2;;2;;2;;2;;2;;68;12;68;630.93392946
6042798;1;1;1;90;2;;2;;2;;2;;2;;2;;2;;2;;2;;2;;68;12;68;468.96083403
6042798;1;2;1;90;2;;1;20;2;;2;;2;;2;;2;;2;;2;;2;;68;12;68;468.96083403
6042799;1;1;1;90;2;;1;24;2;;2;;2;;2;;2;;2;;2;;2;;68;12;68;493.4923314
6042799;1;2;1;90;2;;1;10;2;;2;;2;;2;;2;;2;;2;;2;;68;12;68;493.4923314
6042800;1;1;1;90;2;;1;20;2;;2;;2;;2;;2;;2;;2;;2;;68;12;68;525.11537313
6042800;1;2;1;90;2;;1;2;2;;2;;2;;2;;2;;2;;2;;2;;68;12;68;525.11537313
6042801;1;1;1;90;2;;1;2;2;;1;5;2;;2;;2;;2;;2;;2;;68;12;68;756.77252973
6042801;1;2;1;90;2;;1;35;2;;1;35;2;;2;;2;;2;;2;;2;;68;12;68;756.77252973
6042801;1;3;1;90;2;;2;;2;;1;7;2;;2;;2;;2;;2;;2;;68;12;68;756.77252973
6042801;1;4;1;90;2;;1;15;2;;1;16;2;;2;;2;;2;;2;;2;;68;12;68;756.77252973
6042802;1;1;1;90;2;;1;21;2;;1;14;2;;2;;2;;2;;2;;2;;68;12;68;503.02272298
6042802;1;2;1;90;2;;1;14;2;;1;14;2;;2;;2;;2;;2;;2;;68;12;68;503.02272298
6042803;1;1;1;90;2;;1;28;2;;2;;1;24;2;;2;;2;;2;;2;;68;12;68;613.99763495
6042803;1;2;1;90;2;;2;;2;;2;;2;;2;;2;;2;;2;;2;;68;12;68;613.99763495
6042804;1;1;1;90;2;;2;;2;;2;;2;;2;;2;;2;;2;;2;;68;12;68;525.11537313
6042804;1;2;1;90;2;;1;24;2;;2;;2;;2;;2;;2;;2;;2;;68;12;68;525.11537313
6042805;1;1;1;90;2;;1;12;2;;2;;2;;2;;2;;2;;2;;2;;68;12;68;380.76563361
6042805;1;2;1;90;2;;1;14;2;;2;;2;;2;;2;;2;;2;;2;;68;12;68;380.76563361
6042805;1;3;1;90;2;;1;14;2;;2;;2;;2;;2;;2;;2;;2;;68;12;68;380.76563361
6042805;1;4;1;90;2;;1;14;2;;2;;2;;2;;2;;2;;2;;2;;68;12;68;380.76563361
6042805;1;5;1;90;2;;2;;2;;2;;2;;2;;2;;2;;2;;2;;68;12;68;380.76563361
6042806;1;1;1;90;2;;1;24;2;;2;;2;;2;;2;;2;;2;;2;;68;12;68;446.14701442
6042806;1;2;1;90;2;;1;1;2;;2;;2;;2;;2;;2;;2;;2;;68;12;68;446.14701442
6042806;1;3;1;90;2;;1;12;2;;2;;2;;2;;2;;2;;2;;2;;68;12;68;446.14701442
6042807;1;1;1;90;2;;2;;2;;2;;2;;2;;2;;2;;2;;2;;68;12;68;485.17595908
6042807;1;2;1;90;2;;1;48;2;;2;;2;;2;;2;;2;;2;;2;;68;12;68;485.17595908
6042807;1;3;1;90;2;;2;;2;;2;;2;;2;;2;;2;;2;;2;;68;12;68;485.17595908
6042808;1;1;1;90;2;;1;35;2;;2;;2;;2;;2;;2;;2;;2;;68;12;68;451.31190386
6042808;1;2;1;90;2;;1;3;2;;2;;2;;2;;2;;2;;2;;2;;68;12;68;451.31190386
6042808;1;3;1;90;2;;1;3;2;;2;;2;;2;;2;;2;;2;;2;;68;12;68;451.31190386
6042809;1;1;1;90;2;;1;19;2;;2;;2;;2;;2;;2;;2;;2;;68;12;68;526.02584251
6042810;1;1;1;90;2;;1;35;2;;2;;2;;2;;2;;2;;2;;2;;68;12;68;404.48992262
6042810;1;2;1;90;2;;1;5;2;;2;;2;;2;;2;;2;;2;;2;;68;12;68;404.48992262
6042810;1;3;1;90;2;;2;;2;;2;;2;;2;;2;;2;;2;;2;;68;12;68;404.48992262
6042811;1;1;1;90;2;;1;8;2;;1;12;2;;2;;2;;2;;2;;2;;68;12;68;640.46432104
6042811;1;2;1;90;2;;1;14;2;;1;14;2;;2;;2;;2;;2;;2;;68;12;68;640.46432104
6042812;1;1;1;90;2;;2;;2;;2;;2;;2;;1;5;2;;2;;2;;68;12;68;492.58186201
6042812;1;2;1;90;2;;1;32;2;;2;;2;;2;;2;;2;;2;;2;;68;12;68;492.58186201
6042812;1;3;1;90;2;;2;;2;;2;;2;;2;;2;;2;;2;;2;;68;12;68;492.58186201
6042813;1;1;1;90;2;;1;30;2;;2;;2;;2;;2;;2;;2;;2;;68;12;68;468.96083403
6042813;1;2;1;90;2;;1;5;2;;2;;2;;2;;2;;2;;2;;2;;68;12;68;468.96083403
6042814;1;1;1;90;2;;2;;2;;2;;2;;2;;2;;2;;2;;2;;68;12;68;636.58804657
6042814;1;2;1;90;2;;1;25;2;;2;;2;;2;;2;;2;;2;;2;;68;12;68;636.58804657
6042814;1;3;1;90;2;;2;;2;;2;;2;;2;;2;;2;;2;;2;;68;12;68;636.58804657
6042814;1;4;1;90;2;;2;;2;;2;;2;;2;;2;;2;;2;;2;;68;12;68;636.58804657
6042814;1;5;1;90;2;;1;4;2;;2;;2;;2;;2;;2;;2;;2;;68;12;68;636.58804657
6042815;1;1;1;90;2;;1;11;2;;1;20;2;;2;;2;;2;;2;;2;;68;12;68;601.23754265
6042815;1;2;1;90;2;;1;4;2;;1;20;2;;2;;2;;2;;2;;2;;68;12;68;601.23754265
6042816;1;1;1;90;2;;1;14;2;;2;;2;;2;;2;;2;;2;;2;;68;12;68;498.65722084
6042816;1;2;1;90;2;;1;14;2;;2;;2;;2;;2;;2;;2;;2;;68;12;68;498.65722084
6042817;1;1;1;90;2;;1;10;2;;2;;2;;2;;2;;2;;2;;2;;68;12;68;656.17806248
6042818;1;1;1;90;2;;1;8;2;;2;;2;;2;;2;;2;;2;;2;;68;12;68;528.266856
6042819;1;1;1;90;2;;2;;2;;2;;2;;2;;2;;2;;2;;2;;68;12;68;690.46748704
6042819;1;2;1;90;2;;1;24;2;;2;;2;;2;;2;;2;;2;;2;;68;12;68;690.46748704
6042820;1;1;1;90;2;;1;24;2;;2;;2;;2;;2;;2;;2;;2;;68;12;68;453.55291735
6042820;1;2;1;90;2;;1;2;2;;2;;2;;2;;2;;2;;2;;2;;68;12;68;453.55291735
6042820;1;3;1;90;2;;1;2;2;;2;;2;;2;;2;;2;;2;;2;;68;12;68;453.55291735
6042821;1;1;1;90;2;;1;2;2;;1;8;2;;2;;2;;2;;2;;2;;68;12;68;640.46432104
6042821;1;2;1;90;2;;1;24;2;;2;;2;;2;;2;;2;;2;;2;;68;12;68;640.46432104
6042822;1;1;1;90;2;;1;14;2;;2;;2;;2;;2;;2;;2;;2;;68;12;68;655.2675931
6042822;1;2;1;90;2;;1;7;2;;2;;2;;2;;2;;2;;2;;2;;68;12;68;655.2675931
6042823;1;1;1;90;2;;1;7;2;;2;;2;;2;;2;;2;;2;;2;;68;12;68;461.5549311
6042823;1;2;1;90;2;;1;14;2;;2;;2;;2;;2;;2;;2;;2;;68;12;68;461.5549311
6042824;1;1;1;90;2;;1;7;2;;1;21;2;;2;;2;;2;;2;;2;;68;12;68;622.66168984
6042825;1;1;1;90;2;;1;24;2;;2;;2;;2;;2;;2;;2;;2;;68;12;68;525.11537313
6042825;1;2;1;90;2;;2;;2;;2;;2;;2;;2;;2;;2;;2;;68;12;68;525.11537313
6042826;1;1;1;90;2;;1;2;2;;2;;2;;2;;2;;2;;2;;2;;68;12;68;468.05036464
6042826;1;2;1;90;2;;1;30;2;;2;;2;;2;;2;;2;;2;;2;;68;12;68;468.05036464
6042826;1;3;1;90;2;;1;2;2;;2;;2;;2;;2;;2;;2;;2;;68;12;68;468.05036464
6042827;1;1;1;90;2;;1;24;2;;2;;2;;2;;2;;2;;2;;2;;68;12;68;581.46412383
6042827;1;2;1;90;2;;2;;2;;2;;2;;2;;2;;2;;2;;2;;68;12;68;581.46412383
6042827;1;3;1;90;2;;1;7;2;;2;;2;;2;;2;;2;;2;;2;;68;12;68;581.46412383
6042828;1;1;1;90;2;;1;7;2;;2;;2;;2;;2;;2;;2;;2;;68;12;68;491.25131791
6042828;1;2;1;90;2;;1;15;2;;2;;1;7;2;;2;;2;;2;;2;;68;12;68;491.25131791
6042829;1;1;1;90;2;;2;;2;;2;;2;;2;;2;;2;;2;;2;;68;12;68;542.05166764
6042829;1;2;1;90;2;;1;24;2;;1;6;2;;2;;2;;2;;2;;2;;68;12;68;542.05166764
6042830;1;1;1;90;2;;1;5;2;;2;;2;;2;;2;;2;;2;;2;;68;12;68;451.31190386
6042830;1;2;1;90;2;;1;3;2;;2;;2;;2;;2;;2;;2;;2;;68;12;68;451.31190386
6042830;1;3;1;90;2;;1;24;2;;2;;2;;2;;2;;2;;2;;2;;68;12;68;451.31190386
6042831;1;1;1;90;2;;1;24;2;;1;24;2;;2;;2;;2;;2;;2;;68;12;68;799.86342665
6042831;1;2;1;90;1;14;1;24;2;;2;;2;;2;;2;;2;;2;;2;;68;12;68;799.86342665
6042832;1;1;1;90;2;;1;24;2;;2;;2;;2;;2;;2;;2;;2;;68;12;68;516.99321241
6042832;1;2;1;90;2;;2;;2;;2;;2;;2;;2;;2;;2;;2;;68;12;68;516.99321241
6042832;1;3;1;90;2;;2;;2;;2;;2;;2;;2;;2;;2;;2;;68;12;68;516.99321241
6042832;1;4;1;90;2;;1;5;2;;2;;2;;2;;2;;2;;2;;2;;68;12;68;516.99321241
6042833;1;1;1;90;2;;1;8;2;;2;;2;;2;;2;;2;;2;;2;;68;12;68;638.04403226
6042833;1;2;1;90;2;;2;;2;;2;;2;;2;;2;;2;;2;;2;;68;12;68;638.04403226
6042833;1;3;1;90;2;;1;8;2;;2;;2;;2;;2;;2;;2;;2;;68;12;68;638.04403226
6042833;1;6;1;90;2;;1;26;2;;2;;2;;2;;2;;2;;2;;2;;68;12;68;638.04403226
6042834;1;1;1;90;2;;1;24;2;;1;14;2;;2;;2;;2;;2;;2;;68;12;68;649.99471262
6042834;1;2;1;90;2;;1;6;2;;1;7;2;;2;;2;;2;;2;;2;;68;12;68;649.99471262
6042835;1;1;1;90;2;;1;5;2;;1;3;2;;2;;2;;2;;2;;2;;68;12;68;606.2231568
6042835;1;2;1;90;2;;1;14;2;;1;7;2;;2;;2;;2;;2;;2;;68;12;68;606.2231568
6042835;1;3;1;90;2;;1;4;2;;1;6;2;;2;;2;;2;;2;;2;;68;12;68;606.2231568
6042835;1;4;1;90;2;;1;4;2;;1;7;2;;2;;2;;2;;2;;2;;68;12;68;606.2231568
6042836;1;1;1;90;2;;1;21;2;;2;;2;;2;;2;;2;;2;;2;;68;12;68;533.43174545
6042837;1;1;1;90;2;;1;14;2;;1;6;2;;2;;2;;2;;2;;2;;68;12;68;592.96530302
6042838;1;1;1;90;2;;1;12;2;;2;;2;;2;;2;;2;;2;;2;;68;12;68;655.2675931
6042838;1;2;1;90;2;;1;7;2;;2;;2;;2;;2;;2;;2;;2;;68;12;68;655.2675931
6042839;1;1;1;90;2;;1;14;2;;2;;2;;2;;2;;2;;2;;2;;68;12;68;468.96083403
6042839;1;2;1;90;2;;1;14;2;;2;;2;;2;;2;;2;;2;;2;;68;12;68;468.96083403
6042840;1;1;1;90;2;;1;7;2;;2;;2;;2;;2;;2;;2;;2;;68;12;68;620.49306849
6042840;1;2;1;90;2;;1;14;2;;2;;2;;2;;2;;2;;2;;2;;68;12;68;620.49306849
6042840;1;3;1;90;2;;2;;2;;2;;2;;2;;2;;2;;2;;2;;68;12;68;620.49306849
6042841;1;1;1;90;2;;1;4;2;;1;7;2;;2;;2;;2;;2;;2;;68;12;68;710.63348227
6042841;1;2;1;90;2;;1;14;2;;1;7;2;;2;;2;;2;;2;;2;;68;12;68;710.63348227
6042842;1;1;1;90;2;;1;7;2;;1;5;2;;2;;2;;2;;2;;2;;68;12;68;642.25583336
6042842;1;2;1;90;2;;1;7;2;;1;14;2;;2;;2;;2;;2;;2;;68;12;68;642.25583336
6042843;1;1;1;90;2;;1;5;2;;1;18;2;;2;;2;;2;;2;;2;;68;12;68;478.49122561
6042843;1;2;1;90;2;;1;6;2;;1;30;2;;2;;2;;2;;2;;2;;68;12;68;478.49122561
6042844;1;1;1;90;2;;1;7;2;;2;;2;;2;;2;;2;;2;;2;;68;12;68;526.02584251
6042845;1;1;1;90;2;;1;8;2;;2;;2;;2;;2;;2;;2;;2;;68;12;68;497.74675145
6042845;1;2;1;90;2;;1;8;2;;2;;2;;2;;2;;2;;2;;2;;68;12;68;497.74675145
6042845;1;3;1;90;2;;1;7;2;;2;;2;;2;;2;;2;;2;;2;;68;12;68;497.74675145
6042856;1;1;1;90;2;;1;3;2;;2;;2;;2;;2;;2;;2;;2;;68;12;68;391.0954125
6042856;1;2;1;90;2;;1;7;2;;2;;2;;2;;2;;2;;2;;2;;68;12;68;391.0954125
6042856;1;3;1;90;2;;1;4;2;;2;;2;;2;;2;;2;;2;;2;;68;12;68;391.0954125
6042856;1;4;1;90;2;;1;7;2;;2;;2;;2;;2;;2;;2;;2;;68;12;68;391.0954125
6042856;1;5;1;90;2;;1;6;2;;2;;2;;2;;2;;2;;2;;2;;68;12;68;391.0954125
6042862;1;1;1;90;2;;1;28;1;28;2;;2;;2;;2;;2;;2;;2;;68;12;68;711.89163422
6043165;1;1;1;90;2;;1;14;2;;1;7;2;;2;;2;;2;;2;;2;;73;12;73;293.25811602
6043165;1;2;1;90;2;;1;35;2;;1;40;2;;2;;2;;2;;2;;2;;73;12;73;293.25811602
6043165;1;3;1;90;2;;2;;2;;1;21;2;;2;;2;;2;;2;;2;;73;12;73;293.25811602
6043165;1;4;1;90;2;;1;10;2;;1;24;2;;2;;1;2;2;;2;;2;;73;12;73;293.25811602
6043166;1;1;1;90;2;;1;21;2;;2;;2;;2;;2;;2;;2;;2;;73;12;73;261.41959932
6043166;1;2;1;90;2;;1;21;2;;2;;2;;2;;2;;2;;2;;2;;73;12;73;261.41959932
6043167;1;1;1;90;2;;1;10;2;;2;;1;5;2;;2;;2;;2;;2;;73;12;73;270.02935766
6043167;1;2;1;90;2;;1;24;2;;2;;1;10;2;;2;;2;;2;;2;;73;12;73;270.02935766
6043168;1;1;1;90;2;;1;7;2;;2;;2;;2;;2;;2;;2;;2;;73;12;73;212.61579781
6043170;1;1;1;90;2;;1;15;2;;2;;1;24;2;;2;;2;;2;;2;;73;12;73;261.88117882
6043171;1;1;1;90;2;;1;7;2;;1;4;2;;2;;2;;2;;2;;2;;73;12;73;536.79324628
6043171;1;2;1;90;2;;1;12;2;;1;21;2;;2;;2;;2;;2;;2;;73;12;73;536.79324628
6043172;1;1;1;90;2;;1;15;2;;2;;2;;2;;2;;2;;2;;2;;73;12;73;261.88117882
6043173;1;1;1;90;2;;1;28;2;;2;;2;;2;;2;;2;;2;;2;;73;12;73;178.57607356
6043173;1;2;1;90;1;8;1;10;2;;2;;2;;2;;2;;2;;2;;2;;73;12;73;178.57607356
6043173;1;3;1;90;2;;1;21;2;;2;;2;;2;;2;;2;;2;;2;;73;12;73;178.57607356
6043175;1;1;1;90;2;;1;14;2;;2;;2;;2;;2;;2;;2;;2;;73;12;73;261.88117882
6043177;1;1;1;90;2;;2;;2;;2;;2;;2;;2;;2;;2;;2;;73;12;73;178.57607356
6043177;1;2;1;90;2;;1;28;2;;2;;1;12;2;;2;;2;;2;;2;;73;12;73;178.57607356
6043177;1;3;1;90;2;;1;4;2;;2;;2;;2;;2;;2;;2;;2;;73;12;73;178.57607356
6043177;1;4;1;90;2;;1;10;2;;2;;2;;2;;2;;2;;2;;2;;73;12;73;178.57607356
6043177;1;5;1;90;2;;1;10;2;;2;;2;;2;;2;;2;;2;;2;;73;12;73;178.57607356
6043178;1;1;1;90;2;;1;15;2;;2;;2;;2;;2;;2;;2;;2;;73;12;73;261.88117882
6043179;1;1;1;90;2;;2;;2;;2;;2;;2;;2;;2;;2;;2;;73;12;73;178.57607356
6043179;1;2;1;90;2;;1;10;2;;2;;1;15;2;;2;;2;;2;;2;;73;12;73;178.57607356
6043179;1;3;1;90;2;;1;18;2;;2;;2;;2;;2;;2;;2;;2;;73;12;73;178.57607356
6043180;1;1;1;90;2;;2;;2;;2;;2;;2;;2;;2;;2;;2;;73;12;73;178.57607356
6043180;1;2;1;90;2;;1;4;2;;2;;2;;2;;2;;2;;2;;2;;73;12;73;178.57607356
6043180;1;3;1;90;2;;1;21;2;;2;;1;21;2;;2;;2;;2;;2;;73;12;73;178.57607356
6043180;1;4;1;90;2;;1;10;2;;2;;2;;2;;2;;2;;2;;2;;73;12;73;178.57607356
6043181;1;1;1;90;2;;1;10;2;;2;;2;;2;;2;;2;;2;;2;;73;12;73;212.61579781
6043182;1;1;1;90;2;;1;10;2;;2;;2;;2;;2;;2;;2;;2;;73;12;73;328.01646961
6043183;1;1;1;90;2;;2;;2;;2;;2;;2;;2;;2;;2;;2;;73;12;73;356.69056762
6043184;1;1;1;90;2;;1;12;2;;2;;2;;2;;2;;2;;2;;2;;73;12;73;356.69056762
6043185;1;1;1;90;2;;2;;2;;2;;2;;2;;2;;2;;2;;2;;73;12;73;385.72443067
6043186;1;1;1;90;2;;1;12;2;;2;;2;;2;;2;;2;;2;;2;;73;12;73;178.57607356
6043186;1;2;1;90;2;;1;21;2;;2;;2;;2;;2;;2;;2;;2;;73;12;73;178.57607356
6043186;1;3;1;90;2;;1;12;2;;2;;2;;2;;2;;2;;2;;2;;73;12;73;178.57607356
6043186;1;4;1;90;2;;2;;2;;2;;2;;2;;2;;2;;2;;2;;73;12;73;178.57607356
6043187;1;1;1;90;2;;1;12;2;;2;;2;;2;;2;;2;;2;;2;;73;12;73;261.88117882
6043188;1;1;1;90;2;;1;30;2;;2;;2;;2;;2;;2;;2;;2;;73;12;73;261.88117882
6043190;1;1;1;90;2;;2;;2;;2;;2;;2;;2;;2;;2;;2;;73;12;73;178.57607356
6043190;1;2;1;90;2;;1;35;2;;2;;1;30;2;;2;;2;;2;;2;;73;12;73;178.57607356
6043190;1;3;1;90;2;;1;10;2;;2;;1;14;2;;2;;2;;2;;2;;73;12;73;178.57607356
6043191;1;1;1;90;2;;1;21;2;;2;;2;;2;;2;;2;;2;;2;;73;12;73;289.99188287
6043191;1;2;1;90;2;;1;35;2;;2;;2;;2;;2;;2;;2;;2;;73;12;73;289.99188287
6043191;1;3;1;90;2;;2;;2;;2;;2;;2;;2;;2;;2;;2;;73;12;73;289.99188287
6043192;1;1;1;90;2;;1;14;2;;2;;2;;2;;2;;2;;2;;2;;73;12;73;405.28058206
6043192;1;2;1;90;2;;1;12;2;;2;;2;;2;;2;;2;;2;;2;;73;12;73;405.28058206
6043192;1;3;1;90;2;;1;2;2;;2;;2;;2;;2;;2;;2;;1;4;73;12;73;405.28058206
6043192;1;4;1;90;2;;1;2;2;;2;;2;;2;;2;;2;;2;;2;;73;12;73;405.28058206
6043193;1;1;1;90;2;;1;16;2;;2;;2;;2;;1;8;2;;2;;2;;73;12;73;375.72346851
6043193;1;2;1;90;2;;1;10;2;;2;;2;;2;;2;;2;;2;;2;;73;12;73;375.72346851
6043193;1;3;1;90;2;;1;7;2;;2;;2;;2;;2;;2;;2;;2;;73;12;73;375.72346851
6043194;1;1;1;90;2;;1;14;2;;1;18;2;;2;;2;;2;;2;;2;;73;12;73;536.79324628
6043194;1;2;1;90;2;;1;5;2;;1;5;2;;2;;2;;2;;2;;2;;73;12;73;536.79324628
6043195;1;1;1;90;2;;1;8;2;;2;;2;;2;;2;;2;;2;;2;;73;12;73;446.40422366
6043195;1;2;1;90;2;;1;28;2;;2;;2;;2;;2;;2;;2;;2;;73;12;73;446.40422366
6043195;1;3;1;90;2;;1;10;2;;2;;2;;2;;2;;2;;2;;2;;73;12;73;446.40422366
6043196;1;1;1;90;2;;1;10;2;;2;;2;;2;;2;;2;;2;;2;;73;12;73;294.16963316
6043196;1;2;1;90;2;;2;;2;;2;;2;;2;;2;;2;;2;;2;;73;12;73;294.16963316
6043197;1;1;1;90;2;;2;;2;;2;;2;;2;;2;;2;;2;;2;;73;12;73;178.57607356
6043197;1;2;1;90;2;;1;18;2;;2;;2;;2;;2;;2;;2;;2;;73;12;73;178.57607356
6043198;1;1;1;90;2;;1;12;2;;2;;1;18;2;;2;;2;;2;;2;;73;12;73;261.41959932
6043198;1;2;1;90;2;;2;;2;;2;;2;;2;;2;;2;;2;;2;;73;12;73;261.41959932
6043200;1;1;1;90;2;;1;5;2;;2;;2;;2;;2;;2;;2;;2;;73;12;73;212.61579781
6043201;1;1;1;90;2;;1;70;2;;2;;2;;2;;2;;2;;2;;2;;73;12;73;178.57607356
6043201;1;2;1;90;2;;1;2;2;;2;;2;;2;;2;;2;;2;;2;;73;12;73;178.57607356
6043201;1;3;1;90;2;;1;15;2;;2;;2;;2;;2;;2;;2;;1;2;73;12;73;178.57607356
6043202;1;1;1;90;2;;1;4;2;;2;;1;12;2;;2;;2;;2;;2;;73;12;73;198.89866486
6043202;1;2;1;90;2;;1;10;2;;2;;2;;2;;2;;2;;2;;2;;73;12;73;198.89866486
6043202;1;3;1;90;2;;2;;2;;2;;2;;2;;2;;2;;2;;2;;73;12;73;198.89866486
6043203;1;1;1;90;2;;1;2;2;;2;;2;;2;;2;;2;;2;;2;;73;12;73;261.88117882
6043204;1;1;1;90;2;;1;14;2;;2;;2;;2;;2;;2;;2;;2;;73;12;73;470.54449917
6043204;1;2;1;90;2;;2;;2;;2;;2;;2;;2;;2;;2;;2;;73;12;73;470.54449917
6043204;1;3;1;90;2;;1;1;2;;2;;2;;2;;2;;2;;2;;2;;73;12;73;470.54449917
6043205;1;1;1;90;2;;1;10;2;;2;;2;;2;;2;;2;;2;;2;;73;12;73;350.85262076
6043205;1;2;1;90;2;;1;21;2;;2;;2;;2;;2;;2;;2;;2;;73;12;73;350.85262076
6043205;1;3;1;90;2;;1;10;2;;2;;2;;2;;2;;2;;2;;2;;73;12;73;350.85262076
6043205;1;4;1;90;2;;2;;2;;2;;2;;2;;2;;2;;2;;2;;73;12;73;350.85262076
6043205;1;5;1;90;2;;2;;2;;2;;2;;2;;2;;2;;2;;2;;73;12;73;350.85262076
6043206;1;1;1;90;2;;1;10;2;;2;;2;;2;;2;;2;;2;;2;;73;12;73;178.57607356
6043206;1;2;1;90;2;;1;21;2;;2;;2;;2;;2;;2;;2;;2;;73;12;73;178.57607356
6043206;1;3;1;90;2;;1;21;2;;2;;2;;2;;2;;2;;2;;2;;73;12;73;178.57607356
6043206;1;4;1;90;2;;1;14;2;;2;;2;;2;;2;;2;;2;;2;;73;12;73;178.57607356
6043207;1;1;1;90;2;;1;12;2;;2;;2;;2;;2;;2;;2;;2;;73;12;73;356.58875315
6043207;1;2;1;90;2;;1;21;2;;2;;2;;2;;2;;2;;2;;2;;73;12;73;356.58875315
6043208;1;1;1;90;2;;1;21;2;;2;;2;;2;;2;;2;;2;;2;;73;12;73;232.2839218
6043208;1;2;1;90;2;;1;21;2;;2;;2;;2;;2;;2;;2;;2;;73;12;73;232.2839218
6043208;1;3;1;90;2;;1;10;2;;2;;2;;2;;2;;2;;2;;2;;73;12;73;232.2839218
6043209;1;1;1;90;2;;1;12;2;;2;;2;;2;;2;;2;;2;;2;;73;12;73;385.26285117
6043209;1;2;1;90;2;;1;14;2;;2;;2;;2;;2;;2;;2;;2;;73;12;73;385.26285117
6043210;1;1;1;90;2;;1;10;2;;2;;2;;2;;2;;2;;2;;2;;73;12;73;178.57607356
6043210;1;2;1;90;2;;1;21;2;;2;;2;;2;;2;;2;;2;;2;;73;12;73;178.57607356
6043210;1;3;1;90;2;;1;10;2;;2;;2;;2;;2;;2;;2;;2;;73;12;73;178.57607356
6043210;1;4;1;90;2;;1;10;2;;2;;2;;2;;2;;2;;2;;2;;73;12;73;178.57607356
6043210;1;5;1;90;2;;1;10;2;;2;;2;;2;;2;;2;;2;;2;;73;12;73;178.57607356
6043212;1;1;1;90;2;;1;35;2;;2;;2;;2;;2;;2;;2;;2;;73;12;73;212.61579781
6043214;1;1;1;90;2;;1;38;2;;2;;2;;2;;2;;1;12;2;;2;;73;12;73;178.57607356
6043214;1;2;1;90;2;;2;;2;;2;;2;;2;;2;;2;;2;;2;;73;12;73;178.57607356
6043214;1;3;1;90;2;;1;16;2;;1;30;2;;2;;2;;2;;2;;2;;73;12;73;178.57607356
6043214;1;4;1;90;2;;2;;2;;2;;2;;2;;2;;2;;2;;2;;73;12;73;178.57607356
6043215;1;1;1;90;2;;1;28;2;;1;70;2;;2;;2;;2;;2;;2;;73;12;73;524.97097675
6043215;1;2;1;90;2;;1;28;2;;1;2;2;;2;;2;;2;;2;;2;;73;12;73;524.97097675
6043217;1;1;1;90;2;;1;10;2;;2;;2;;2;;2;;2;;2;;2;;73;12;73;519.05389946
6043217;1;2;1;90;2;;2;;2;;2;;2;;2;;2;;2;;2;;2;;73;12;73;519.05389946
6043217;1;3;1;90;2;;1;7;2;;1;15;2;;2;;2;;2;;2;;2;;73;12;73;519.05389946
6043217;1;6;1;90;2;;2;;2;;2;;2;;2;;2;;2;;2;;2;;73;12;73;519.05389946
6043217;1;7;1;90;2;;2;;2;;2;;2;;2;;2;;2;;2;;2;;73;12;73;519.05389946
6043218;1;1;1;90;2;;1;8;2;;2;;2;;2;;2;;2;;2;;2;;73;12;73;178.57607356
6043218;1;2;1;90;2;;1;7;2;;2;;2;;2;;1;2;2;;2;;2;;73;12;73;178.57607356
6043218;1;3;1;90;2;;1;35;2;;2;;2;;2;;2;;2;;2;;1;5;73;12;73;178.57607356
6043220;1;1;1;90;2;;1;10;2;;2;;2;;2;;2;;2;;2;;2;;73;12;73;714.30429424
6043220;1;2;1;90;2;;1;24;2;;1;14;2;;2;;2;;2;;2;;2;;73;12;73;714.30429424
6043220;1;5;1;90;2;;1;12;2;;2;;2;;2;;2;;2;;2;;2;;73;12;73;714.30429424
6043221;1;1;1;90;2;;1;9;2;;2;;2;;2;;2;;2;;2;;2;;73;12;73;261.41959932
6043221;1;2;1;90;2;;1;21;2;;2;;1;18;2;;2;;2;;2;;2;;73;12;73;261.41959932
6043222;1;1;1;90;2;;1;10;2;;2;;2;;2;;2;;2;;2;;2;;73;12;73;178.57607356
6043222;1;2;1;90;2;;1;10;2;;2;;2;;2;;2;;2;;2;;2;;73;12;73;178.57607356
6043222;1;3;1;90;2;;1;5;2;;2;;2;;2;;2;;2;;2;;2;;73;12;73;178.57607356
6043223;1;1;1;90;2;;1;21;2;;2;;2;;2;;2;;2;;2;;2;;73;12;73;261.41959932
6043223;1;2;1;90;2;;1;21;2;;2;;2;;2;;2;;2;;2;;2;;73;12;73;261.41959932
6043224;1;1;1;90;2;;1;21;2;;1;30;2;;2;;2;;2;;2;;2;;73;12;73;319.29473866
6043224;1;2;1;90;2;;1;10;2;;1;21;2;;2;;1;5;2;;2;;2;;73;12;73;319.29473866
6043227;1;1;1;90;2;;2;;2;;2;;2;;2;;2;;2;;2;;2;;73;12;73;289.99188287
6043227;1;2;1;90;2;;1;18;2;;2;;2;;2;;2;;2;;2;;2;;73;12;73;289.99188287
6043227;1;3;1;90;2;;2;;2;;2;;2;;2;;2;;2;;2;;2;;73;12;73;289.99188287
6043228;1;1;1;90;2;;1;10;2;;2;;2;;2;;2;;2;;2;;2;;73;12;73;294.16963316
6043228;1;2;1;90;2;;2;;2;;2;;2;;2;;2;;2;;2;;2;;73;12;73;294.16963316
6043229;1;1;1;90;2;;1;18;2;;2;;2;;2;;2;;2;;2;;2;;73;12;73;475.81905207
6043230;1;1;1;90;2;;1;10;2;;2;;2;;2;;2;;2;;2;;2;;73;12;73;356.69056762
6043231;1;1;1;90;2;;1;10;2;;2;;2;;2;;2;;2;;2;;2;;73;12;73;414.29671421
6043231;1;2;1;90;2;;1;7;2;;2;;2;;2;;2;;2;;2;;2;;73;12;73;414.29671421
6043232;1;1;1;90;2;;1;2;2;;2;;2;;2;;2;;2;;2;;1;5;73;12;73;359.95680077
6043232;1;2;1;90;2;;1;21;2;;2;;1;10;2;;2;;2;;2;;2;;73;12;73;359.95680077
6043233;1;1;1;90;2;;2;;2;;2;;2;;2;;2;;2;;2;;2;;73;12;73;467.27826602
6043233;1;2;1;90;2;;1;24;2;;2;;2;;2;;2;;2;;2;;2;;73;12;73;467.27826602
6043234;1;1;1;90;2;;1;21;2;;2;;2;;2;;2;;2;;2;;2;;73;12;73;178.57607356
6043234;1;2;1;90;2;;1;10;2;;2;;2;;2;;2;;2;;2;;2;;73;12;73;178.57607356
6043234;1;3;1;90;2;;1;10;2;;2;;2;;2;;2;;2;;2;;2;;73;12;73;178.57607356
6043234;1;4;1;90;2;;1;10;2;;2;;2;;2;;2;;2;;2;;2;;73;12;73;178.57607356
6043235;1;1;1;90;2;;1;21;2;;2;;2;;2;;2;;2;;2;;2;;73;12;73;212.61579781
6043236;1;1;1;90;2;;1;15;2;;2;;2;;2;;2;;2;;2;;2;;73;12;73;385.72443067
6043237;1;1;1;90;2;;1;4;2;;2;;2;;2;;2;;2;;2;;2;;73;12;73;385.72443067
6043238;1;1;1;90;2;;1;1;2;;2;;2;;2;;2;;2;;2;;2;;73;12;73;388.99066382
6043238;1;2;1;90;2;;1;24;2;;2;;2;;2;;2;;2;;2;;2;;73;12;73;388.99066382
6043240;1;1;1;90;2;;1;14;2;;2;;2;;2;;2;;2;;2;;2;;73;12;73;438.70598247
6043241;1;1;1;90;2;;1;7;2;;2;;2;;2;;2;;2;;2;;2;;73;12;73;241.18808136
6043241;1;2;1;90;2;;1;14;2;;2;;2;;2;;2;;2;;2;;2;;73;12;73;241.18808136
6043242;1;1;1;90;2;;1;2;2;;2;;2;;2;;2;;2;;2;;2;;73;12;73;438.70598247
6043243;1;1;1;90;2;;1;14;2;;2;;2;;2;;2;;2;;2;;2;;73;12;73;414.56570697
6043250;1;1;1;90;2;;1;6;2;;2;;2;;2;;2;;2;;2;;2;;73;12;73;298.6016412
6043250;1;2;1;90;2;;1;28;2;;2;;2;;2;;2;;2;;2;;2;;73;12;73;298.6016412
6043250;1;3;1;90;2;;2;;2;;2;;2;;2;;2;;2;;2;;2;;73;12;73;298.6016412
6043251;1;1;1;90;2;;1;28;2;;2;;2;;2;;2;;2;;2;;1;2;73;12;73;375.26188901
6043251;1;2;1;90;2;;1;14;2;;2;;1;5;2;;2;;2;;2;;2;;73;12;73;375.26188901
6043251;1;3;1;90;2;;1;14;2;;2;;2;;2;;2;;2;;2;;1;10;73;12;73;375.26188901
6043251;1;4;1;90;2;;1;14;2;;2;;2;;2;;2;;2;;2;;2;;73;12;73;375.26188901
6043252;1;1;1;90;2;;1;8;2;;1;14;2;;2;;2;;2;;2;;2;;73;12;73;438.1425885
6043252;1;2;1;90;2;;1;14;2;;1;14;2;;2;;2;;2;;2;;2;;73;12;73;438.1425885
6043252;1;3;1;90;2;;1;16;2;;1;28;2;;2;;2;;2;;2;;2;;73;12;73;438.1425885
6043253;1;1;1;90;2;;1;14;2;;2;;2;;2;;2;;2;;2;;2;;73;12;73;337.86606005
6043253;1;2;1;90;2;;1;7;2;;2;;2;;2;;2;;2;;2;;2;;73;12;73;337.86606005
6043253;1;3;1;90;2;;1;7;2;;2;;2;;2;;2;;2;;2;;2;;73;12;73;337.86606005
6043253;1;4;1;90;2;;1;5;2;;2;;2;;2;;2;;2;;2;;2;;73;12;73;337.86606005
6043253;1;5;1;90;2;;1;18;2;;2;;2;;2;;2;;2;;2;;2;;73;12;73;337.86606005
6043256;1;1;1;90;2;;2;;2;;2;;2;;2;;2;;2;;2;;2;;73;12;73;211.47885174
6043256;1;2;1;90;2;;2;;2;;2;;2;;2;;2;;2;;2;;2;;73;12;73;211.47885174
6043256;1;3;1;90;2;;1;21;2;;2;;2;;2;;2;;2;;2;;2;;73;12;73;211.47885174
6043256;1;4;1;90;2;;2;;2;;2;;2;;2;;2;;2;;2;;2;;73;12;73;211.47885174
6043256;1;5;1;90;2;;2;;2;;2;;2;;2;;2;;2;;2;;2;;73;12;73;211.47885174
6043257;1;1;1;90;2;;2;;2;;2;;2;;2;;2;;2;;2;;2;;73;12;73;417.37036062
6043257;1;2;1;90;2;;1;18;2;;1;12;2;;2;;2;;2;;2;;2;;73;12;73;417.37036062
6043257;1;3;1;90;2;;2;;2;;2;;2;;2;;2;;2;;2;;2;;73;12;73;417.37036062
6043258;1;1;1;90;2;;2;;2;;2;;2;;2;;2;;2;;2;;2;;73;12;73;404.29575206
6043258;1;2;1;90;2;;1;12;2;;2;;2;;2;;2;;2;;2;;2;;73;12;73;404.29575206
6043258;1;3;1;90;2;;2;;2;;2;;2;;2;;2;;2;;2;;2;;73;12;73;404.29575206
6043258;1;4;1;90;2;;2;;2;;2;;2;;2;;2;;2;;2;;2;;73;12;73;404.29575206
6043260;1;1;1;90;2;;2;;2;;2;;2;;2;;2;;2;;2;;2;;73;12;73;194.72091456
6043260;1;2;1;90;2;;1;20;2;;2;;2;;2;;2;;2;;2;;2;;73;12;73;194.72091456
6043260;1;3;1;90;2;;2;;2;;2;;2;;2;;2;;2;;2;;2;;73;12;73;194.72091456
6043260;1;4;1;90;2;;2;;2;;2;;2;;2;;2;;2;;2;;2;;73;12;73;194.72091456
6043261;1;1;1;90;2;;2;;2;;2;;2;;2;;2;;2;;2;;2;;73;12;73;385.72443067
6043262;1;1;1;90;2;;1;21;2;;1;21;2;;2;;2;;2;;2;;2;;73;12;73;412.48841493
6043262;1;2;1;90;2;;1;21;2;;2;;2;;2;;2;;2;;2;;2;;73;12;73;412.48841493
6043262;1;3;1;90;2;;1;10;2;;2;;2;;2;;2;;2;;2;;2;;73;12;73;412.48841493
6043263;1;1;1;90;2;;1;18;2;;1;18;2;;2;;2;;2;;2;;2;;73;12;73;356.58875315
6043263;1;2;1;90;2;;1;56;2;;1;56;2;;2;;2;;2;;2;;2;;73;12;73;356.58875315
6043264;1;1;1;90;2;;2;;2;;2;;2;;2;;2;;2;;2;;2;;73;12;73;504.39133561
6043264;1;2;1;90;2;;1;28;2;;2;;2;;2;;2;;2;;2;;2;;73;12;73;504.39133561
6043265;1;1;1;90;2;;1;28;2;;1;14;2;;2;;2;;2;;2;;2;;73;12;73;523.52605097
6043265;1;2;1;90;2;;1;14;2;;1;10;2;;2;;2;;2;;2;;2;;73;12;73;523.52605097
6043265;1;3;1;90;2;;1;5;2;;1;2;2;;2;;2;;2;;2;;2;;73;12;73;523.52605097
6043266;1;1;1;90;2;;1;21;2;;2;;2;;2;;2;;2;;2;;2;;73;12;73;395.853172
6043266;1;2;1;90;2;;2;;2;;2;;2;;2;;2;;2;;2;;2;;73;12;73;395.853172
6043266;1;3;1;90;2;;1;4;2;;2;;2;;2;;2;;2;;2;;2;;73;12;73;395.853172
6043266;1;5;1;90;2;;1;10;2;;2;;2;;2;;2;;2;;2;;2;;73;12;73;395.853172
6043268;1;1;1;90;2;;1;7;2;;2;;2;;2;;2;;2;;2;;2;;73;12;73;294.16963316
6043268;1;2;1;90;2;;1;7;2;;2;;2;;2;;2;;2;;2;;2;;73;12;73;294.16963316
6043271;1;1;1;90;2;;1;28;2;;2;;2;;2;;2;;2;;2;;2;;73;12;73;380.15547655
6043271;1;2;1;90;2;;1;12;2;;2;;2;;2;;2;;2;;2;;2;;73;12;73;380.15547655
6043271;1;3;1;90;2;;2;;2;;2;;2;;2;;2;;2;;2;;2;;73;12;73;380.15547655
6043271;1;4;1;90;2;;1;14;2;;2;;2;;2;;2;;2;;2;;2;;73;12;73;380.15547655
6043272;1;1;1;90;2;;1;28;2;;1;35;2;;2;;2;;2;;2;;2;;73;12;73;500.83070125
6043272;1;2;1;90;2;;1;14;2;;1;10;2;;2;;2;;2;;2;;2;;73;12;73;500.83070125
6043273;1;1;1;90;2;;1;10;2;;2;;2;;2;;2;;2;;2;;2;;73;12;73;496.11954231
6043273;1;2;1;90;2;;1;10;2;;2;;2;;2;;2;;2;;2;;2;;73;12;73;496.11954231
6043274;1;1;1;90;2;;1;12;2;;2;;2;;2;;2;;2;;2;;2;;73;12;73;446.40422366
6043274;1;2;1;90;2;;1;14;2;;2;;2;;2;;2;;2;;2;;2;;73;12;73;446.40422366
6043274;1;3;1;90;2;;1;10;2;;2;;2;;2;;2;;2;;2;;2;;73;12;73;446.40422366
6043276;1;1;1;90;2;;2;;2;;1;28;2;;2;;2;;2;;2;;2;;73;12;73;438.1425885
6043276;1;2;1;90;2;;1;35;2;;1;14;1;35;2;;2;;2;;2;;2;;73;12;73;438.1425885
6043276;1;3;1;90;2;;1;7;2;;1;5;1;2;2;;2;;2;;2;;2;;73;12;73;438.1425885
6043277;1;1;1;90;2;;1;5;2;;1;14;2;;2;;2;;2;;2;;2;;73;12;73;319.02574591
6043277;1;2;1;90;2;;1;28;2;;1;28;1;2;2;;2;;2;;2;;2;;73;12;73;319.02574591
6043277;1;3;1;90;2;;2;;2;;2;;2;;2;;2;;2;;2;;2;;73;12;73;319.02574591
6043278;1;1;1;90;2;;2;;2;;2;;2;;2;;2;;2;;2;;2;;73;12;73;466.63574162
6043278;1;2;1;90;2;;1;35;2;;2;;2;;2;;2;;2;;2;;2;;73;12;73;466.63574162
6043278;1;3;1;90;2;;1;3;2;;2;;2;;2;;1;30;2;;2;;2;;73;12;73;466.63574162
6043279;1;1;1;90;2;;1;14;2;;2;;2;;2;;2;;2;;2;;2;;73;12;73;261.88117882
6043281;1;1;1;90;2;;1;10;2;;2;;2;;2;;2;;2;;2;;2;;73;12;73;178.57607356
6043281;1;2;1;90;2;;1;10;2;;2;;2;;2;;2;;2;;2;;2;;73;12;73;178.57607356
6043281;1;3;1;90;2;;1;4;2;;2;;2;;2;;2;;2;;2;;2;;73;12;73;178.57607356
6043281;1;4;1;90;2;;1;10;2;;2;;2;;2;;2;;2;;2;;2;;73;12;73;178.57607356
6043282;1;1;1;90;2;;1;5;2;;2;;2;;2;;2;;2;;2;;2;;73;12;73;342.97343467
6043282;1;2;1;90;2;;1;35;2;;2;;2;;2;;2;;2;;2;;2;;73;12;73;342.97343467
6043282;1;3;1;90;2;;1;14;2;;2;;2;;2;;2;;2;;2;;2;;73;12;73;342.97343467
6043283;1;1;1;90;2;;1;36;2;;1;21;2;;2;;2;;2;;2;;2;;73;12;73;244.45431451
6043283;1;2;1;90;2;;1;5;2;;1;35;2;;2;;2;;2;;2;;2;;73;12;73;244.45431451
6043283;1;3;1;90;2;;1;18;2;;1;21;2;;2;;2;;2;;2;;2;;73;12;73;244.45431451
6043284;1;1;1;90;2;;1;14;2;;2;;2;;2;;2;;2;;2;;2;;73;12;73;356.69056762
6043285;1;1;1;90;2;;1;18;2;;2;;2;;2;;2;;2;;2;;2;;73;12;73;261.88117882
6043286;1;1;1;90;2;;1;14;2;;2;;2;;2;;2;;2;;2;;2;;73;12;73;380.15547655
6043286;1;2;1;90;2;;1;28;2;;2;;2;;2;;2;;2;;2;;2;;73;12;73;380.15547655
6043286;1;3;1;90;2;;1;6;2;;2;;2;;2;;2;;2;;2;;2;;73;12;73;380.15547655
6043286;1;4;1;90;2;;1;2;2;;2;;2;;2;;2;;2;;2;;2;;73;12;73;380.15547655
6043287;1;1;1;90;2;;2;;2;;2;;2;;2;;2;;2;;2;;2;;73;12;73;469.63298202
6043287;1;2;1;90;2;;1;18;2;;2;;2;;2;;2;;2;;2;;2;;73;12;73;469.63298202
6043287;1;3;1;90;2;;2;;2;;2;;2;;2;;2;;2;;2;;2;;73;12;73;469.63298202
6043287;1;4;1;90;2;;2;;2;;2;;2;;2;;2;;2;;2;;2;;73;12;73;469.63298202
6043287;1;5;1;90;2;;1;10;2;;1;15;2;;2;;2;;2;;2;;2;;73;12;73;469.63298202
6043289;1;1;1;90;2;;2;;2;;2;;2;;2;;2;;2;;2;;2;;73;12;73;677.20556726
6043289;1;2;1;90;2;;1;12;2;;1;10;2;;2;;2;;2;;2;;2;;73;12;73;677.20556726
6043289;1;3;1;90;2;;2;;2;;2;;2;;2;;2;;2;;2;;2;;73;12;73;677.20556726
6043290;1;1;1;90;2;;2;;2;;2;;2;;2;;2;;2;;2;;1;2;73;12;73;561.80489546
6043290;1;2;1;90;2;;1;18;2;;1;14;2;;2;;2;;2;;2;;2;;73;12;73;561.80489546
6043290;1;3;1;90;2;;2;;2;;2;;2;;2;;2;;2;;2;;2;;73;12;73;561.80489546
6043291;1;1;1;90;2;;2;;2;;2;;2;;2;;2;;2;;2;;2;;73;12;73;290.45346236
6043291;1;2;1;90;2;;2;;2;;2;;2;;2;;2;;2;;2;;2;;73;12;73;290.45346236
6043294;1;1;1;90;2;;1;10;2;;2;;2;;2;;2;;2;;2;;2;;73;12;73;322.74191671
6043294;1;2;1;90;2;;1;15;2;;2;;2;;2;;2;;2;;2;;2;;73;12;73;322.74191671
6043294;1;3;1;90;2;;2;;2;;2;;2;;2;;2;;2;;2;;2;;73;12;73;322.74191671
6043295;1;1;1;90;2;;1;8;2;;2;;2;;2;;2;;2;;2;;2;;73;12;73;298.1400617
6043295;1;2;1;90;2;;1;10;2;;2;;2;;2;;2;;2;;2;;2;;73;12;73;298.1400617
6043295;1;3;1;90;2;;1;21;2;;2;;2;;2;;2;;2;;2;;2;;73;12;73;298.1400617
6043295;1;4;1;90;2;;2;;2;;2;;2;;2;;2;;2;;2;;2;;73;12;73;298.1400617
6043297;1;1;1;90;2;;1;10;2;;2;;2;;2;;2;;2;;2;;2;;73;12;73;212.61579781
6043298;1;1;1;90;2;;1;21;2;;2;;2;;2;;2;;2;;2;;2;;73;12;73;261.88117882
6043299;1;1;1;90;2;;2;;2;;2;;2;;2;;2;;2;;2;;2;;73;12;73;356.01520105
6043299;1;2;1;90;2;;1;28;2;;2;;2;;2;;2;;2;;2;;2;;73;12;73;356.01520105
6043299;1;3;1;90;2;;1;12;2;;2;;2;;2;;2;;2;;2;;2;;73;12;73;356.01520105
6043299;1;4;1;90;2;;2;;2;;2;;2;;2;;2;;2;;2;;2;;73;12;73;356.01520105
6043300;1;1;1;90;2;;1;12;2;;2;;2;;2;;2;;2;;2;;2;;73;12;73;356.69056762
6043301;1;1;1;90;2;;1;12;2;;2;;2;;2;;2;;2;;2;;2;;73;12;73;385.72443067
6043302;1;1;1;90;2;;1;12;2;;2;;2;;2;;2;;2;;2;;2;;73;12;73;195.18249406
6043302;1;2;1;90;2;;1;12;2;;2;;2;;2;;2;;2;;2;;2;;73;12;73;195.18249406
6043302;1;3;1;90;2;;1;14;2;;1;12;2;;2;;2;;2;;2;;2;;73;12;73;195.18249406
6043303;1;1;1;90;2;;1;14;2;;2;;2;;2;;2;;2;;2;;1;6;73;12;73;356.22898812
6043303;1;2;1;90;2;;1;7;2;;2;;2;;2;;2;;2;;2;;2;;73;12;73;356.22898812
6043304;1;1;1;90;1;10;1;12;2;;2;;2;;2;;2;;2;;2;;2;;73;12;73;241.18808136
6043304;1;2;1;90;2;;1;18;2;;2;;2;;2;;2;;2;;2;;2;;73;12;73;241.18808136
6043305;1;1;1;90;2;;1;10;1;8;2;;1;21;2;;2;;2;;2;;2;;73;12;73;356.69056762
6043307;1;1;1;90;2;;1;12;2;;2;;2;;2;;2;;2;;2;;2;;73;12;73;178.57607356
6043307;1;2;1;90;2;;1;38;2;;2;;2;;2;;2;;2;;2;;2;;73;12;73;178.57607356
6043307;1;3;1;90;2;;1;21;2;;2;;2;;2;;2;;2;;2;;2;;73;12;73;178.57607356
6043308;1;1;1;90;2;;2;;2;;2;;2;;2;;2;;2;;2;;2;;73;12;73;289.99188287
6043308;1;2;1;90;2;;1;20;2;;2;;2;;2;;2;;2;;2;;2;;73;12;73;289.99188287
6043308;1;3;1;90;2;;2;;2;;2;;2;;2;;2;;2;;2;;2;;73;12;73;289.99188287
6043309;1;1;1;90;2;;1;5;2;;2;;2;;2;;2;;2;;2;;2;;73;12;73;319.29473866
6043309;1;2;1;90;2;;2;;2;;2;;2;;2;;2;;2;;2;;2;;73;12;73;319.29473866
6043310;1;1;1;90;2;;2;;2;;2;;2;;2;;2;;2;;2;;2;;73;12;73;241.18808136
6043310;1;2;1;90;2;;1;6;2;;2;;2;;2;;2;;2;;2;;2;;73;12;73;241.18808136
6043312;1;1;1;90;2;;1;18;2;;2;;2;;2;;2;;2;;2;;2;;73;12;73;322.29197906
6043312;1;2;1;90;2;;2;;2;;2;;2;;2;;2;;2;;2;;2;;73;12;73;322.29197906
6043312;1;3;1;90;2;;2;;2;;2;;2;;2;;2;;2;;2;;2;;73;12;73;322.29197906
6043312;1;4;1;90;2;;1;5;2;;2;;2;;2;;2;;2;;2;;2;;73;12;73;322.29197906
6043313;1;1;1;90;2;;1;10;2;;2;;2;;2;;2;;2;;2;;2;;73;12;73;212.61579781
6043315;1;1;1;90;2;;1;4;2;;2;;2;;2;;2;;2;;2;;2;;73;12;73;709.60747792
6043315;1;2;1;90;2;;1;56;2;;1;24;2;;2;;2;;2;;2;;2;;73;12;73;709.60747792
6043315;1;3;1;90;2;;1;2;2;;2;;2;;2;;2;;2;;2;;2;;73;12;73;709.60747792
6043316;1;1;1;90;2;;1;14;2;;2;;2;;2;;2;;2;;2;;2;;73;12;73;261.41959932
6043316;1;2;1;90;2;;1;14;2;;2;;2;;2;;2;;2;;2;;2;;73;12;73;261.41959932
6043319;1;1;1;90;2;;2;;2;;2;;2;;2;;2;;2;;2;;2;;73;12;73;260.95801982
6043319;1;2;1;90;2;;1;18;2;;2;;1;18;2;;2;;2;;2;;2;;73;12;73;260.95801982
6043319;1;3;1;90;2;;1;18;2;;2;;1;21;2;;2;;2;;2;;2;;73;12;73;260.95801982
6043320;1;1;1;90;2;;1;10;2;;2;;2;;2;;2;;2;;2;;2;;73;12;73;290.45346236
6043320;1;2;1;90;2;;2;;2;;2;;2;;2;;2;;2;;2;;2;;73;12;73;290.45346236
6043322;1;1;1;90;2;;1;35;2;;2;;2;;2;;2;;2;;2;;2;;73;12;73;178.57607356
6043322;1;2;1;90;2;;1;14;2;;2;;2;;2;;2;;2;;2;;2;;73;12;73;178.57607356
6043322;1;3;1;90;2;;1;12;2;;2;;2;;2;;1;30;2;;2;;2;;73;12;73;178.57607356
6043323;1;1;1;90;2;;1;40;2;;2;;2;;2;;2;;2;;2;;2;;73;12;73;290.45346236
6043323;1;2;1;90;2;;2;;2;;2;;2;;2;;2;;2;;2;;2;;73;12;73;290.45346236
6043324;1;1;1;90;2;;1;16;2;;2;;2;;2;;2;;2;;2;;1;1;73;12;73;322.74191671
6043324;1;2;1;90;2;;1;7;2;;2;;2;;2;;2;;2;;2;;1;1;73;12;73;322.74191671
6043324;1;3;1;90;2;;1;14;2;;2;;2;;2;;2;;2;;2;;2;;73;12;73;322.74191671
6043325;1;1;1;90;2;;1;14;2;;2;;2;;2;;2;;2;;2;;2;;73;12;73;178.57607356
6043325;1;2;1;90;2;;1;9;2;;2;;2;;2;;2;;2;;2;;2;;73;12;73;178.57607356
6043325;1;3;1;90;2;;1;21;2;;2;;2;;2;;2;;2;;2;;2;;73;12;73;178.57607356
6043325;1;4;1;90;2;;1;12;2;;2;;2;;2;;2;;2;;2;;2;;73;12;73;178.57607356
6043326;1;1;1;90;2;;1;10;2;;2;;2;;2;;2;;2;;2;;2;;73;12;73;385.72443067
6043328;1;1;1;90;2;;1;15;2;;2;;1;10;2;;2;;2;;2;;2;;73;12;73;178.57607356
6043328;1;2;1;90;2;;2;;2;;2;;2;;2;;2;;2;;2;;2;;73;12;73;178.57607356
6043329;1;1;1;90;2;;1;10;2;;2;;2;;2;;2;;2;;2;;2;;73;12;73;261.88117882
6043331;1;1;1;90;2;;1;8;2;;2;;2;;2;;2;;2;;2;;2;;73;12;73;298.6016412
6043331;1;2;1;90;2;;1;35;2;;2;;2;;2;;2;;2;;2;;2;;73;12;73;298.6016412
6043331;1;3;1;90;2;;2;;2;;2;;2;;2;;2;;2;;2;;2;;73;12;73;298.6016412
6043332;1;1;1;90;2;;1;21;2;;2;;2;;2;;2;;2;;2;;2;;73;12;73;261.88117882
6043333;1;1;1;90;2;;1;10;2;;2;;2;;2;;2;;2;;2;;2;;73;12;73;293.70805366
6043333;1;2;1;90;2;;1;10;2;;2;;2;;2;;2;;2;;2;;2;;73;12;73;293.70805366
6043333;1;3;1;90;2;;1;15;2;;2;;2;;2;;2;;2;;2;;2;;73;12;73;293.70805366
6043334;1;1;1;90;2;;2;;2;;2;;2;;2;;2;;2;;2;;2;;73;12;73;290.45346236
6043334;1;2;1;90;2;;1;21;2;;2;;2;;2;;2;;2;;2;;2;;73;12;73;290.45346236
6043335;1;1;1;90;2;;2;;2;;2;;2;;2;;2;;2;;2;;2;;73;12;73;223.56219086
6043335;1;2;1;90;2;;1;21;2;;2;;2;;2;;2;;2;;2;;2;;73;12;73;223.56219086
6043335;1;3;1;90;2;;1;7;2;;2;;2;;2;;2;;2;;2;;2;;73;12;73;223.56219086
6043335;1;4;1;90;2;;2;;2;;2;;2;;2;;2;;2;;2;;2;;73;12;73;223.56219086
6043336;1;1;1;90;2;;1;6;2;;2;;2;;2;;2;;2;;2;;2;;73;12;73;212.15421831
6043336;1;2;1;90;2;;1;35;2;;2;;2;;2;;2;;2;;2;;2;;73;12;73;212.15421831
6043337;1;1;1;90;2;;1;5;2;;2;;2;;2;;2;;2;;2;;2;;73;12;73;356.69056762
6043340;1;1;1;90;2;;2;;2;;2;;2;;2;;2;;2;;2;;2;;73;12;73;441.51063612
6043340;1;2;1;90;2;;1;12;2;;2;;2;;2;;2;;2;;2;;2;;73;12;73;441.51063612
6043340;1;3;1;90;2;;1;18;2;;1;10;2;;2;;2;;2;;2;;2;;73;12;73;441.51063612
6043341;1;1;1;90;2;;1;22;2;;1;15;2;;2;;2;;2;;2;;2;;73;12;73;504.39133561
6043341;1;2;1;90;2;;2;;2;;2;;2;;2;;2;;2;;2;;2;;73;12;73;504.39133561
6043342;1;1;1;90;2;;2;;2;;2;;2;;2;;2;;2;;2;;2;;73;12;73;241.18808136
6043342;1;2;1;90;2;;1;6;2;;2;;2;;2;;1;6;2;;2;;2;;73;12;73;241.18808136
6043343;1;1;1;90;2;;2;;2;;2;;2;;2;;2;;2;;2;;2;;73;12;73;319.29473866
6043343;1;2;1;90;2;;2;;2;;2;;2;;2;;2;;2;;2;;2;;73;12;73;319.29473866
6043344;1;1;1;90;2;;1;15;2;;2;;2;;2;;2;;2;;2;;2;;73;12;73;178.57607356
6043344;1;2;1;90;2;;2;;2;;2;;2;;2;;2;;2;;2;;2;;73;12;73;178.57607356
6043344;1;3;1;90;2;;2;;2;;2;;2;;2;;2;;2;;2;;2;;73;12;73;178.57607356
6043344;1;4;1;90;2;;2;;2;;2;;2;;2;;2;;2;;2;;2;;73;12;73;178.57607356
6043345;1;1;1;90;2;;2;;2;;2;;2;;2;;2;;2;;2;;2;;73;12;73;385.72443067
6043348;1;1;1;90;2;;2;;2;;2;;2;;2;;2;;2;;2;;2;;73;12;73;356.69056762
6043349;1;1;1;90;2;;1;10;2;;1;10;2;;2;;2;;2;;2;;2;;73;12;73;356.58875315
6043349;1;2;1;90;2;;1;35;2;;1;56;2;;2;;2;;2;;2;;2;;73;12;73;356.58875315
6043350;1;1;1;90;2;;1;14;2;;2;;2;;2;;2;;2;;2;;2;;73;12;73;261.41959932
6043350;1;2;1;90;2;;2;;1;24;2;;2;;2;;2;;2;;2;;2;;73;12;73;261.41959932
6043353;1;1;1;90;2;;1;4;2;;2;;2;;2;;2;;2;;2;;2;;73;12;73;269.56777816
6043353;1;2;1;90;2;;1;4;2;;2;;2;;2;;2;;2;;2;;2;;73;12;73;269.56777816
6043353;1;3;1;90;2;;1;10;2;;2;;2;;2;;2;;2;;2;;2;;73;12;73;269.56777816
6043354;1;1;1;90;2;;1;14;2;;2;;2;;2;;2;;2;;2;;2;;73;12;73;212.61579781
6043355;1;1;1;90;2;;2;;2;;2;;2;;2;;2;;2;;2;;2;;73;12;73;470.54449917
6043355;1;2;1;90;2;;1;10;2;;2;;2;;2;;2;;2;;1;2;2;;73;12;73;470.54449917
6043355;1;3;1;90;2;;1;10;2;;1;21;2;;2;;2;;2;;2;;2;;73;12;73;470.54449917
6043358;1;1;1;90;2;;1;14;2;;2;;2;;2;;2;;2;;2;;2;;73;12;73;351.12161351
6043358;1;2;1;90;2;;1;14;2;;2;;2;;2;;2;;2;;2;;1;5;73;12;73;351.12161351
6043358;1;3;1;90;2;;1;3;2;;2;;2;;2;;2;;2;;2;;2;;73;12;73;351.12161351
6043358;1;4;1;90;2;;2;;2;;2;;2;;2;;1;5;2;;2;;1;2;73;12;73;351.12161351
6043359;1;1;1;90;2;;1;21;2;;2;;2;;2;;2;;2;;2;;2;;73;12;73;351.58319301
6043359;1;2;1;90;2;;1;14;2;;2;;2;;2;;2;;2;;2;;2;;73;12;73;351.58319301
6043359;1;3;1;90;2;;1;12;2;;2;;2;;2;;2;;2;;2;;2;;73;12;73;351.58319301
6043360;1;1;1;90;2;;1;12;2;;2;;2;;2;;2;;2;;2;;2;;73;12;73;212.61579781
6043361;1;1;1;90;2;;1;14;2;;2;;2;;2;;2;;2;;2;;2;;73;12;73;414.002313
6043361;1;2;1;90;2;;1;14;2;;1;3;2;;2;;2;;2;;2;;2;;73;12;73;414.002313
6043361;1;3;1;90;2;;1;5;2;;2;;2;;2;;2;;2;;2;;2;;73;12;73;414.002313
6043363;1;1;1;90;2;;1;18;2;;2;;2;;2;;2;;2;;2;;2;;73;12;73;261.88117882
6043364;1;1;1;90;2;;1;10;2;;2;;2;;2;;2;;2;;2;;2;;73;12;73;342.97343467
6043364;1;2;1;90;2;;2;;2;;2;;2;;2;;2;;2;;2;;2;;73;12;73;342.97343467
6043364;1;3;1;90;2;;2;;2;;2;;2;;2;;2;;2;;2;;2;;73;12;73;342.97343467
6043367;1;1;1;90;2;;1;7;2;;2;;2;;2;;2;;2;;2;;2;;73;12;73;178.57607356
6043367;1;2;1;90;2;;1;2;2;;2;;2;;2;;2;;2;;2;;2;;73;12;73;178.57607356
6043367;1;3;1;90;2;;1;5;2;;2;;2;;2;;2;;1;30;2;;2;;73;12;73;178.57607356
6043368;1;1;1;90;2;;2;;2;;2;;2;;2;;2;;2;;2;;2;;73;12;73;395.3915925
6043368;1;2;1;90;2;;1;25;2;;2;;1;15;2;;2;;2;;2;;2;;73;12;73;395.3915925
6043368;1;3;1;90;2;;1;4;2;;2;;2;;2;;2;;2;;2;;2;;73;12;73;395.3915925
6043368;1;4;1;90;2;;1;7;2;;2;;2;;2;;2;;2;;2;;2;;73;12;73;395.3915925
6043368;1;5;1;90;2;;1;12;2;;2;;2;;2;;2;;2;;2;;2;;73;12;73;395.3915925
6043369;1;1;1;90;2;;1;10;2;;2;;2;;2;;2;;2;;2;;2;;73;12;73;241.18808136
6043369;1;2;1;90;2;;1;10;2;;2;;2;;2;;2;;2;;2;;2;;73;12;73;241.18808136
6043370;1;1;1;90;2;;1;7;2;;2;;2;;2;;2;;2;;2;;2;;73;12;73;634.52354354
6043370;1;2;1;90;2;;1;21;2;;2;;2;;2;;2;;2;;2;;2;;73;12;73;634.52354354
6043370;1;3;1;90;2;;1;10;2;;2;;2;;2;;2;;2;;2;;2;;73;12;73;634.52354354
6043370;1;4;1;90;2;;2;;2;;2;;2;;2;;2;;2;;2;;2;;73;12;73;634.52354354
6043370;1;5;1;90;2;;2;;2;;2;;2;;2;;2;;2;;2;;2;;73;12;73;634.52354354
6043370;1;6;1;90;2;;1;8;2;;2;;2;;2;;2;;2;;2;;2;;73;12;73;634.52354354
6043371;1;1;1;90;2;;1;7;2;;2;;2;;2;;2;;2;;2;;2;;73;12;73;322.74191671
6043371;1;2;1;90;2;;1;21;2;;2;;2;;2;;2;;2;;2;;2;;73;12;73;322.74191671
6043371;1;3;1;90;2;;1;20;2;;2;;2;;2;;2;;2;;2;;2;;73;12;73;322.74191671
6043372;1;1;1;90;2;;2;;2;;2;;2;;2;;2;;2;;2;;2;;73;12;73;261.41959932
6043372;1;2;1;90;2;;1;35;2;;2;;2;;2;;2;;2;;2;;2;;73;12;73;261.41959932
6043373;1;1;1;90;2;;1;7;2;;2;;2;;2;;2;;2;;2;;2;;73;12;73;414.002313
6043373;1;2;1;90;2;;1;14;2;;2;;2;;2;;2;;2;;2;;2;;73;12;73;414.002313
6043373;1;3;1;90;2;;1;5;1;3;2;;2;;2;;2;;2;;2;;2;;73;12;73;414.002313
6043374;1;1;1;90;2;;1;8;2;;2;;2;;2;;2;;2;;2;;2;;73;12;73;241.18808136
6043374;1;2;1;90;1;7;1;28;2;;2;;2;;2;;2;;2;;2;;1;30;73;12;73;241.18808136
6043375;1;1;1;90;2;;1;21;2;;2;;2;;2;;2;;2;;2;;2;;73;12;73;385.43002945
6043375;1;2;1;90;2;;1;14;2;;1;30;2;;2;;2;;2;;2;;2;;73;12;73;385.43002945
6043376;1;1;1;90;2;;2;;2;;2;;2;;2;;2;;2;;2;;2;;73;12;73;354.11885391
6043376;1;2;1;90;2;;1;20;2;;2;;2;;2;;2;;2;;2;;2;;73;12;73;354.11885391
6043376;1;3;1;90;2;;2;;2;;2;;2;;2;;2;;2;;2;;2;;73;12;73;354.11885391
6043376;1;4;1;90;2;;2;;2;;2;;2;;2;;2;;2;;2;;2;;73;12;73;354.11885391
6043376;1;5;1;90;2;;1;10;2;;1;10;2;;2;;2;;2;;2;;2;;73;12;73;354.11885391
6043376;1;7;1;90;2;;2;;2;;2;;2;;2;;2;;2;;2;;2;;73;12;73;354.11885391
6043377;1;1;1;90;2;;1;16;2;;2;;2;;2;;2;;2;;2;;2;;73;12;73;212.61579781
6043378;1;1;1;90;2;;1;21;2;;2;;2;;2;;2;;2;;2;;2;;73;12;73;673.07138078
6043378;1;2;1;90;2;;1;12;2;;2;;2;;2;;2;;2;;2;;2;;73;12;73;673.07138078
6043378;1;3;1;90;2;;1;12;2;;2;;2;;2;;2;;2;;2;;2;;73;12;73;673.07138078
6043378;1;4;1;90;2;;1;18;2;;2;;2;;2;;2;;2;;2;;2;;73;12;73;673.07138078
6043378;1;5;1;90;2;;1;12;2;;2;;2;;2;;2;;2;;2;;2;;73;12;73;673.07138078
6043379;1;1;1;90;2;;1;10;2;;2;;2;;2;;2;;2;;2;;2;;73;12;73;298.6016412
6043379;1;2;1;90;2;;2;;2;;2;;2;;2;;2;;2;;2;;2;;73;12;73;298.6016412
6043379;1;3;1;90;2;;2;;2;;2;;2;;2;;2;;2;;2;;2;;73;12;73;298.6016412
6043380;1;1;1;90;2;;2;;2;;2;;2;;2;;2;;2;;2;;2;;73;12;73;388.99066382
6043380;1;2;1;90;2;;1;18;2;;1;15;2;;2;;2;;2;;2;;2;;73;12;73;388.99066382
6043381;1;1;1;90;2;;2;;2;;2;;2;;2;;2;;2;;2;;2;;73;12;73;446.40422366
6043381;1;2;1;90;2;;1;20;2;;1;12;2;;2;;2;;2;;2;;2;;73;12;73;446.40422366
6043381;1;3;1;90;2;;2;;2;;2;;2;;2;;2;;2;;2;;2;;73;12;73;446.40422366
6043382;1;1;1;90;2;;1;28;2;;1;18;2;;2;;2;;2;;2;;2;;73;12;73;669.50732606
6043385;1;1;1;90;2;;1;5;2;;2;;2;;2;;2;;2;;2;;2;;73;12;73;261.41959932
6043385;1;2;1;90;2;;1;35;2;;2;;2;;2;;2;;2;;2;;2;;73;12;73;261.41959932
6043386;1;1;1;90;2;;2;;2;;2;;2;;2;;2;;1;14;2;;2;;73;12;73;289.99188287
6043386;1;2;1;90;2;;1;35;2;;2;;2;;2;;2;;2;;2;;2;;73;12;73;289.99188287
6043386;1;3;1;90;2;;2;;2;;2;;2;;2;;2;;2;;2;;2;;73;12;73;289.99188287
6043387;1;1;1;90;2;;1;10;2;;1;5;2;;2;;2;;2;;2;;2;;73;12;73;409.57030496
6043387;1;2;1;90;2;;1;10;2;;1;25;2;;2;;2;;2;;2;;2;;73;12;73;409.57030496
6043388;1;1;1;90;2;;1;21;2;;2;;2;;2;;2;;2;;2;;2;;73;12;73;289.99188287
6043388;1;2;1;90;2;;2;;2;;2;;2;;2;;2;;2;;2;;2;;73;12;73;289.99188287
6043388;1;3;1;90;2;;1;10;2;;2;;2;;2;;2;;2;;2;;2;;73;12;73;289.99188287
6043389;1;1;1;90;2;;1;7;2;;2;;2;;2;;2;;2;;2;;2;;73;12;73;467.27826602
6043389;1;2;1;90;2;;1;4;2;;2;;2;;2;;2;;2;;2;;2;;73;12;73;467.27826602
6043391;1;1;1;90;2;;1;12;2;;2;;2;;2;;2;;2;;2;;2;;73;12;73;385.72443067
6043392;1;1;1;90;2;;1;12;2;;1;10;2;;2;;2;;2;;2;;2;;73;12;73;261.31778485
6043392;1;2;1;90;2;;1;24;2;;1;18;1;14;2;;2;;2;;2;;2;;73;12;73;261.31778485
6043392;1;3;1;90;2;;1;10;2;;2;;2;;2;;2;;2;;2;;2;;73;12;73;261.31778485
6043393;1;1;1;90;2;;1;12;2;;2;;2;;2;;2;;2;;2;;2;;73;12;73;388.99066382
6043393;1;2;1;90;2;;1;12;2;;2;;2;;2;;2;;2;;2;;2;;73;12;73;388.99066382
6043395;1;1;1;90;2;;1;10;2;;2;;2;;2;;2;;2;;2;;1;20;73;12;73;178.57607356
6043395;1;2;1;90;2;;1;10;2;;2;;2;;2;;2;;2;;2;;2;;73;12;73;178.57607356
6043395;1;3;1;90;2;;1;10;2;;2;;2;;2;;2;;2;;2;;2;;73;12;73;178.57607356
6043395;1;4;1;90;2;;1;7;2;;2;;2;;2;;2;;2;;2;;2;;73;12;73;178.57607356
6043395;1;5;1;90;2;;1;10;2;;2;;1;21;2;;2;;2;;2;;2;;73;12;73;178.57607356
6043396;1;1;1;90;2;;1;12;2;;2;;2;;2;;2;;2;;2;;2;;73;12;73;356.69056762
6043397;1;1;1;90;2;;1;21;2;;2;;2;;2;;2;;2;;2;;2;;73;12;73;261.88117882
6043399;1;1;1;90;2;;2;;2;;2;;2;;2;;2;;2;;2;;2;;73;12;73;404.29575206
6043399;1;2;1;90;2;;1;21;2;;2;;2;;2;;2;;2;;2;;2;;73;12;73;404.29575206
6043399;1;3;1;90;2;;1;10;2;;2;;2;;2;;2;;2;;2;;2;;73;12;73;404.29575206
6043399;1;4;1;90;2;;1;10;2;;2;;2;;2;;2;;2;;2;;2;;73;12;73;404.29575206
6043401;1;1;1;90;2;;2;;2;;2;;2;;2;;2;;2;;2;;2;;73;12;73;261.41959932
6043401;1;2;1;90;2;;2;;2;;2;;2;;2;;2;;2;;2;;2;;73;12;73;261.41959932
6043402;1;1;1;90;2;;1;7;2;;2;;2;;2;;2;;2;;2;;2;;73;12;73;385.72443067
6043403;1;1;1;90;2;;1;21;2;;2;;2;;2;;2;;2;;2;;2;;73;12;73;178.57607356
6043403;1;2;1;90;2;;1;21;2;;2;;2;;2;;2;;2;;2;;2;;73;12;73;178.57607356
6043404;1;1;1;90;1;40;2;;2;;2;;2;;2;;2;;2;;2;;2;;73;12;73;178.57607356
6043404;1;2;1;90;2;;1;38;2;;2;;2;;2;;2;;2;;2;;2;;73;12;73;178.57607356
6043404;1;3;1;90;2;;2;;2;;2;;2;;2;;2;;2;;2;;2;;73;12;73;178.57607356
6043405;1;1;1;90;2;;2;;2;;2;;2;;2;;2;;2;;2;;2;;73;12;73;178.57607356
6043405;1;2;1;90;2;;1;35;2;;2;;2;;2;;2;;2;;2;;1;5;73;12;73;178.57607356
6043405;1;3;1;90;2;;1;7;2;;2;;2;;2;;2;;2;;2;;2;;73;12;73;178.57607356
6043405;1;4;1;90;2;;1;10;2;;2;;2;;2;;2;;2;;2;;2;;73;12;73;178.57607356
6043406;1;1;1;90;2;;1;35;2;;1;14;2;;2;;1;20;2;;2;;2;;73;12;73;328.01646961
6043407;1;1;1;90;2;;2;;2;;2;;2;;2;;2;;2;;2;;1;15;73;12;73;289.99188287
6043407;1;2;1;90;2;;1;15;2;;2;;2;;2;;2;;2;;2;;2;;73;12;73;289.99188287
6043407;1;3;1;90;2;;2;;2;;2;;2;;2;;2;;2;;2;;2;;73;12;73;289.99188287
6043408;1;1;1;90;2;;1;28;2;;2;;2;;2;;2;;2;;2;;2;;73;12;73;290.45346236
6043408;1;2;1;90;2;;2;;2;;2;;2;;2;;1;3;2;;2;;1;2;73;12;73;290.45346236
6043409;1;1;1;90;2;;2;;2;;2;;2;;2;;2;;2;;2;;2;;73;12;73;289.99188287
6043409;1;2;1;90;2;;1;21;2;;2;;2;;2;;2;;2;;2;;2;;73;12;73;289.99188287
6043409;1;3;1;90;2;;2;;2;;2;;2;;2;;2;;2;;2;;2;;73;12;73;289.99188287
6043410;1;1;1;90;2;;1;5;2;;2;;2;;2;;2;;2;;2;;1;4;73;12;73;212.15421831
6043410;1;2;1;90;2;;1;21;2;;2;;2;;2;;2;;2;;2;;2;;73;12;73;212.15421831
6043411;1;1;1;90;2;;2;;2;;2;;2;;2;;2;;2;;2;;2;;73;12;73;178.57607356
6043411;1;2;1;90;2;;2;;2;;2;;2;;2;;2;;2;;2;;2;;73;12;73;178.57607356
6043411;1;3;1;90;2;;2;;2;;2;;2;;2;;2;;2;;2;;2;;73;12;73;178.57607356
6043418;1;1;1;90;2;;1;14;2;;2;;2;;2;;2;;2;;2;;2;;73;12;73;261.88117882
6043419;1;1;1;90;2;;2;;2;;2;;2;;2;;2;;2;;2;;2;;73;12;73;261.41959932
6043419;1;2;1;90;2;;1;36;2;;2;;2;;2;;2;;2;;2;;2;;73;12;73;261.41959932
6043420;1;1;1;90;2;;2;;2;;2;;2;;2;;2;;2;;2;;1;10;73;12;73;298.6016412
6043420;1;2;1;90;2;;1;36;2;;2;;2;;2;;2;;2;;2;;2;;73;12;73;298.6016412
6043420;1;3;1;90;2;;1;3;2;;2;;2;;2;;1;10;2;;2;;2;;73;12;73;298.6016412
6043421;1;1;1;90;2;;1;14;2;;2;;2;;2;;2;;2;;2;;2;;73;12;73;443.13799051
6043421;1;2;1;90;2;;1;14;2;;2;;2;;2;;2;;2;;2;;2;;73;12;73;443.13799051
6043422;1;1;1;90;2;;1;14;2;;2;;2;;2;;2;;2;;2;;2;;73;12;73;495.85054956
6043422;1;2;1;90;2;;1;14;2;;2;;2;;2;;2;;2;;2;;2;;73;12;73;495.85054956
6043422;1;3;1;90;2;;1;5;2;;2;;2;;2;;1;10;2;;2;;2;;73;12;73;495.85054956
6043423;1;1;1;90;2;;1;3;2;;2;;2;;2;;2;;2;;2;;2;;73;12;73;178.57607356
6043423;1;2;1;90;2;;1;28;1;21;2;;2;;2;;2;;2;;2;;2;;73;12;73;178.57607356
6043423;1;3;1;90;2;;2;;2;;2;;2;;2;;2;;2;;2;;2;;73;12;73;178.57607356
6043425;1;1;1;90;2;;2;;2;;2;;2;;2;;2;;2;;2;;2;;73;12;73;261.41959932
6043425;1;2;1;90;2;;2;;2;;2;;2;;2;;2;;2;;2;;2;;73;12;73;261.41959932
6043426;1;1;1;90;2;;2;;2;;2;;2;;2;;2;;2;;2;;2;;73;12;73;298.6016412
6043426;1;2;1;90;2;;1;21;2;;2;;2;;2;;2;;2;;2;;2;;73;12;73;298.6016412
6043426;1;3;1;90;2;;2;;2;;2;;2;;2;;2;;2;;2;;2;;73;12;73;298.6016412
6043427;1;1;1;90;2;;2;;2;;2;;2;;2;;2;;2;;2;;2;;73;12;73;385.26285117
6043427;1;2;1;90;2;;1;8;2;;2;;2;;2;;2;;2;;2;;2;;73;12;73;385.26285117
6043428;1;1;1;90;2;;2;;2;;2;;2;;2;;2;;2;;2;;2;;73;12;73;212.05240384
6043428;1;2;1;90;2;;1;12;2;;2;;2;;2;;2;;2;;2;;2;;73;12;73;212.05240384
6043428;1;3;1;90;2;;2;;2;;1;10;2;;2;;2;;2;;2;;2;;73;12;73;212.05240384
6043430;1;1;1;90;2;;1;15;2;;2;;2;;2;;2;;2;;2;;2;;73;12;73;261.88117882
6043433;1;1;1;90;2;;1;36;2;;2;;2;;2;;2;;2;;2;;2;;73;12;73;178.57607356
6043433;1;2;1;90;2;;1;14;2;;2;;2;;2;;2;;2;;2;;2;;73;12;73;178.57607356
6043433;1;3;1;90;2;;1;6;2;;2;;2;;2;;2;;2;;2;;2;;73;12;73;178.57607356
6043434;1;1;1;90;2;;1;10;2;;2;;2;;2;;2;;2;;2;;2;;73;12;73;241.18808136
6043434;1;2;1;90;2;;1;10;2;;2;;2;;2;;2;;2;;2;;2;;73;12;73;241.18808136
6043435;1;1;1;90;2;;1;6;2;;2;;2;;2;;2;;2;;2;;2;;73;12;73;261.41959932
6043435;1;2;1;90;2;;2;;2;;2;;2;;2;;2;;2;;2;;2;;73;12;73;261.41959932
6043436;1;1;1;90;2;;1;20;2;;2;;2;;2;;2;;2;;2;;2;;73;12;73;319.29473866
6043436;1;2;1;90;2;;2;;2;;2;;2;;2;;2;;2;;2;;2;;73;12;73;319.29473866
6043437;1;1;1;90;2;;1;21;2;;2;;2;;2;;2;;2;;2;;2;;73;12;73;318.83315916
6043437;1;2;1;90;2;;1;10;2;;2;;2;;2;;2;;2;;2;;2;;73;12;73;318.83315916
6043437;1;3;1;90;2;;1;10;2;;2;;2;;2;;2;;2;;2;;2;;73;12;73;318.83315916
6043438;1;1;1;90;2;;1;6;2;;2;;2;;2;;2;;2;;2;;2;;73;12;73;409.12036731
6043438;1;2;1;90;2;;1;12;2;;2;;2;;2;;2;;2;;2;;2;;73;12;73;409.12036731
6043438;2;1;2;90;2;;1;28;2;;1;21;2;;2;;2;;2;;2;;2;;73;12;73;409.12036731
6043440;1;1;1;90;2;;1;21;2;;2;;2;;2;;2;;2;;2;;2;;73;12;73;400.84857401
6043440;1;2;1;90;2;;2;;2;;2;;2;;2;;2;;2;;2;;2;;73;12;73;400.84857401
6043440;1;3;1;90;2;;2;;2;;2;;2;;2;;2;;2;;2;;2;;73;12;73;400.84857401
6043441;1;1;1;90;2;;1;18;2;;2;;2;;2;;2;;2;;2;;2;;73;12;73;438.70598247
6043443;1;1;1;90;2;;1;18;2;;2;;2;;2;;2;;2;;2;;2;;73;12;73;529.12383391
6043443;1;2;1;90;2;;1;10;2;;2;;2;;2;;2;;2;;2;;2;;73;12;73;529.12383391
6043443;1;3;1;90;2;;1;14;2;;2;;2;;2;;2;;2;;2;;2;;73;12;73;529.12383391
6043443;1;4;1;90;2;;1;7;2;;2;;2;;2;;1;10;2;;2;;2;;73;12;73;529.12383391
6043444;1;1;1;90;2;;2;;2;;2;;2;;2;;2;;2;;2;;2;;73;12;73;261.41959932
6043444;1;2;1;90;2;;1;36;2;;2;;2;;2;;2;;2;;2;;1;4;73;12;73;261.41959932
6043445;1;1;1;90;2;;1;14;2;;2;;2;;2;;2;;2;;2;;2;;73;12;73;261.41959932
6043445;1;2;1;90;2;;1;38;2;;2;;2;;2;;2;;2;;2;;2;;73;12;73;261.41959932
6043446;1;1;1;90;2;;1;4;2;;2;;2;;2;;2;;2;;2;;2;;73;12;73;437.5690364
6043446;1;2;1;90;2;;1;12;2;;2;;2;;2;;2;;2;;2;;2;;73;12;73;437.5690364
6043446;1;3;1;90;2;;1;14;2;;2;;2;;2;;2;;2;;2;;2;;73;12;73;437.5690364
6043446;1;4;1;90;2;;1;8;2;;2;;2;;2;;2;;2;;2;;2;;73;12;73;437.5690364
6043446;1;5;1;90;2;;1;5;2;;2;;2;;2;;2;;2;;2;;2;;73;12;73;437.5690364
6043447;1;1;1;90;2;;2;;2;;2;;2;;2;;2;;2;;2;;2;;73;12;73;261.41959932
6043447;1;2;1;90;2;;1;31;2;;2;;2;;1;8;2;;2;;2;;2;;73;12;73;261.41959932
6043449;1;1;1;90;2;;2;;2;;2;;2;;2;;2;;2;;2;;2;;73;12;73;289.99188287
6043449;1;2;1;90;2;;1;18;2;;2;;2;;2;;2;;2;;2;;2;;73;12;73;289.99188287
6043449;1;3;1;90;2;;2;;2;;2;;2;;2;;2;;2;;2;;2;;73;12;73;289.99188287
6043450;1;1;1;90;2;;1;21;2;;2;;2;;2;;2;;2;;2;;2;;73;12;73;178.57607356
6043450;1;2;1;90;2;;1;10;2;;2;;2;;2;;2;;2;;2;;2;;73;12;73;178.57607356
6043452;1;1;1;90;2;;2;;2;;2;;2;;2;;2;;2;;2;;2;;73;12;73;413.83513472
6043452;1;2;1;90;2;;2;;2;;2;;2;;2;;2;;2;;2;;2;;73;12;73;413.83513472
6043452;1;3;1;90;2;;2;;2;;2;;2;;2;;2;;2;;2;;2;;73;12;73;413.83513472
6043453;1;1;1;90;2;;2;;2;;2;;2;;2;;2;;2;;2;;2;;73;12;73;414.002313
6043453;1;2;1;90;2;;1;15;2;;1;12;2;;2;;2;;2;;2;;2;;73;12;73;414.002313
6043453;1;3;1;90;2;;2;;2;;2;;2;;2;;2;;2;;2;;2;;73;12;73;414.002313
6043454;1;1;1;90;2;;1;6;2;;2;;2;;2;;2;;2;;1;5;2;;73;12;73;261.41959932
6043454;1;2;1;90;2;;1;21;2;;2;;2;;2;;2;;2;;2;;2;;73;12;73;261.41959932
6043455;1;1;1;90;2;;1;5;2;;1;14;2;;2;;2;;2;;2;;2;;73;12;73;471.98942495
6043455;1;2;1;90;2;;2;;2;;1;14;2;;2;;2;;2;;2;;2;;73;12;73;471.98942495
6043456;1;1;1;90;2;;1;12;2;;2;;2;;2;;2;;2;;2;;2;;73;12;73;212.15421831
6043456;1;2;1;90;2;;1;28;2;;2;;2;;2;;2;;2;;2;;2;;73;12;73;212.15421831
6043460;1;1;1;90;2;;1;10;2;;2;;2;;2;;2;;2;;2;;2;;73;12;73;212.61579781
6043461;1;1;1;90;2;;1;21;2;;2;;2;;2;;2;;2;;2;;2;;73;12;73;290.45346236
6043461;1;2;1;90;2;;1;7;2;;2;;2;;2;;2;;2;;2;;2;;73;12;73;290.45346236
6043463;1;1;1;90;2;;1;7;2;;1;15;2;;2;;2;;2;;2;;2;;73;12;73;328.01646961
6043464;1;1;1;90;2;;1;35;2;;2;;2;;2;;2;;2;;2;;2;;73;12;73;414.29671421
6043464;1;2;1;90;2;;1;21;2;;2;;2;;2;;2;;2;;2;;2;;73;12;73;414.29671421
6043465;1;1;1;90;2;;1;3;2;;2;;2;;2;;2;;2;;2;;2;;73;12;73;198.43708536
6043465;1;2;1;90;2;;1;14;2;;2;;2;;2;;2;;2;;2;;2;;73;12;73;198.43708536
6043465;1;3;1;90;2;;1;14;2;;2;;2;;2;;2;;2;;2;;2;;73;12;73;198.43708536
6043465;1;4;1;90;2;;1;5;2;;2;;2;;2;;2;;2;;2;;2;;73;12;73;198.43708536
6043466;1;1;1;90;2;;1;36;2;;2;;2;;2;;2;;2;;2;;2;;73;12;73;261.88117882
6043467;1;1;1;90;2;;1;4;2;;2;;2;;2;;2;;2;;2;;2;;73;12;73;356.58875315
6043467;1;2;1;90;2;;1;14;2;;2;;2;;2;;2;;2;;2;;2;;73;12;73;356.58875315
6043469;1;1;1;90;2;;1;10;2;;2;;2;;2;;2;;2;;2;;2;;73;12;73;379.69389705
6043469;1;2;1;90;2;;1;21;2;;2;;2;;2;;2;;2;;2;;2;;73;12;73;379.69389705
6043469;1;3;1;90;2;;1;2;2;;2;;2;;2;;2;;2;;2;;2;;73;12;73;379.69389705
6043469;1;4;1;90;2;;1;2;2;;2;;2;;2;;2;;2;;2;;2;;73;12;73;379.69389705
6043469;1;5;1;90;2;;1;14;2;;2;;2;;2;;2;;2;;2;;2;;73;12;73;379.69389705
6043470;1;1;1;90;2;;1;8;2;;2;;2;;2;;2;;2;;2;;2;;73;12;73;643.46054528
6043470;1;2;1;90;2;;1;12;2;;1;28;2;;2;;2;;2;;2;;2;;73;12;73;643.46054528
6043470;1;3;1;90;2;;1;10;2;;1;42;2;;2;;2;;2;;2;;2;;73;12;73;643.46054528
6043474;1;1;1;90;2;;1;16;1;4;1;99;2;;2;;2;;2;;2;;2;;76;12;76;1537.1384087
6043474;1;3;1;90;2;;2;;2;;2;;2;;2;;2;;2;;2;;2;;76;12;76;1537.1384087
6043476;1;1;1;90;2;;2;;2;;2;;2;;2;;2;;2;;2;;2;;76;12;76;1680.3410888
6043476;1;2;1;90;2;;1;10;2;;2;;2;;2;;2;;2;;2;;2;;76;12;76;1680.3410888
6043476;1;3;1;90;2;;2;;2;;2;;2;;2;;2;;2;;2;;2;;76;12;76;1680.3410888
6043476;1;4;1;90;2;;1;10;2;;1;19;2;;2;;1;20;2;;2;;2;;76;12;76;1680.3410888
6043477;1;1;1;90;2;;1;7;2;;1;10;2;;2;;2;;2;;2;;1;2;76;12;76;1941.9724395
6043477;1;2;1;90;2;;1;10;2;;1;21;2;;2;;2;;2;;2;;2;;76;12;76;1941.9724395
6043478;1;1;1;90;2;;2;;2;;2;;2;;2;;2;;2;;2;;2;;76;12;76;1017.5898122
6043480;1;1;1;90;2;;1;20;2;;2;;2;;2;;2;;2;;2;;2;;76;12;76;1017.5898122
6043482;1;1;1;90;2;;1;10;2;;2;;2;;2;;2;;2;;2;;2;;76;12;76;1017.5898122
6043483;1;1;1;90;2;;1;6;2;;2;;2;;2;;2;;2;;2;;2;;76;12;76;1155.5296163
6043483;1;2;1;90;2;;2;;2;;2;;2;;2;;2;;2;;2;;2;;76;12;76;1155.5296163
6043483;1;3;1;90;2;;2;;2;;2;;2;;2;;2;;2;;2;;2;;76;12;76;1155.5296163
6043483;1;4;1;90;2;;2;;2;;2;;2;;2;;2;;2;;2;;2;;76;12;76;1155.5296163
6043484;1;1;1;90;2;;1;7;2;;2;;2;;2;;2;;2;;2;;2;;76;12;76;1404.3657011
6043485;1;1;1;90;2;;1;28;2;;1;18;2;;2;;2;;2;;2;;1;4;76;12;76;1734.9270381
6043485;1;3;1;90;2;;1;4;2;;2;;2;;2;;2;;2;;2;;2;;76;12;76;1734.9270381
6043487;1;1;1;90;2;;1;18;2;;1;8;2;;2;;2;;2;;2;;2;;76;12;76;1060.1084111
6043487;1;3;1;90;2;;1;12;2;;2;;2;;2;;2;;2;;2;;2;;76;12;76;1060.1084111
6043487;1;4;1;90;2;;1;14;2;;2;;2;;2;;2;;2;;2;;2;;76;12;76;1060.1084111
6043487;1;5;1;90;2;;1;6;2;;2;;2;;2;;2;;2;;2;;2;;76;12;76;1060.1084111
6043488;1;1;1;90;2;;1;10;2;;2;;2;;1;20;2;;2;;2;;2;;76;12;76;732.27862516
6043488;1;2;1;90;2;;2;;2;;2;;2;;2;;2;;2;;2;;2;;76;12;76;732.27862516
6043488;1;3;1;90;2;;1;20;2;;2;;2;;1;12;2;;2;;2;;2;;76;12;76;732.27862516
6043489;1;1;1;90;2;;1;10;2;;2;;2;;2;;2;;2;;2;;2;;76;12;76;1634.9680329
6043489;1;2;1;90;2;;1;12;2;;2;;2;;2;;2;;2;;2;;2;;76;12;76;1634.9680329
6043489;1;3;1;90;2;;2;;2;;2;;2;;2;;2;;2;;2;;2;;76;12;76;1634.9680329
6043489;1;4;1;90;2;;2;;2;;2;;2;;2;;2;;2;;2;;2;;76;12;76;1634.9680329
6043490;1;1;1;90;2;;1;3;2;;1;8;2;;2;;2;;2;;2;;2;;76;12;76;1537.1384087
6043490;1;2;1;90;2;;1;21;2;;1;25;2;;2;;2;;2;;2;;2;;76;12;76;1537.1384087
6043491;1;1;1;90;2;;1;25;2;;2;;2;;2;;2;;2;;2;;2;;76;12;76;828.81232141
6043491;1;2;1;90;2;;1;3;2;;2;;2;;2;;2;;2;;2;;2;;76;12;76;828.81232141
6043492;1;1;1;90;2;;1;8;2;;1;10;2;;2;;1;4;2;;2;;2;;76;12;76;1950.9324016
6043492;1;2;1;90;2;;1;12;2;;1;24;2;;2;;2;;2;;2;;2;;76;12;76;1950.9324016
6043493;1;1;1;90;2;;1;2;2;;2;;2;;2;;2;;2;;2;;2;;76;12;76;1060.344502
6043493;1;2;1;90;2;;1;30;2;;2;;2;;2;;2;;2;;2;;2;;76;12;76;1060.344502
6043493;1;3;1;90;2;;2;;2;;1;5;2;;2;;2;;2;;2;;2;;76;12;76;1060.344502
6043494;1;1;1;90;2;;1;20;2;;2;;2;;2;;2;;2;;2;;2;;76;12;76;1330.0930073
6043494;1;2;1;90;2;;1;5;2;;2;;2;;2;;2;;2;;2;;2;;76;12;76;1330.0930073
6043495;1;1;1;90;2;;1;14;2;;2;;2;;2;;2;;2;;2;;2;;76;12;76;868.62569141
6043495;1;2;1;90;2;;2;;2;;2;;2;;2;;2;;2;;2;;2;;76;12;76;868.62569141
6043495;1;3;1;90;2;;2;;2;;2;;2;;2;;2;;2;;2;;2;;76;12;76;868.62569141
6043497;1;1;1;90;2;;2;;2;;2;;2;;2;;2;;2;;2;;2;;76;12;76;1096.5835133
6043497;1;2;1;90;2;;1;21;2;;2;;2;;2;;2;;2;;2;;2;;76;12;76;1096.5835133
6043497;1;3;1;90;2;;2;;2;;2;;2;;2;;2;;2;;2;;2;;76;12;76;1096.5835133
6043497;1;4;1;90;2;;2;;2;;2;;2;;2;;2;;2;;2;;2;;76;12;76;1096.5835133
6043497;1;5;1;90;2;;2;;2;;2;;2;;2;;1;20;2;;2;;2;;76;12;76;1096.5835133
6043498;1;1;1;90;2;;1;2;2;;2;;2;;2;;2;;2;;2;;2;;76;12;76;1215.5882103
6043498;1;2;1;90;2;;1;1;2;;2;;2;;2;;2;;2;;2;;2;;76;12;76;1215.5882103
6043499;1;1;1;90;2;;1;5;2;;2;;2;;2;;2;;2;;2;;2;;76;12;76;1389.5228698
6043499;1;2;1;90;2;;1;25;2;;1;20;2;;2;;2;;2;;2;;2;;76;12;76;1389.5228698
6043500;1;1;1;90;2;;1;12;2;;1;12;1;25;2;;2;;2;;2;;2;;76;12;76;1941.9724395
6043500;1;2;1;90;2;;2;;2;;1;8;2;;2;;2;;2;;2;;2;;76;12;76;1941.9724395
6043502;1;1;1;90;2;;1;27;2;;2;;2;;2;;2;;2;;2;;2;;76;12;76;965.15938767
6043502;1;2;1;90;2;;2;;2;;2;;2;;2;;2;;2;;2;;2;;76;12;76;965.15938767
6043505;1;1;1;90;2;;2;;2;;2;;2;;2;;2;;2;;2;;2;;76;12;76;1405.4516308
6043505;1;2;1;90;2;;1;18;2;;2;;2;;2;;2;;2;;2;;2;;76;12;76;1405.4516308
6043505;1;3;1;90;2;;2;;2;;2;;2;;2;;2;;2;;2;;2;;76;12;76;1405.4516308
6043505;1;4;1;90;2;;2;;2;;2;;2;;2;;2;;2;;2;;2;;76;12;76;1405.4516308
6043505;1;5;1;90;2;;2;;2;;2;;2;;2;;2;;2;;2;;2;;76;12;76;1405.4516308
6043505;1;6;1;90;2;;2;;2;;2;;2;;2;;2;;2;;2;;2;;76;12;76;1405.4516308
6043506;1;1;1;90;2;;1;14;2;;2;;2;;2;;2;;2;;2;;2;;76;12;76;1538.5213779
6043506;1;2;1;90;2;;1;21;2;;1;7;2;;2;;1;40;2;;2;;2;;76;12;76;1538.5213779
6043506;1;3;1;90;2;;2;;2;;2;;2;;2;;2;;2;;2;;2;;76;12;76;1538.5213779
6043506;1;5;1;90;2;;2;;2;;2;;2;;2;;2;;2;;2;;2;;76;12;76;1538.5213779
6043507;1;1;1;90;2;;1;5;2;;2;;2;;2;;2;;2;;2;;2;;76;12;76;1614.0556124
6043507;1;2;1;90;2;;1;12;2;;2;;2;;2;;1;8;2;;2;;2;;76;12;76;1614.0556124
6043510;1;1;1;90;2;;1;24;2;;1;20;1;20;2;;2;;2;;2;;2;;76;12;76;1233.6463523
6043510;1;3;1;90;2;;1;10;2;;1;10;2;;2;;2;;2;;2;;2;;76;12;76;1233.6463523
6043511;1;1;1;90;2;;1;7;2;;1;15;2;;2;;1;2;2;;2;;2;;76;12;76;1215.5882103
6043511;1;2;1;90;2;;1;3;2;;2;;2;;2;;2;;2;;2;;2;;76;12;76;1215.5882103
6043512;1;1;1;90;2;;1;9;2;;2;;2;;2;;2;;2;;2;;2;;76;12;76;1112.7749265
6043512;1;2;1;90;2;;1;8;2;;2;;2;;2;;2;;2;;2;;2;;76;12;76;1112.7749265
6043513;1;1;1;90;2;;1;5;2;;2;;2;;2;;2;;2;;2;;2;;76;12;76;1682.4966136
6043513;1;2;1;90;2;;1;14;2;;1;28;2;;2;;2;;2;;2;;2;;76;12;76;1682.4966136
6043513;1;4;1;90;2;;1;18;2;;1;10;2;;2;;2;;2;;1;6;2;;76;12;76;1682.4966136
6043514;1;1;1;90;2;;2;;2;;2;;2;;2;;1;3;2;;2;;2;;76;12;76;1422.3368018
6043514;1;2;1;90;2;;1;14;2;;2;;2;;2;;2;;2;;2;;2;;76;12;76;1422.3368018
6043515;1;1;1;90;2;;2;;2;;1;7;1;14;2;;2;;2;;2;;2;;76;12;76;1941.9724395
6043515;1;2;1;90;2;;1;14;2;;1;40;2;;2;;2;;2;;2;;2;;76;12;76;1941.9724395
6043517;1;1;1;90;2;;1;4;2;;2;;2;;2;;2;;2;;2;;2;;76;12;76;1404.3657011
6043518;1;1;1;90;2;;1;15;2;;2;;2;;2;;2;;2;;2;;2;;76;12;76;1256.7501622
6043519;1;1;1;90;2;;2;;2;;2;;2;;2;;2;;2;;2;;2;;76;12;76;986.07180817
6043519;1;2;1;90;2;;1;21;2;;2;;2;;2;;2;;2;;2;;2;;76;12;76;986.07180817
6043519;1;3;1;90;2;;1;14;2;;2;;2;;2;;1;15;2;;2;;2;;76;12;76;986.07180817
6043519;1;4;1;90;2;;2;;2;;2;;2;;2;;2;;2;;2;;2;;76;12;76;986.07180817
6043520;1;1;1;90;2;;1;20;2;;2;;2;;2;;2;;2;;2;;2;;76;12;76;965.15938767
6043520;1;2;1;90;2;;2;;2;;2;;2;;2;;2;;2;;2;;2;;76;12;76;965.15938767
6043521;1;1;1;90;2;;1;21;2;;2;;2;;2;;2;;2;;2;;2;;76;12;76;1516.2603754
6043521;1;2;1;90;2;;1;3;2;;2;;2;;2;;2;;2;;2;;2;;76;12;76;1516.2603754
6043521;1;3;1;90;2;;1;3;2;;2;;2;;2;;2;;2;;2;;2;;76;12;76;1516.2603754
6043521;1;4;1;90;2;;1;14;2;;2;;2;;2;;1;3;2;;2;;2;;76;12;76;1516.2603754
6043523;1;1;1;90;2;;1;14;2;;2;;2;;2;;2;;2;;2;;2;;76;12;76;1026.8107195
6043523;1;2;1;90;2;;1;5;2;;2;;2;;2;;2;;2;;2;;2;;76;12;76;1026.8107195
6043523;1;3;1;90;2;;1;7;2;;2;;2;;2;;2;;2;;2;;2;;76;12;76;1026.8107195
6043524;1;1;1;90;2;;2;;2;;2;;2;;2;;2;;2;;2;;2;;76;12;76;965.15938767
6043524;1;2;1;90;2;;1;10;2;;2;;2;;2;;2;;2;;2;;2;;76;12;76;965.15938767
6043526;1;1;1;90;2;;1;21;2;;1;10;2;;2;;2;;2;;2;;2;;76;12;76;1017.5898122
6043527;1;1;1;90;2;;2;;2;;2;;2;;2;;2;;2;;2;;2;;76;12;76;1351.9352766
6043527;2;1;2;90;2;;1;4;2;;2;;2;;2;;2;;2;;2;;2;;76;12;76;1351.9352766
6043528;1;1;1;90;2;;2;;2;;2;;2;;2;;2;;2;;2;;2;;76;12;76;1486.0909533
6043528;1;2;1;90;2;;1;21;2;;1;40;2;;2;;2;;2;;2;;2;;76;12;76;1486.0909533
6043528;1;3;1;90;2;;2;;1;4;2;;2;;2;;2;;2;;2;;2;;76;12;76;1486.0909533
6043528;1;4;1;90;2;;1;20;2;;1;35;2;;2;;2;;2;;2;;2;;76;12;76;1486.0909533
6043528;1;5;1;90;2;;1;28;2;;1;70;2;;2;;2;;2;;2;;2;;76;12;76;1486.0909533
6043531;1;1;1;90;2;;1;17;2;;2;;2;;2;;2;;2;;2;;2;;76;12;76;1017.5898122
6043532;1;1;1;90;2;;1;10;2;;2;;2;;2;;2;;2;;2;;2;;76;12;76;1017.5898122
6043533;1;1;1;90;2;;2;;2;;2;;2;;2;;2;;2;;2;;2;;76;12;76;1256.7501622
6043535;1;1;1;90;2;;1;7;2;;2;;2;;2;;2;;2;;2;;2;;76;12;76;1404.3657011
6043536;1;1;1;90;2;;1;15;2;;2;;2;;2;;2;;2;;2;;2;;76;12;76;965.15938767
6043536;1;2;1;90;2;;1;34;2;;2;;2;;2;;2;;2;;2;;2;;76;12;76;965.15938767
6043537;1;1;1;90;2;;1;2;2;;2;;2;;2;;2;;2;;2;;2;;76;12;76;965.15938767
6043537;1;2;1;90;2;;1;20;2;;2;;2;;2;;2;;2;;2;;2;;76;12;76;965.15938767
6043538;1;1;1;90;2;;1;9;2;;2;;2;;2;;2;;2;;2;;2;;76;12;76;1404.3657011
6043540;1;1;1;90;2;;1;9;2;;1;15;2;;2;;1;4;2;;2;;2;;76;12;76;1404.3657011
6043542;1;1;1;90;1;16;2;;2;;2;;2;;2;;2;;2;;2;;2;;76;12;76;1060.344502
6043542;1;2;1;90;2;;1;35;2;;2;;2;;2;;2;;2;;2;;2;;76;12;76;1060.344502
6043542;1;3;1;90;2;;1;1;2;;2;;2;;2;;2;;2;;2;;2;;76;12;76;1060.344502
6043543;1;1;1;90;2;;1;7;2;;2;;2;;2;;2;;2;;2;;1;8;76;12;76;654.59029339
6043543;1;2;1;90;2;;1;14;2;;2;;1;6;2;;2;;2;;2;;1;8;76;12;76;654.59029339
6043543;1;3;1;90;2;;1;14;2;;2;;2;;2;;2;;2;;2;;1;1;76;12;76;654.59029339
6043543;1;4;1;90;2;;1;14;2;;2;;1;12;2;;2;;2;;2;;2;;76;12;76;654.59029339
6043544;1;1;1;90;2;;1;21;2;;2;;2;;2;;2;;2;;2;;2;;76;12;76;828.81232141
6043544;1;2;1;90;2;;1;14;2;;2;;2;;2;;2;;2;;2;;2;;76;12;76;828.81232141
6043545;1;1;1;90;2;;1;15;2;;2;;2;;2;;2;;2;;2;;2;;76;12;76;1151.9552576
6043545;1;2;1;90;2;;1;45;2;;2;;2;;2;;2;;2;;2;;2;;76;12;76;1151.9552576
6043545;1;3;1;90;2;;2;;2;;1;4;2;;2;;2;;2;;2;;2;;76;12;76;1151.9552576
6043545;1;4;1;90;2;;1;20;2;;1;35;2;;2;;2;;2;;2;;2;;76;12;76;1151.9552576
6043545;1;6;1;90;2;;1;28;2;;2;;2;;2;;2;;2;;2;;2;;76;12;76;1151.9552576
6043546;1;1;1;90;2;;2;;2;;2;;2;;2;;2;;2;;2;;2;;76;12;76;951.01553976
6043546;1;2;1;90;2;;1;3;2;;2;;1;30;2;;2;;2;;2;;2;;76;12;76;951.01553976
6043546;1;3;1;90;2;;2;;2;;1;25;2;;2;;2;;2;;2;;2;;76;12;76;951.01553976
6043547;1;1;1;90;2;;2;;2;;2;;2;;2;;2;;2;;2;;2;;76;12;76;2618.3611736
6043547;1;2;1;90;2;;1;21;2;;1;10;2;;2;;2;;2;;2;;2;;76;12;76;2618.3611736
6043548;1;1;1;90;2;;1;20;2;;2;;2;;2;;1;6;2;;2;;2;;76;12;76;1620.4222412
6043548;1;2;1;90;2;;2;;2;;2;;2;;2;;2;;2;;2;;2;;76;12;76;1620.4222412
6043549;1;1;1;90;2;;1;42;2;;1;11;2;;2;;2;;2;;2;;2;;76;12;76;1023.8693997
6043549;1;2;1;90;2;;1;5;2;;1;7;2;;2;;2;;2;;2;;2;;76;12;76;1023.8693997
6043550;1;1;1;90;2;;1;3;2;;2;;2;;2;;2;;2;;2;;2;;76;12;76;1147.6821453
6043550;1;2;1;90;2;;1;6;2;;1;12;2;;2;;2;;2;;2;;2;;76;12;76;1147.6821453
6043550;1;4;1;90;2;;2;;2;;2;;2;;2;;2;;2;;2;;2;;76;12;76;1147.6821453
6043551;1;1;1;90;2;;1;3;2;;2;;2;;2;;2;;2;;2;;2;;76;12;76;1404.3657011
6043552;1;1;1;90;2;;1;14;2;;2;;2;;2;;2;;2;;2;;2;;76;12;76;923.99743572
6043552;1;2;1;90;2;;1;2;2;;2;;2;;2;;2;;2;;2;;2;;76;12;76;923.99743572
6043552;1;3;1;90;2;;1;7;2;;2;;2;;2;;2;;2;;2;;2;;76;12;76;923.99743572
6043554;1;1;1;90;2;;1;2;2;;2;;2;;2;;2;;2;;2;;2;;76;12;76;1629.3822032
6043554;1;2;1;90;2;;1;14;2;;1;10;2;;2;;1;55;2;;2;;2;;76;12;76;1629.3822032
6043555;1;1;1;90;2;;1;3;2;;2;;2;;2;;2;;2;;2;;2;;76;12;76;1023.8693997
6043555;1;2;1;90;2;;1;6;2;;2;;2;;2;;2;;2;;2;;2;;76;12;76;1023.8693997
6043556;1;1;1;90;2;;1;8;2;;2;;2;;2;;2;;2;;2;;2;;76;12;76;1523.8885449
6043556;1;2;1;90;2;;1;42;2;;1;28;2;;2;;2;;2;;2;;2;;76;12;76;1523.8885449
6043556;1;3;1;90;2;;2;;2;;2;;2;;2;;2;;2;;2;;2;;76;12;76;1523.8885449
6043559;1;1;1;90;2;;1;6;2;;2;;2;;2;;2;;2;;2;;2;;76;12;76;1422.3368018
6043559;1;2;1;90;2;;1;15;2;;2;;2;;2;;2;;2;;2;;2;;76;12;76;1422.3368018
6043561;1;1;1;90;1;6;1;8;2;;2;;2;;2;;2;;2;;2;;2;;76;12;76;965.15938767
6043561;1;2;1;90;1;5;1;12;2;;2;;2;;2;;2;;2;;2;;2;;76;12;76;965.15938767
6043562;1;1;1;90;2;;1;21;2;;1;15;2;;2;;2;;2;;2;;2;;76;12;76;965.15938767
6043562;1;2;1;90;2;;2;;2;;2;;2;;2;;2;;2;;2;;2;;76;12;76;965.15938767
6043563;1;1;1;90;2;;1;6;2;;1;15;2;;2;;2;;2;;2;;2;;76;12;76;1858.6886071
6043563;1;2;1;90;2;;1;21;2;;1;20;2;;2;;2;;2;;2;;2;;76;12;76;1858.6886071
6043564;1;1;1;90;2;;1;10;2;;1;3;2;;2;;2;;2;;2;;2;;76;12;76;1150.3625198
6043564;1;2;1;90;2;;1;30;2;;1;20;2;;2;;2;;2;;2;;2;;76;12;76;1150.3625198
6043565;1;1;1;90;2;;1;14;2;;1;10;2;;2;;2;;2;;2;;2;;76;12;76;1846.7873252
6043566;1;1;1;90;2;;1;10;2;;1;6;1;20;2;;2;;2;;2;;2;;76;12;76;1390.905839
6043566;1;2;1;90;2;;2;;2;;2;;2;;2;;2;;2;;2;;2;;76;12;76;1390.905839
6043566;1;3;1;90;2;;1;18;2;;1;6;1;30;2;;2;;2;;2;;2;;76;12;76;1390.905839
6043566;1;4;1;90;2;;1;6;2;;1;10;2;;2;;2;;2;;2;;2;;76;12;76;1390.905839
6043567;1;1;1;90;2;;1;3;2;;2;;2;;2;;2;;2;;2;;2;;76;12;76;1019.18255
6043567;1;2;1;90;2;;1;28;2;;1;2;2;;2;;2;;2;;2;;2;;76;12;76;1019.18255
6043567;1;3;1;90;2;;1;20;2;;2;;2;;2;;2;;2;;2;;2;;76;12;76;1019.18255
6043567;1;4;1;90;1;2;1;42;2;;1;20;2;;2;;2;;2;;2;;2;;76;12;76;1019.18255
6043568;1;1;1;90;2;;2;;2;;2;;2;;2;;2;;2;;2;;2;;76;12;76;1103.0991917
6043568;1;2;1;90;2;;2;;2;;2;;2;;2;;2;;2;;2;;2;;76;12;76;1103.0991917
6043568;1;3;1;90;2;;2;;2;;2;;2;;2;;2;;2;;2;;2;;76;12;76;1103.0991917
6043568;1;4;1;90;2;;2;;2;;2;;2;;2;;2;;2;;2;;2;;76;12;76;1103.0991917
6043568;1;5;1;90;2;;2;;2;;2;;2;;2;;2;;2;;2;;2;;76;12;76;1103.0991917
6043569;1;1;1;90;2;;2;;2;;2;;2;;2;;2;;2;;2;;2;;76;12;76;673.56861309
6043569;1;2;1;90;2;;1;15;2;;2;;2;;2;;2;;2;;2;;2;;76;12;76;673.56861309
6043569;2;1;2;90;2;;1;12;2;;2;;2;;2;;2;;2;;2;;2;;76;12;76;673.56861309
6043570;1;1;1;90;2;;2;;2;;2;;2;;2;;2;;2;;2;;2;;76;12;76;1270.0344133
6043570;1;2;1;90;2;;1;40;2;;2;;1;20;2;;2;;2;;2;;2;;76;12;76;1270.0344133
6043570;1;3;1;90;2;;1;10;2;;2;;2;;2;;2;;2;;2;;2;;76;12;76;1270.0344133
6043570;1;4;1;90;2;;1;20;2;;2;;2;;2;;2;;2;;2;;2;;76;12;76;1270.0344133
6043571;1;1;1;90;2;;2;;2;;2;;2;;2;;2;;2;;2;;2;;76;12;76;1102.169343
6043571;1;2;1;90;2;;1;35;2;;2;;2;;1;35;2;;2;;2;;2;;76;12;76;1102.169343
6043571;1;3;1;90;2;;2;;2;;2;;2;;2;;2;;2;;2;;2;;76;12;76;1102.169343
6043571;1;4;1;90;2;;1;11;2;;2;;2;;2;;2;;2;;2;;2;;76;12;76;1102.169343
6043571;1;5;1;90;2;;2;;2;;2;;2;;2;;2;;2;;2;;2;;76;12;76;1102.169343
6043571;1;6;1;90;2;;2;;2;;2;;2;;2;;2;;2;;2;;2;;76;12;76;1102.169343
6043571;1;7;1;90;2;;1;2;2;;2;;2;;2;;2;;2;;2;;2;;76;12;76;1102.169343
6043572;1;1;1;90;2;;2;;2;;2;;2;;2;;2;;2;;2;;2;;76;12;76;1207.9600408
6043572;1;2;1;90;2;;1;4;2;;2;;2;;2;;2;;2;;2;;2;;76;12;76;1207.9600408
6043572;1;3;1;90;2;;2;;2;;2;;2;;2;;2;;2;;2;;2;;76;12;76;1207.9600408
6043573;1;1;1;90;2;;1;6;2;;2;;2;;2;;2;;2;;2;;2;;76;12;76;1404.3657011
6043574;1;1;1;90;2;;1;20;2;;2;;2;;2;;2;;2;;2;;2;;76;12;76;827.46373947
6043574;2;1;2;90;2;;1;20;2;;2;;2;;2;;2;;2;;2;;2;;76;12;76;827.46373947
6043574;2;2;2;90;2;;1;20;2;;2;;2;;2;;2;;2;;2;;2;;76;12;76;827.46373947
6043574;2;3;2;90;2;;2;;2;;2;;2;;2;;2;;2;;2;;2;;76;12;76;827.46373947
6043576;1;1;1;90;2;;2;;2;;2;;2;;2;;2;;2;;2;;2;;76;12;76;1060.344502
6043576;1;2;1;90;2;;1;14;2;;2;;2;;2;;2;;2;;2;;2;;76;12;76;1060.344502
6043576;1;3;1;90;2;;2;;2;;2;;2;;2;;2;;2;;2;;2;;76;12;76;1060.344502
6043577;1;1;1;90;2;;1;4;2;;2;;2;;2;;2;;2;;2;;2;;76;12;76;1017.5898122
6043578;1;1;1;90;2;;1;14;2;;2;;2;;2;;2;;2;;2;;2;;76;12;76;1022.5208178
6043578;1;2;1;90;2;;1;28;2;;2;;2;;2;;2;;2;;2;;2;;76;12;76;1022.5208178
6043578;1;3;1;90;2;;1;21;2;;2;;2;;2;;2;;2;;2;;2;;76;12;76;1022.5208178
6043578;1;4;1;90;2;;1;7;2;;2;;2;;2;;2;;2;;2;;2;;76;12;76;1022.5208178
6043579;1;1;1;90;2;;1;21;2;;2;;2;;2;;2;;2;;2;;2;;76;12;76;1425.2781216
6043579;1;2;1;90;2;;1;4;2;;2;;2;;2;;2;;2;;2;;2;;76;12;76;1425.2781216
6043579;1;3;1;90;2;;2;;2;;2;;2;;2;;2;;2;;2;;2;;76;12;76;1425.2781216
6043580;1;1;1;90;2;;1;2;2;;2;;2;;2;;1;4;2;;2;;2;;76;12;76;1523.8885449
6043580;1;2;1;90;2;;1;21;2;;1;10;2;;2;;2;;2;;2;;2;;76;12;76;1523.8885449
6043580;1;3;1;90;2;;1;2;2;;2;;2;;2;;2;;2;;2;;2;;76;12;76;1523.8885449
6043581;1;1;1;90;2;;1;14;2;;2;;2;;2;;2;;2;;2;;2;;76;12;76;1428.7034306
6043581;1;2;1;90;2;;1;2;2;;2;;2;;2;;2;;2;;2;;2;;76;12;76;1428.7034306
6043582;1;1;1;90;2;;1;14;2;;1;10;2;;2;;2;;2;;2;;2;;76;12;76;1441.9532944
6043583;1;1;1;90;2;;2;;2;;2;;2;;2;;2;;2;;2;;2;;76;12;76;1137.112656
6043583;1;2;1;90;2;;1;7;2;;1;35;2;;2;;2;;2;;2;;2;;76;12;76;1137.112656
6043583;1;3;1;90;2;;2;;1;6;2;;2;;2;;2;;2;;2;;2;;76;12;76;1137.112656
6043584;1;1;1;90;2;;1;7;2;;1;1;2;;2;;2;;2;;2;;2;;76;12;76;1017.5898122
6043585;1;1;1;90;2;;1;5;2;;2;;2;;2;;2;;2;;1;12;2;;76;12;76;965.15938767
6043585;1;2;1;90;2;;1;21;2;;2;;2;;2;;2;;2;;1;12;2;;76;12;76;965.15938767
6043586;1;1;1;90;2;;1;42;2;;1;5;2;;2;;2;;2;;2;;2;;76;12;76;2568.1878949
6043586;1;2;1;90;2;;2;;2;;2;;2;;2;;2;;2;;2;;2;;76;12;76;2568.1878949
6043586;1;3;1;90;2;;2;;2;;2;;2;;2;;2;;2;;2;;2;;76;12;76;2568.1878949
6043587;1;1;1;90;2;;1;35;2;;2;;2;;2;;2;;2;;2;;2;;76;12;76;1017.5898122
6043588;1;1;1;90;2;;1;24;2;;2;;2;;2;;2;;2;;2;;2;;76;12;76;1060.344502
6043588;1;2;1;90;2;;1;56;2;;2;;2;;2;;2;;2;;2;;2;;76;12;76;1060.344502
6043588;1;3;1;90;2;;1;5;2;;2;;2;;2;;2;;2;;2;;1;8;76;12;76;1060.344502
6043589;1;1;1;90;2;;1;7;2;;2;;2;;2;;2;;2;;2;;2;;76;12;76;1425.2781216
6043589;1;2;1;90;2;;1;2;2;;2;;2;;2;;2;;2;;2;;2;;76;12;76;1425.2781216
6043589;1;3;1;90;2;;1;2;2;;2;;2;;2;;2;;2;;2;;2;;76;12;76;1425.2781216
6043590;1;1;1;90;2;;1;3;2;;1;20;2;;2;;2;;2;;2;;2;;76;12;76;2065.4371986
6043590;1;2;1;90;2;;1;12;2;;1;30;1;20;2;;2;;2;;2;;2;;76;12;76;2065.4371986
6043592;1;1;1;90;2;;1;35;2;;2;;1;8;2;;2;;2;;2;;2;;76;12;76;797.29431738
6043592;1;2;1;90;2;;2;;2;;2;;2;;2;;2;;2;;2;;2;;76;12;76;797.29431738
6043592;1;3;1;90;2;;2;;2;;2;;2;;2;;1;3;2;;2;;2;;76;12;76;797.29431738
6043592;1;4;1;90;2;;2;;2;;2;;2;;2;;2;;2;;2;;2;;76;12;76;797.29431738
6043592;1;5;1;90;2;;1;24;2;;2;;1;21;2;;2;;2;;2;;2;;76;12;76;797.29431738
6043593;1;1;1;90;2;;1;18;2;;1;6;2;;2;;2;;2;;2;;2;;76;12;76;1443.2492223
6043593;1;2;1;90;2;;2;;2;;2;;2;;2;;2;;2;;2;;2;;76;12;76;1443.2492223
6043593;1;3;1;90;2;;1;12;2;;2;;2;;2;;2;;2;;2;;2;;76;12;76;1443.2492223
6043593;1;4;1;90;2;;1;10;2;;2;;2;;2;;2;;2;;2;;2;;76;12;76;1443.2492223
6043594;1;1;1;90;2;;2;;2;;2;;2;;2;;2;;2;;2;;2;;76;12;76;1928.7225758
6043594;1;2;1;90;2;;1;21;2;;1;10;2;;2;;2;;2;;2;;2;;76;12;76;1928.7225758
6043594;1;3;1;90;2;;1;4;2;;2;;2;;2;;2;;2;;2;;2;;76;12;76;1928.7225758
6043595;1;1;1;90;2;;1;2;2;;2;;2;;2;;2;;2;;2;;2;;76;12;76;1949.6349963
6043595;1;2;1;90;2;;1;21;2;;1;20;2;;2;;2;;2;;2;;2;;76;12;76;1949.6349963
6043595;1;3;1;90;2;;2;;2;;2;;2;;2;;2;;2;;2;;2;;76;12;76;1949.6349963
6043595;1;4;1;90;2;;1;6;2;;2;;2;;2;;1;6;2;;2;;2;;76;12;76;1949.6349963
6043595;1;5;1;90;2;;2;;2;;2;;2;;2;;2;;2;;2;;2;;76;12;76;1949.6349963
6043596;1;1;1;90;2;;2;;2;;2;;2;;2;;2;;2;;2;;2;;76;12;76;1019.18255
6043596;1;2;1;90;2;;1;42;2;;2;;1;84;2;;2;;2;;2;;2;;76;12;76;1019.18255
6043596;1;3;1;90;2;;1;2;2;;2;;2;;2;;2;;2;;2;;2;;76;12;76;1019.18255
6043596;1;4;1;90;2;;2;;2;;2;;2;;2;;2;;2;;2;;2;;76;12;76;1019.18255
6043598;1;1;1;90;2;;1;10;2;;2;;2;;2;;2;;2;;2;;2;;76;12;76;828.81232141
6043598;1;2;1;90;2;;1;8;2;;2;;2;;2;;2;;2;;2;;2;;76;12;76;828.81232141
6043599;1;1;1;90;2;;1;30;2;;2;;1;10;2;;2;;2;;2;;2;;76;12;76;768.7537274
6043599;1;2;1;90;2;;2;;2;;2;;2;;2;;2;;2;;2;;2;;76;12;76;768.7537274
6043599;1;3;1;90;2;;2;;2;;2;;2;;2;;2;;2;;2;;2;;76;12;76;768.7537274
6043599;1;4;1;90;2;;2;;2;;2;;2;;2;;2;;2;;2;;2;;76;12;76;768.7537274
6043600;1;1;1;90;2;;2;;2;;2;;2;;2;;2;;2;;2;;2;;76;12;76;1665.6212146
6043600;1;2;1;90;2;;1;18;2;;1;14;2;;2;;2;;2;;2;;2;;76;12;76;1665.6212146
6043600;1;3;1;90;2;;1;18;2;;1;10;2;;2;;2;;2;;2;;2;;76;12;76;1665.6212146
6043600;1;4;1;90;2;;2;;2;;2;;2;;2;;2;;2;;2;;2;;76;12;76;1665.6212146
6043601;1;1;1;90;2;;2;;2;;1;6;2;;2;;2;;2;;2;;2;;76;12;76;1537.1384087
6043601;1;2;1;90;2;;1;21;2;;1;25;2;;2;;2;;2;;2;;2;;76;12;76;1537.1384087
6043602;1;1;1;90;2;;1;18;2;;2;;2;;2;;2;;2;;2;;2;;76;12;76;1440.6047124
6043602;1;2;1;90;2;;1;10;2;;2;;2;;2;;2;;2;;2;;2;;76;12;76;1440.6047124
6043602;1;4;1;90;2;;1;6;2;;2;;2;;2;;2;;2;;2;;2;;76;12;76;1440.6047124
6043603;1;1;1;90;2;;1;10;2;;1;2;2;;2;;2;;2;;2;;2;;76;12;76;1017.5898122
6043604;1;1;1;90;2;;2;;2;;2;;2;;2;;2;;2;;2;;2;;76;12;76;1193.1172096
6043604;1;2;1;90;2;;1;15;2;;1;12;2;;2;;2;;2;;2;;2;;76;12;76;1193.1172096
6043604;1;3;1;90;2;;2;;2;;2;;2;;2;;2;;2;;2;;2;;76;12;76;1193.1172096
6043604;1;4;1;90;2;;1;18;2;;1;15;2;;2;;2;;2;;2;;2;;76;12;76;1193.1172096
6043605;1;1;1;90;2;;2;;2;;2;;2;;2;;1;8;2;;2;;2;;76;12;76;1620.4222412
6043605;1;2;1;90;2;;1;28;2;;1;5;2;;2;;2;;2;;2;;2;;76;12;76;1620.4222412
6043606;1;1;1;90;2;;1;7;2;;2;;2;;2;;2;;2;;2;;2;;76;12;76;1614.0556124
6043606;1;2;1;90;2;;1;3;2;;2;;2;;2;;2;;2;;2;;2;;76;12;76;1614.0556124
6043607;1;1;1;90;2;;2;;2;;2;;2;;2;;2;;2;;2;;2;;76;12;76;912.72896313
6043607;1;2;1;90;2;;1;5;2;;2;;2;;2;;2;;2;;2;;2;;76;12;76;912.72896313
6043607;1;3;1;90;2;;1;4;2;;2;;1;60;2;;2;;2;;2;;2;;76;12;76;912.72896313
6043608;1;1;1;90;2;;1;23;2;;2;;2;;2;;2;;2;;2;;2;;76;12;76;1299.504852
6043608;1;2;1;90;2;;1;9;2;;2;;1;14;2;;2;;2;;2;;2;;76;12;76;1299.504852
6043608;1;3;1;90;2;;1;28;2;;2;;2;;2;;2;;2;;2;;2;;76;12;76;1299.504852
6043609;1;1;1;90;2;;1;12;2;;2;;2;;2;;2;;2;;2;;2;;76;12;76;1207.9600408
6043609;2;1;2;90;2;;1;2;2;;2;;2;;2;;2;;2;;2;;1;1;76;12;76;1207.9600408
6043609;3;1;3;90;2;;1;4;2;;2;;2;;2;;2;;2;;2;;2;;76;12;76;1207.9600408
6043610;1;1;1;90;2;;1;7;2;;2;;2;;2;;2;;2;;2;;2;;76;12;76;1160.216466
6043610;1;2;1;90;2;;2;;2;;2;;2;;2;;2;;2;;2;;2;;76;12;76;1160.216466
6043611;1;1;1;90;2;;1;10;2;;2;;2;;2;;1;30;1;24;2;;2;;76;12;76;1447.1203909
6043611;1;2;1;90;2;;1;3;2;;2;;2;;2;;2;;2;;2;;2;;76;12;76;1447.1203909
6043611;1;3;1;90;2;;1;3;2;;2;;1;3;2;;2;;2;;2;;2;;76;12;76;1447.1203909
6043612;1;1;1;90;2;;1;5;2;;2;;2;;2;;2;;2;;2;;2;;76;12;76;942.0555777
6043612;1;2;1;90;2;;1;30;2;;1;7;1;14;2;;2;;2;;2;;2;;76;12;76;942.0555777
6043612;1;3;1;90;2;;1;12;2;;1;6;1;3;2;;1;2;2;;2;;2;;76;12;76;942.0555777
6043613;1;1;1;90;2;;2;;2;;2;;2;;2;;2;;2;;2;;2;;76;12;76;1440.6047124
6043613;1;2;1;90;2;;1;21;2;;1;15;2;;2;;2;;2;;2;;2;;76;12;76;1440.6047124
6043613;1;3;1;90;2;;1;7;2;;1;5;2;;2;;2;;2;;2;;2;;76;12;76;1440.6047124
6043614;1;1;1;90;2;;1;10;2;;2;;2;;2;;2;;2;;2;;2;;76;12;76;1120.403096
6043615;1;1;1;90;2;;1;28;2;;2;;2;;2;;2;;2;;2;;2;;76;12;76;965.15938767
6043615;1;2;1;90;2;;2;;2;;2;;2;;2;;2;;2;;2;;2;;76;12;76;965.15938767
6043616;1;1;1;90;2;;2;;2;;2;;2;;2;;2;;2;;2;;2;;76;12;76;1277.6625827
6043616;1;2;1;90;2;;1;3;2;;2;;2;;2;;2;;2;;2;;2;;76;12;76;1277.6625827
6043616;1;3;1;90;2;;1;2;2;;2;;2;;2;;2;;2;;2;;2;;76;12;76;1277.6625827
6043617;1;1;1;90;2;;1;7;2;;2;;2;;2;;2;;2;;2;;2;;76;12;76;1017.5898122
6043618;1;1;1;90;2;;2;;2;;2;;2;;2;;2;;2;;2;;2;;76;12;76;986.07180817
6043618;1;2;1;90;2;;1;21;2;;2;;2;;2;;2;;2;;2;;2;;76;12;76;986.07180817
6043618;1;3;1;90;2;;1;7;2;;2;;2;;2;;2;;2;;2;;2;;76;12;76;986.07180817
6043618;1;4;1;90;2;;2;;2;;2;;2;;2;;2;;2;;2;;2;;76;12;76;986.07180817
6043623;1;1;1;90;2;;1;10;2;;2;;2;;2;;2;;2;;2;;2;;76;12;76;1120.403096
6043624;1;1;1;90;2;;1;5;2;;2;;2;;2;;2;;2;;2;;2;;76;12;76;1204.3197377
6043624;1;2;1;90;2;;1;10;2;;2;;2;;2;;2;;2;;2;;2;;76;12;76;1204.3197377
6043626;1;1;1;90;2;;1;4;2;;2;;2;;2;;2;;2;;2;;2;;76;12;76;1245.5476341
6043626;1;2;1;90;2;;1;24;2;;2;;2;;2;;2;;2;;2;;2;;76;12;76;1245.5476341
6043626;1;4;1;90;2;;1;14;2;;2;;2;;2;;2;;2;;2;;2;;76;12;76;1245.5476341
6043627;1;1;1;90;2;;1;2;2;;2;;2;;2;;2;;2;;2;;2;;76;12;76;1520.4632359
6043627;1;2;1;90;2;;1;40;2;;2;;2;;2;;2;;2;;2;;2;;76;12;76;1520.4632359
6043627;1;3;1;90;2;;1;6;2;;2;;2;;2;;2;;2;;2;;2;;76;12;76;1520.4632359
6043627;1;4;1;90;2;;1;2;2;;2;;2;;2;;2;;2;;2;;2;;76;12;76;1520.4632359
6043628;1;1;1;90;2;;2;;2;;2;;2;;2;;2;;2;;2;;2;;76;12;76;1472.8067023
6043628;1;2;1;90;2;;1;14;2;;1;10;2;;2;;2;;2;;2;;2;;76;12;76;1472.8067023
6043629;1;1;1;90;2;;1;14;2;;2;;2;;2;;2;;2;;2;;2;;76;12;76;1181.1288865
6043629;1;2;1;90;2;;1;42;2;;2;;2;;2;;2;;2;;2;;2;;76;12;76;1181.1288865
6043629;1;3;1;90;2;;1;7;2;;2;;2;;2;;2;;2;;2;;2;;76;12;76;1181.1288865
6043629;1;4;1;90;2;;1;6;2;;2;;2;;2;;1;3;2;;2;;2;;76;12;76;1181.1288865
6043630;1;1;1;90;2;;2;;2;;2;;2;;2;;2;;2;;2;;2;;76;12;76;923.99743572
6043630;1;2;1;90;2;;1;14;2;;2;;2;;2;;2;;2;;2;;2;;76;12;76;923.99743572
6043630;1;3;1;90;2;;1;14;2;;2;;2;;2;;2;;2;;2;;2;;76;12;76;923.99743572
6043631;1;1;1;90;2;;1;3;2;;2;;2;;2;;2;;2;;2;;2;;76;12;76;1651.6432057
6043631;1;2;1;90;2;;1;7;2;;2;;2;;2;;2;;2;;2;;2;;76;12;76;1651.6432057
6043633;1;1;1;90;2;;1;14;2;;2;;2;;2;;2;;2;;2;;2;;76;12;76;1539.7829186
6043633;1;2;1;90;2;;2;;2;;2;;2;;2;;2;;2;;2;;2;;76;12;76;1539.7829186
6043633;1;3;1;90;2;;1;10;2;;2;;2;;2;;2;;2;;2;;2;;76;12;76;1539.7829186
6043634;1;1;1;90;2;;1;5;2;;1;14;2;;2;;2;;2;;2;;2;;76;12;76;1434.3251249
6043634;1;2;1;90;2;;1;24;2;;1;8;2;;2;;2;;2;;2;;2;;76;12;76;1434.3251249
6043635;1;1;1;90;2;;2;;2;;2;;2;;2;;2;;2;;2;;2;;76;12;76;1328.7444253
6043635;1;2;1;90;2;;1;15;2;;2;;2;;2;;2;;2;;2;;2;;76;12;76;1328.7444253
6043635;1;3;1;90;2;;1;3;2;;2;;2;;2;;2;;2;;2;;2;;76;12;76;1328.7444253
6043635;1;4;1;90;2;;1;4;2;;2;;2;;2;;2;;2;;2;;2;;76;12;76;1328.7444253
6043636;1;1;1;90;2;;1;28;1;3;1;7;2;;2;;2;;2;;2;;2;;76;12;76;1830.1121525
6043636;1;2;1;90;2;;2;;2;;1;3;2;;2;;2;;2;;2;;2;;76;12;76;1830.1121525
6043636;1;3;1;90;2;;1;5;2;;2;;2;;2;;2;;2;;2;;2;;76;12;76;1830.1121525
6043637;1;1;1;90;2;;1;7;2;;2;;2;;2;;2;;2;;2;;2;;76;12;76;1228.8724613
6043637;1;2;1;90;2;;2;;2;;2;;2;;2;;2;;2;;2;;2;;76;12;76;1228.8724613
6043637;1;3;1;90;2;;1;4;2;;2;;2;;2;;2;;2;;2;;2;;76;12;76;1228.8724613
6043637;1;4;1;90;2;;1;21;2;;2;;2;;2;;2;;2;;2;;2;;76;12;76;1228.8724613
6043637;1;5;1;90;2;;1;5;2;;2;;2;;2;;2;;2;;2;;2;;76;12;76;1228.8724613
6043638;1;1;1;90;2;;2;;2;;2;;2;;2;;2;;2;;2;;2;;76;12;76;1523.8885449
6043638;1;2;1;90;2;;1;24;2;;1;10;2;;2;;2;;2;;2;;2;;76;12;76;1523.8885449
6043638;1;3;1;90;2;;1;4;2;;2;;2;;2;;2;;2;;2;;2;;76;12;76;1523.8885449
6043639;1;1;1;90;2;;1;12;2;;2;;2;;2;;2;;2;;2;;2;;76;12;76;1403.0171191
6043639;1;2;1;90;2;;1;6;2;;2;;2;;2;;2;;2;;2;;2;;76;12;76;1403.0171191
6043639;1;3;1;90;2;;1;5;2;;2;;2;;2;;2;;2;;2;;2;;76;12;76;1403.0171191
6043640;1;1;1;90;2;;1;2;2;;2;;2;;2;;2;;2;;2;;2;;76;12;76;1328.7444253
6043640;1;2;1;90;2;;1;35;2;;2;;2;;2;;2;;2;;2;;2;;76;12;76;1328.7444253
6043640;1;3;1;90;2;;1;14;2;;2;;2;;2;;2;;2;;2;;2;;76;12;76;1328.7444253
6043640;1;4;1;90;2;;1;7;2;;2;;2;;2;;2;;2;;2;;2;;76;12;76;1328.7444253
6043641;1;1;1;90;2;;1;40;2;;1;15;2;;2;;2;;2;;2;;2;;76;12;76;1044.8688615
6043641;1;2;1;90;2;;1;2;2;;2;;2;;2;;2;;2;;2;;2;;76;12;76;1044.8688615
6043641;1;3;1;90;2;;1;20;2;;1;18;2;;2;;2;;2;;2;;2;;76;12;76;1044.8688615
6043646;1;1;1;90;2;;1;14;2;;1;12;2;;2;;2;;2;;2;;2;;76;12;76;1959.9435403
6043646;1;2;1;90;2;;1;20;2;;1;20;2;;2;;2;;2;;2;;2;;76;12;76;1959.9435403
6043646;1;3;1;90;2;;1;12;2;;2;;2;;2;;2;;2;;2;;2;;76;12;76;1959.9435403
6043648;1;1;1;90;2;;1;2;2;;2;;2;;2;;2;;2;;2;;2;;76;12;76;1112.7749265
6043648;1;2;1;90;2;;2;;2;;2;;2;;2;;2;;2;;2;;2;;76;12;76;1112.7749265
6043649;1;1;1;90;2;;2;;2;;2;;2;;2;;2;;2;;2;;2;;76;12;76;1060.344502
6043649;1;2;1;90;2;;1;12;2;;2;;2;;2;;2;;2;;2;;2;;76;12;76;1060.344502
6043649;1;3;1;90;2;;1;16;2;;2;;2;;2;;2;;2;;2;;2;;76;12;76;1060.344502
6043651;1;1;1;90;2;;1;5;2;;2;;2;;2;;2;;2;;2;;2;;76;12;76;1404.3657011
6043652;1;1;1;90;2;;1;10;2;;1;18;2;;2;;2;;2;;2;;2;;76;12;76;1336.4596361
6043652;1;3;1;90;2;;1;14;2;;1;10;2;;2;;2;;2;;2;;2;;76;12;76;1336.4596361
6043654;1;1;1;90;2;;1;5;2;;2;;2;;2;;2;;2;;2;;2;;76;12;76;1023.8693997
6043654;1;2;1;90;2;;1;5;2;;2;;2;;2;;2;;2;;2;;2;;76;12;76;1023.8693997
6043656;1;1;1;90;2;;1;3;2;;2;;2;;2;;2;;2;;2;;2;;76;12;76;1499.5508154
6043656;1;2;1;90;2;;1;4;2;;2;;2;;2;;2;;2;;2;;2;;76;12;76;1499.5508154
6043657;1;1;1;90;2;;2;;2;;2;;2;;2;;2;;2;;2;;2;;76;12;76;1537.1384087
6043657;1;2;1;90;2;;1;30;2;;1;20;2;;2;;2;;2;;2;;2;;76;12;76;1537.1384087
6043660;1;1;1;90;2;;1;15;2;;2;;2;;2;;2;;2;;2;;2;;76;12;76;1060.344502
6043660;1;2;1;90;2;;2;;2;;2;;2;;2;;2;;2;;2;;2;;76;12;76;1060.344502
6043660;1;3;1;90;2;;1;6;2;;2;;2;;2;;2;;2;;2;;2;;76;12;76;1060.344502
6043661;1;1;1;90;2;;1;15;2;;2;;2;;2;;2;;2;;2;;2;;76;12;76;725.99903763
6043661;1;2;1;90;2;;2;;2;;2;;2;;2;;2;;2;;2;;2;;76;12;76;725.99903763
6043662;1;1;1;90;2;;2;;2;;2;;2;;2;;2;;2;;2;;2;;76;12;76;1017.5898122
6043663;1;1;1;90;2;;1;12;2;;2;;2;;2;;2;;2;;2;;2;;76;12;76;1017.5898122
6043664;1;1;1;90;2;;1;5;2;;2;;2;;2;;2;;2;;2;;2;;76;12;76;1017.5898122
6043665;1;1;1;90;2;;1;21;2;;2;;2;;2;;2;;2;;2;;2;;76;12;76;725.99903763
6043665;1;2;1;90;2;;2;;2;;2;;2;;2;;2;;2;;2;;2;;76;12;76;725.99903763
6043666;1;1;1;90;2;;2;;2;;2;;2;;2;;2;;2;;2;;2;;76;12;76;868.62569141
6043666;1;2;1;90;2;;1;30;2;;2;;2;;2;;2;;2;;2;;2;;76;12;76;868.62569141
6043666;1;3;1;90;2;;2;;2;;2;;2;;2;;2;;2;;2;;2;;76;12;76;868.62569141
6043668;1;1;1;90;2;;1;30;2;;2;;2;;2;;2;;2;;2;;2;;76;12;76;1328.7444253
6043668;1;2;1;90;2;;2;;2;;2;;2;;2;;2;;2;;2;;2;;76;12;76;1328.7444253
6043668;1;3;1;90;2;;2;;2;;2;;2;;2;;2;;2;;2;;2;;76;12;76;1328.7444253
6043668;1;4;1;90;2;;1;21;2;;2;;2;;2;;2;;2;;2;;2;;76;12;76;1328.7444253
6043669;1;1;1;90;2;;1;28;2;;2;;2;;2;;2;;2;;2;;2;;76;12;76;768.7537274
6043669;1;2;1;90;2;;2;;2;;2;;2;;2;;2;;2;;2;;2;;76;12;76;768.7537274
6043669;1;3;1;90;2;;2;;2;;2;;2;;2;;2;;2;;2;;1;20;76;12;76;768.7537274
6043669;2;1;2;90;2;;1;4;2;;2;;2;;2;;2;;2;;2;;2;;76;12;76;768.7537274
6043670;1;1;1;90;2;;1;2;2;;2;;2;;2;;2;;2;;2;;2;;76;12;76;1520.4632359
6043670;1;2;1;90;2;;1;12;2;;2;;2;;2;;2;;2;;2;;2;;76;12;76;1520.4632359
6043670;1;3;1;90;2;;1;3;2;;2;;2;;2;;2;;2;;2;;2;;76;12;76;1520.4632359
6043670;1;4;1;90;2;;1;8;2;;2;;2;;2;;2;;2;;2;;2;;76;12;76;1520.4632359
6043671;1;1;1;90;2;;2;;2;;1;20;2;;2;;2;;2;;2;;2;;76;12;76;1845.4387433
6043671;1;2;1;90;2;;1;48;2;;1;84;2;;2;;2;;2;;2;;2;;76;12;76;1845.4387433
6043671;1;3;1;90;2;;1;15;2;;2;;2;;2;;2;;2;;2;;2;;76;12;76;1845.4387433
6043672;1;1;1;90;2;;1;8;2;;2;;2;;2;;2;;2;;2;;2;;76;12;76;1215.5882103
6043672;1;2;1;90;2;;1;8;2;;2;;2;;2;;2;;2;;2;;2;;76;12;76;1215.5882103
6043673;1;1;1;90;2;;1;6;2;;2;;2;;2;;2;;2;;2;;2;;76;12;76;2025.256272
6043673;1;2;1;90;2;;1;32;2;;1;35;2;;2;;2;;2;;2;;2;;76;12;76;2025.256272
6043674;1;1;1;90;2;;2;;2;;2;;2;;2;;2;;2;;2;;2;;76;12;76;1002.9911368
6043674;1;2;1;90;2;;1;15;2;;2;;1;12;2;;2;;2;;2;;2;;76;12;76;1002.9911368
6043674;1;3;1;90;2;;2;;2;;2;;2;;2;;2;;2;;2;;2;;76;12;76;1002.9911368
6043674;1;4;1;90;2;;1;6;2;;2;;2;;2;;2;;2;;2;;2;;76;12;76;1002.9911368
6043674;2;1;2;90;2;;2;;2;;2;;2;;2;;2;;2;;2;;2;;76;12;76;1002.9911368
6043674;2;2;2;90;2;;1;7;2;;2;;1;6;2;;2;;2;;2;;2;;76;12;76;1002.9911368
6043674;3;1;3;90;2;;1;18;2;;2;;2;;2;;2;;2;;2;;2;;76;12;76;1002.9911368
6043675;1;1;1;90;2;;1;10;2;;2;;2;;2;;2;;2;;2;;2;;76;12;76;965.15938767
6043675;1;2;1;90;2;;1;35;2;;2;;2;;2;;2;;2;;2;;2;;76;12;76;965.15938767
6043676;1;1;1;90;2;;1;2;2;;1;14;2;;2;;2;;2;;2;;2;;76;12;76;2025.256272
6043676;1;2;1;90;2;;1;42;2;;1;42;2;;2;;2;;2;;2;;2;;76;12;76;2025.256272
6043677;1;1;1;90;2;;1;15;2;;1;16;2;;2;;2;;2;;2;;2;;76;12;76;2017.5410613
6043677;1;2;1;90;2;;2;;2;;2;;2;;2;;2;;2;;2;;2;;76;12;76;2017.5410613
6043677;1;4;1;90;2;;2;;2;;2;;2;;2;;1;24;2;;2;;2;;76;12;76;2017.5410613
6043677;1;5;1;90;2;;1;18;2;;2;;2;;2;;2;;2;;2;;2;;76;12;76;2017.5410613
6043678;1;1;1;90;2;;1;20;2;;2;;2;;2;;2;;2;;2;;2;;76;12;76;965.15938767
6043678;1;2;1;90;2;;1;20;2;;2;;2;;2;;2;;2;;2;;2;;76;12;76;965.15938767
6043679;1;1;1;90;2;;1;7;2;;2;;2;;2;;2;;2;;2;;2;;76;12;76;965.15938767
6043679;1;2;1;90;2;;1;24;2;;2;;2;;2;;2;;2;;2;;2;;76;12;76;965.15938767
6043681;1;1;1;90;2;;1;5;2;;2;;2;;2;;2;;2;;2;;2;;76;12;76;1060.344502
6043681;1;2;1;90;2;;1;21;2;;2;;2;;2;;1;5;2;;2;;2;;76;12;76;1060.344502
6043681;1;3;1;90;2;;1;4;2;;2;;2;;2;;2;;2;;2;;2;;76;12;76;1060.344502
6043682;1;1;1;90;2;;1;1;2;;1;20;1;4;2;;1;15;2;;2;;1;12;76;12;76;1535.5800581
6043682;1;2;1;90;2;;1;4;2;;1;40;2;;2;;2;;2;;2;;2;;76;12;76;1535.5800581
6043682;1;4;1;90;2;;2;;2;;2;;2;;2;;2;;2;;2;;2;;76;12;76;1535.5800581
6043683;1;1;1;90;2;;1;40;2;;2;;2;;2;;2;;2;;2;;2;;76;12;76;1112.7749265
6043683;1;2;1;90;2;;2;;2;;2;;2;;2;;2;;2;;2;;2;;76;12;76;1112.7749265
6043685;1;1;1;90;2;;1;11;2;;2;;2;;2;;2;;2;;2;;2;;76;12;76;828.81232141
6043685;1;2;1;90;2;;1;7;2;;2;;2;;2;;2;;2;;2;;2;;76;12;76;828.81232141
6043686;1;1;1;90;2;;1;10;2;;2;;2;;2;;2;;2;;2;;2;;76;12;76;824.52241969
6043686;1;2;1;90;2;;2;;2;;2;;2;;2;;2;;2;;2;;2;;76;12;76;824.52241969
6043686;1;3;1;90;2;;1;12;2;;2;;2;;2;;2;;2;;2;;2;;76;12;76;824.52241969
6043687;1;1;1;90;2;;1;35;2;;2;;1;35;2;;2;;2;;2;;2;;76;12;76;1067.9726714
6043687;1;2;1;90;2;;2;;2;;2;;2;;2;;2;;2;;2;;2;;76;12;76;1067.9726714
6043689;1;1;1;90;2;;2;;2;;2;;2;;2;;2;;2;;2;;2;;76;12;76;965.15938767
6043689;1;2;1;90;2;;1;14;2;;2;;2;;2;;2;;2;;2;;2;;76;12;76;965.15938767
6043690;1;1;1;90;2;;1;18;2;;1;25;2;;2;;2;;2;;2;;2;;76;12;76;1330.0930073
6043690;1;2;1;90;2;;2;;2;;2;;2;;2;;2;;2;;2;;2;;76;12;76;1330.0930073
6043691;1;1;1;90;2;;1;18;2;;2;;2;;2;;2;;2;;2;;2;;76;12;76;1026.8107195
6043691;1;2;1;90;2;;1;4;2;;2;;2;;2;;2;;2;;2;;2;;76;12;76;1026.8107195
6043691;1;3;1;90;2;;2;;2;;2;;2;;2;;2;;2;;2;;2;;76;12;76;1026.8107195
6043692;1;1;1;90;2;;1;14;2;;2;;2;;2;;2;;2;;1;1;2;;76;12;76;1614.0556124
6043692;1;2;1;90;2;;2;;2;;2;;2;;2;;1;4;2;;2;;1;1;76;12;76;1614.0556124
6043694;1;1;1;90;2;;2;;2;;2;;2;;2;;2;;2;;2;;2;;76;12;76;1425.2781216
6043694;1;2;1;90;2;;1;12;2;;2;;2;;2;;2;;2;;2;;2;;76;12;76;1425.2781216
6043694;1;3;1;90;2;;2;;2;;2;;2;;2;;2;;2;;2;;2;;76;12;76;1425.2781216
6043695;1;1;1;90;2;;1;8;2;;1;32;2;;2;;2;;2;;2;;2;;76;12;76;1973.1934041
6043695;1;2;1;90;2;;2;;2;;2;;2;;2;;2;;2;;2;;2;;76;12;76;1973.1934041
6043696;1;1;1;90;2;;1;7;2;;1;10;2;;2;;2;;2;;2;;2;;76;12;76;1712.6660357
6043696;1;2;1;90;2;;1;35;2;;1;35;2;;2;;2;;2;;2;;2;;76;12;76;1712.6660357
6043699;1;1;1;90;2;;2;;2;;2;;2;;2;;2;;2;;2;;2;;76;12;76;965.15938767
6043699;1;2;1;90;2;;1;36;2;;2;;2;;2;;2;;2;;2;;2;;76;12;76;965.15938767
6043700;1;1;1;90;2;;2;;2;;2;;2;;2;;2;;2;;2;;2;;76;12;76;665.96529794
6043700;1;2;1;90;2;;1;30;2;;1;10;1;21;2;;2;;2;;2;;2;;76;12;76;665.96529794
6043700;1;3;1;90;2;;1;3;2;;1;8;2;;2;;2;;2;;2;;2;;76;12;76;665.96529794
6043700;1;5;1;90;2;;1;12;2;;2;;1;5;2;;2;;2;;2;;2;;76;12;76;665.96529794
6043700;1;6;1;90;2;;1;5;2;;2;;2;;2;;2;;2;;2;;2;;76;12;76;665.96529794
6043700;1;7;1;90;2;;1;15;2;;2;;1;21;2;;2;;2;;2;;2;;76;12;76;665.96529794
6043700;1;8;1;90;2;;1;6;2;;2;;2;;2;;2;;2;;2;;2;;76;12;76;665.96529794
6043701;1;1;1;90;2;;1;14;2;;2;;1;18;2;;2;;2;;2;;2;;76;12;76;1351.9352766
6043701;1;2;1;90;2;;2;;2;;2;;2;;2;;2;;2;;2;;2;;76;12;76;1351.9352766
6043702;1;1;1;90;2;;1;7;2;;2;;2;;2;;2;;2;;2;;2;;76;12;76;828.81232141
6043702;1;2;1;90;2;;1;30;2;;2;;2;;2;;2;;2;;2;;2;;76;12;76;828.81232141
6043704;1;1;1;90;2;;1;40;2;;2;;2;;2;;2;;2;;2;;2;;76;12;76;1067.9726714
6043704;1;2;1;90;2;;2;;2;;2;;2;;2;;2;;2;;2;;2;;76;12;76;1067.9726714
6043705;1;1;1;90;2;;1;14;2;;2;;2;;2;;2;;2;;2;;2;;76;12;76;1956.5182313
6043705;1;2;1;90;2;;1;28;2;;1;10;2;;2;;2;;2;;2;;2;;76;12;76;1956.5182313
6043705;1;3;1;90;2;;2;;2;;2;;2;;2;;2;;2;;2;;2;;76;12;76;1956.5182313
6043705;1;5;1;90;2;;2;;2;;2;;2;;2;;2;;2;;2;;2;;76;12;76;1956.5182313
6043706;1;1;1;90;2;;1;14;2;;1;30;2;;2;;2;;2;;2;;2;;76;12;76;1388.1742879
6043706;1;2;1;90;2;;1;14;2;;1;18;2;;2;;2;;2;;2;;2;;76;12;76;1388.1742879
6043706;2;1;2;90;2;;1;14;2;;1;5;2;;2;;2;;2;;2;;2;;76;12;76;1388.1742879
6043706;2;2;2;90;2;;2;;2;;2;;2;;2;;2;;2;;2;;2;;76;12;76;1388.1742879
6043707;1;1;1;90;2;;1;6;2;;2;;2;;2;;2;;2;;2;;2;;76;12;76;1017.5898122
6043708;1;1;1;90;2;;2;;2;;2;;2;;2;;2;;2;;2;;2;;76;12;76;1619.0736592
6043708;1;2;1;90;2;;1;18;2;;1;12;2;;2;;2;;2;;2;;2;;76;12;76;1619.0736592
6043708;1;3;1;90;2;;1;8;2;;2;;2;;2;;2;;2;;2;;2;;76;12;76;1619.0736592
6043708;1;4;1;90;2;;1;12;2;;1;20;2;;2;;2;;2;;2;;2;;76;12;76;1619.0736592
6043709;1;1;1;90;2;;1;14;2;;1;10;2;;2;;2;;2;;2;;2;;76;12;76;1137.0256148
6043709;1;2;1;90;2;;2;;2;;2;;2;;2;;2;;2;;2;;2;;76;12;76;1137.0256148
6043709;1;3;1;90;2;;2;;2;;2;;2;;2;;2;;2;;2;;2;;76;12;76;1137.0256148
6043709;1;4;1;90;2;;2;;2;;2;;2;;2;;2;;2;;2;;2;;76;12;76;1137.0256148
6043711;1;1;1;90;2;;1;3;2;;2;;2;;2;;2;;2;;2;;2;;76;12;76;931.62560519
6043711;1;2;1;90;2;;2;;2;;2;;2;;2;;2;;2;;2;;2;;76;12;76;931.62560519
6043712;1;1;1;90;2;;2;;2;;2;;2;;2;;2;;2;;2;;2;;76;12;76;2180.2388055
6043712;1;2;1;90;2;;1;21;2;;1;15;2;;2;;2;;2;;2;;2;;76;12;76;2180.2388055
6043713;1;1;1;90;2;;1;2;2;;1;2;2;;2;;2;;2;;2;;2;;76;12;76;1682.8985574
6043713;1;2;1;90;2;;1;10;2;;1;36;2;;2;;2;;2;;2;;2;;76;12;76;1682.8985574
6043713;1;4;1;90;2;;2;;2;;2;;2;;2;;2;;2;;2;;2;;76;12;76;1682.8985574
6043713;1;5;1;90;2;;2;;2;;2;;2;;2;;2;;2;;2;;2;;76;12;76;1682.8985574
6043713;1;6;1;90;2;;1;2;2;;1;2;2;;2;;2;;2;;2;;2;;76;12;76;1682.8985574
6043713;1;7;1;90;2;;1;40;2;;1;21;2;;2;;2;;2;;2;;2;;76;12;76;1682.8985574
6043714;1;1;1;90;2;;2;;2;;2;;2;;2;;2;;2;;2;;2;;76;12;76;965.15938767
6043714;1;2;1;90;2;;1;20;2;;2;;1;40;2;;1;3;2;;1;4;2;;76;12;76;965.15938767
6043715;1;1;1;90;2;;2;;2;;2;;2;;2;;2;;2;;2;;2;;76;12;76;868.62569141
6043715;1;2;1;90;2;;1;38;2;;2;;2;;2;;2;;2;;2;;2;;76;12;76;868.62569141
6043715;1;3;1;90;2;;1;8;2;;2;;2;;2;;2;;2;;2;;2;;76;12;76;868.62569141
6043717;1;1;1;90;2;;2;;2;;1;5;2;;2;;2;;2;;2;;2;;76;12;76;1629.3822032
6043717;1;2;1;90;2;;1;31;2;;1;30;2;;2;;2;;2;;2;;2;;76;12;76;1629.3822032
6043719;1;1;1;90;2;;1;25;2;;2;;2;;2;;2;;2;;2;;2;;76;12;76;1017.5898122
6043720;1;1;1;90;2;;2;;2;;2;;2;;2;;2;;2;;2;;2;;76;12;76;1620.4222412
6043720;1;2;1;90;2;;1;20;2;;2;;2;;2;;2;;2;;2;;2;;76;12;76;1620.4222412
6043721;1;1;1;90;2;;1;20;2;;1;20;2;;2;;2;;2;;2;;2;;76;12;76;1827.1708327
6043721;1;2;1;90;2;;1;20;2;;1;20;2;;2;;2;;2;;2;;2;;76;12;76;1827.1708327
6043722;1;1;1;90;2;;1;12;2;;2;;2;;2;;2;;2;;2;;2;;76;12;76;1328.7444253
6043722;1;2;1;90;2;;1;6;2;;2;;2;;2;;2;;2;;2;;2;;76;12;76;1328.7444253
6043722;1;3;1;90;2;;1;5;2;;2;;2;;2;;2;;2;;2;;2;;76;12;76;1328.7444253
6043722;1;4;1;90;2;;1;5;2;;2;;2;;2;;2;;2;;2;;2;;76;12;76;1328.7444253
6043723;1;1;1;90;2;;1;8;2;;2;;2;;2;;2;;2;;2;;2;;76;12;76;1017.5898122
6043724;1;1;1;90;2;;1;10;2;;2;;2;;2;;2;;2;;2;;2;;76;12;76;1119.054514
6043724;1;2;1;90;2;;1;6;2;;2;;2;;2;;2;;2;;2;;2;;76;12;76;1119.054514
6043724;1;3;1;90;2;;1;4;2;;2;;2;;2;;2;;2;;2;;2;;76;12;76;1119.054514
6043725;1;1;1;90;2;;1;25;2;;2;;2;;2;;2;;2;;2;;2;;76;12;76;1133.687347
6043725;1;2;1;90;2;;1;12;2;;2;;2;;2;;2;;2;;2;;2;;76;12;76;1133.687347
6043725;1;3;1;90;2;;2;;2;;2;;2;;2;;2;;2;;2;;2;;76;12;76;1133.687347
6043725;1;4;1;90;2;;2;;2;;2;;2;;2;;2;;2;;2;;2;;76;12;76;1133.687347
6043726;1;1;1;90;2;;2;;2;;2;;2;;2;;2;;2;;2;;2;;76;12;76;654.59029339
6043726;1;2;1;90;2;;1;20;2;;2;;1;12;2;;2;;2;;2;;2;;76;12;76;654.59029339
6043726;1;3;1;90;2;;1;7;2;;2;;2;;2;;2;;2;;2;;2;;76;12;76;654.59029339
6043726;1;4;1;90;2;;1;10;2;;2;;2;;2;;2;;2;;2;;2;;76;12;76;654.59029339
6043726;1;5;1;90;2;;1;5;2;;2;;2;;2;;2;;2;;2;;2;;76;12;76;654.59029339
6043726;1;6;1;90;2;;2;;2;;2;;2;;2;;2;;2;;2;;2;;76;12;76;654.59029339
6043727;1;1;1;90;2;;1;14;2;;2;;2;;2;;2;;2;;2;;2;;76;12;76;679.84820062
6043727;1;2;1;90;2;;1;14;2;;2;;2;;2;;2;;2;;2;;2;;76;12;76;679.84820062
6043727;1;3;1;90;2;;2;;2;;2;;2;;2;;2;;2;;2;;2;;76;12;76;679.84820062
6043727;1;4;1;90;2;;1;2;2;;2;;2;;2;;2;;2;;2;;2;;76;12;76;679.84820062
6043728;1;1;1;90;2;;1;7;2;;2;;1;2;2;;2;;2;;2;;2;;76;12;76;1022.5208178
6043728;1;2;1;90;2;;1;15;2;;2;;2;;2;;2;;2;;2;;2;;76;12;76;1022.5208178
6043728;1;3;1;90;2;;1;15;2;;2;;2;;2;;1;12;2;;2;;2;;76;12;76;1022.5208178
6043728;1;4;1;90;2;;1;7;2;;2;;2;;2;;2;;2;;2;;2;;76;12;76;1022.5208178
6043729;1;1;1;90;2;;1;4;2;;2;;2;;2;;2;;2;;2;;2;;76;12;76;1328.7444253
6043729;1;2;1;90;2;;1;15;2;;2;;2;;2;;2;;2;;2;;2;;76;12;76;1328.7444253
6043729;1;3;1;90;2;;1;5;2;;1;3;2;;2;;2;;2;;2;;2;;76;12;76;1328.7444253
6043729;1;4;1;90;2;;1;4;2;;2;;2;;2;;2;;2;;2;;2;;76;12;76;1328.7444253
6043730;1;1;1;90;2;;1;15;2;;2;;1;6;2;;2;;2;;2;;2;;76;12;76;912.72896313
6043730;1;2;1;90;2;;2;;2;;2;;2;;2;;2;;2;;2;;2;;76;12;76;912.72896313
6043730;1;3;1;90;2;;1;5;2;;2;;2;;2;;2;;2;;2;;2;;76;12;76;912.72896313
6043731;1;1;1;90;2;;1;2;2;;2;;1;9;2;;2;;2;;2;;2;;76;12;76;1215.5882103
6043731;1;2;1;90;2;;1;7;2;;2;;2;;2;;2;;2;;2;;2;;76;12;76;1215.5882103
6043732;1;1;1;90;2;;1;7;2;;2;;2;;2;;2;;2;;2;;2;;76;12;76;1499.5508154
6043732;1;2;1;90;2;;2;;2;;2;;2;;2;;2;;2;;2;;2;;76;12;76;1499.5508154
6043733;1;1;1;90;2;;2;;2;;2;;2;;2;;2;;2;;2;;2;;76;12;76;1596.6370457
6043733;1;2;1;90;2;;2;;2;;2;;2;;2;;2;;2;;2;;2;;76;12;76;1596.6370457
6043733;1;3;1;90;2;;2;;2;;2;;2;;2;;2;;2;;2;;2;;76;12;76;1596.6370457
6043733;1;4;1;90;2;;1;4;2;;1;10;2;;2;;2;;2;;2;;2;;76;12;76;1596.6370457
6043733;1;5;1;90;2;;1;14;2;;1;15;2;;2;;2;;2;;2;;2;;76;12;76;1596.6370457
6043733;1;6;1;90;2;;1;4;2;;2;;2;;2;;2;;2;;2;;2;;76;12;76;1596.6370457
6043733;1;9;1;90;2;;1;7;2;;2;;2;;2;;2;;2;;2;;2;;76;12;76;1596.6370457
6043733;1;10;1;90;2;;2;;2;;2;;2;;2;;2;;2;;2;;2;;76;12;76;1596.6370457
6043733;1;11;1;90;2;;1;14;2;;1;5;2;;2;;2;;2;;2;;2;;76;12;76;1596.6370457
6043733;1;12;1;90;2;;2;;2;;2;;2;;2;;2;;2;;2;;2;;76;12;76;1596.6370457
6043734;1;1;1;90;2;;1;12;2;;2;;1;20;2;;2;;2;;2;;2;;76;12;76;1001.398399
6043734;1;2;1;90;2;;2;;2;;1;9;2;;2;;2;;2;;2;;2;;76;12;76;1001.398399
6043734;1;3;1;90;2;;2;;2;;2;;2;;2;;2;;2;;2;;2;;76;12;76;1001.398399
6043734;1;5;1;90;2;;2;;2;;2;;2;;2;;2;;2;;2;;2;;76;12;76;1001.398399
6043735;1;1;1;90;2;;1;8;2;;2;;2;;2;;2;;2;;2;;2;;76;12;76;1277.6625827
6043735;1;2;1;90;2;;1;42;2;;2;;2;;2;;2;;2;;2;;2;;76;12;76;1277.6625827
6043735;1;3;1;90;2;;1;2;2;;2;;2;;2;;2;;2;;2;;2;;76;12;76;1277.6625827
6043736;1;1;1;90;2;;1;30;2;;2;;2;;2;;2;;2;;2;;2;;76;12;76;1112.7749265
6043736;1;2;1;90;2;;1;14;2;;2;;2;;2;;2;;2;;2;;2;;76;12;76;1112.7749265
6043737;1;1;1;90;2;;1;4;2;;1;12;2;;2;;2;;2;;2;;2;;76;12;76;1858.6886071
6043737;1;2;1;90;2;;1;35;2;;1;21;2;;2;;2;;2;;2;;2;;76;12;76;1858.6886071
6043738;1;1;1;90;2;;1;6;2;;1;20;2;;2;;2;;2;;2;;2;;76;12;76;1537.1384087
6043738;1;2;1;90;2;;1;23;2;;1;30;2;;2;;2;;2;;2;;2;;76;12;76;1537.1384087
6043740;1;1;1;90;2;;1;3;2;;2;;2;;2;;2;;2;;2;;2;;76;12;76;965.15938767
6043740;1;2;1;90;2;;1;12;2;;2;;2;;2;;2;;2;;2;;2;;76;12;76;965.15938767
6043741;1;1;1;90;2;;1;2;2;;2;;1;4;2;;2;;2;;2;;2;;76;12;76;933.64138363
6043741;1;2;1;90;2;;1;20;2;;2;;1;12;2;;2;;2;;2;;2;;76;12;76;933.64138363
6043741;1;3;1;90;2;;1;5;2;;2;;2;;2;;2;;2;;2;;2;;76;12;76;933.64138363
6043741;1;4;1;90;2;;2;;2;;2;;2;;2;;2;;2;;2;;2;;76;12;76;933.64138363
6043741;1;5;1;90;2;;1;10;2;;2;;2;;2;;2;;2;;2;;2;;76;12;76;933.64138363
6043742;1;1;1;90;2;;2;;2;;2;;2;;2;;2;;2;;2;;2;;76;12;76;965.15938767
6043742;1;2;1;90;2;;1;10;2;;2;;2;;2;;2;;2;;2;;2;;76;12;76;965.15938767
6043743;1;1;1;90;2;;1;14;2;;1;10;2;;2;;2;;2;;2;;2;;76;12;76;1404.3657011
6043744;1;1;1;90;2;;1;30;2;;2;;2;;2;;2;;2;;2;;2;;76;12;76;1120.403096
6043745;1;1;1;90;2;;1;35;2;;2;;1;12;2;;2;;2;;2;;2;;76;12;76;828.81232141
6043745;1;2;1;90;2;;2;;2;;2;;2;;2;;2;;2;;2;;2;;76;12;76;828.81232141
6043746;1;1;1;90;2;;1;20;2;;2;;2;;2;;2;;2;;2;;2;;76;12;76;1215.5882103
6043746;1;2;1;90;2;;1;20;2;;2;;2;;2;;2;;2;;2;;2;;76;12;76;1215.5882103
6043751;1;1;1;90;2;;2;;2;;2;;2;;2;;2;;2;;2;;2;;76;12;76;1119.054514
6043751;1;2;1;90;2;;1;21;2;;2;;2;;2;;2;;2;;2;;2;;76;12;76;1119.054514
6043751;1;3;1;90;2;;2;;2;;2;;2;;2;;2;;2;;2;;2;;76;12;76;1119.054514
6043752;1;1;1;90;2;;1;21;2;;2;;2;;2;;2;;2;;2;;2;;76;12;76;931.62560519
6043752;1;2;1;90;2;;1;25;2;;2;;2;;2;;2;;2;;2;;2;;76;12;76;931.62560519
6043753;1;1;1;90;2;;1;25;2;;1;7;2;;2;;1;1;2;;2;;2;;76;12;76;1149.0139379
6043753;1;2;1;90;2;;1;20;2;;1;15;2;;2;;1;1;2;;2;;2;;76;12;76;1149.0139379
6043753;1;3;1;90;2;;2;;2;;1;4;2;;2;;2;;2;;2;;2;;76;12;76;1149.0139379
6043753;1;4;1;90;2;;2;;2;;1;30;2;;2;;2;;2;;2;;2;;76;12;76;1149.0139379
6043754;1;1;1;90;2;;1;15;2;;2;;2;;2;;2;;2;;2;;2;;76;12;76;1256.7501622
6043755;1;1;1;90;2;;1;14;2;;2;;2;;2;;2;;2;;2;;2;;76;12;76;776.38189687
6043755;1;2;1;90;2;;2;;2;;2;;2;;2;;2;;2;;2;;2;;76;12;76;776.38189687
6043755;1;3;1;90;2;;1;21;2;;2;;2;;2;;2;;2;;2;;2;;76;12;76;776.38189687
6043756;1;1;1;90;2;;1;21;2;;1;14;2;;2;;2;;2;;2;;2;;76;12;76;1537.1384087
6043756;1;2;1;90;2;;2;;2;;2;;2;;2;;2;;2;;2;;2;;76;12;76;1537.1384087
6043757;1;1;1;90;2;;1;15;2;;2;;2;;2;;2;;2;;2;;2;;76;12;76;1546.132758
6043757;1;2;1;90;2;;1;6;2;;2;;2;;2;;2;;2;;2;;2;;76;12;76;1546.132758
6043757;1;3;1;90;2;;1;9;2;;2;;2;;2;;2;;2;;2;;2;;76;12;76;1546.132758
6043757;1;4;1;90;2;;1;12;2;;1;25;2;;2;;2;;2;;2;;2;;76;12;76;1546.132758
6043757;1;6;1;90;2;;1;6;2;;2;;2;;2;;2;;2;;2;;2;;76;12;76;1546.132758
6043757;1;7;1;90;2;;1;4;2;;2;;2;;2;;2;;2;;2;;2;;76;12;76;1546.132758
6043758;1;1;1;90;2;;1;14;2;;2;;2;;2;;2;;2;;2;;2;;76;12;76;1256.7501622
6043759;1;1;1;90;2;;1;20;1;6;2;;2;;2;;2;;2;;2;;2;;76;12;76;1215.5882103
6043759;1;2;1;90;2;;2;;2;;2;;2;;2;;2;;2;;2;;2;;76;12;76;1215.5882103
6043760;1;1;1;90;2;;2;;2;;2;;2;;2;;2;;2;;2;;2;;76;12;76;828.81232141
6043760;1;2;1;90;2;;1;6;2;;2;;2;;2;;1;30;2;;2;;2;;76;12;76;828.81232141
6043761;1;1;1;90;2;;1;2;2;;2;;2;;2;;2;;2;;2;;2;;76;12;76;1179.8673458
6043761;1;2;1;90;2;;1;42;2;;2;;2;;2;;2;;2;;2;;2;;76;12;76;1179.8673458
6043761;1;3;1;90;2;;1;21;2;;2;;2;;2;;2;;2;;2;;2;;76;12;76;1179.8673458
6043761;1;4;1;90;2;;1;7;2;;1;21;2;;2;;2;;2;;2;;2;;76;12;76;1179.8673458
6043761;1;6;1;90;2;;1;4;2;;1;8;2;;2;;2;;2;;2;;2;;76;12;76;1179.8673458
6043762;1;1;1;90;2;;1;6;2;;1;5;2;;2;;2;;2;;2;;2;;76;12;76;1328.8314666
6043762;1;2;1;90;2;;1;15;2;;1;25;2;;2;;2;;2;;2;;2;;76;12;76;1328.8314666
6043762;1;4;1;90;2;;1;30;2;;1;16;2;;2;;2;;2;;2;;2;;76;12;76;1328.8314666
6043763;1;1;1;90;2;;1;5;2;;1;10;2;;2;;2;;2;;2;;2;;76;12;76;1889.542015
6043763;1;2;1;90;2;;1;10;2;;1;15;2;;2;;2;;2;;2;;2;;76;12;76;1889.542015
6043763;1;5;1;90;2;;1;6;2;;1;10;2;;2;;2;;2;;2;;2;;76;12;76;1889.542015
6043764;1;1;1;90;2;;1;12;2;;2;;2;;2;;2;;2;;2;;2;;76;12;76;1784.4159133
6043764;1;2;1;90;2;;1;14;2;;1;25;2;;2;;2;;2;;2;;2;;76;12;76;1784.4159133
6043764;1;3;1;90;2;;1;18;2;;2;;2;;2;;2;;2;;2;;2;;76;12;76;1784.4159133
6043765;1;1;1;90;2;;1;14;2;;2;;2;;2;;2;;2;;2;;2;;76;12;76;1120.403096
6043766;1;1;1;90;2;;2;;2;;2;;2;;2;;2;;2;;2;;2;;76;12;76;1597.9512404
6043766;1;2;1;90;2;;1;15;2;;1;12;2;;2;;2;;2;;2;;2;;76;12;76;1597.9512404
6043766;1;3;1;90;2;;1;21;2;;1;18;2;;2;;2;;2;;2;;2;;76;12;76;1597.9512404
6043766;1;4;1;90;2;;2;;2;;1;9;2;;2;;2;;2;;2;;2;;76;12;76;1597.9512404
6043767;1;1;1;90;2;;1;1;2;;1;28;2;;2;;2;;2;;2;;2;;76;12;76;1537.1384087
6043767;1;2;1;90;2;;1;7;2;;1;86;2;;2;;2;;2;;2;;2;;76;12;76;1537.1384087
6043768;1;1;1;90;2;;1;2;2;;2;;2;;2;;2;;2;;2;;2;;76;12;76;1620.4222412
6043768;1;2;1;90;2;;1;14;2;;2;;2;;2;;2;;2;;2;;2;;76;12;76;1620.4222412
6043769;1;1;1;90;2;;1;40;2;;1;30;2;;2;;2;;2;;2;;2;;76;12;76;1743.9740415
6043770;1;1;1;90;2;;1;35;2;;1;14;2;;2;;2;;2;;2;;2;;76;12;76;1156.6421073
6043770;1;2;1;90;2;;1;12;2;;1;10;2;;2;;2;;2;;2;;2;;76;12;76;1156.6421073
6043770;1;3;1;90;2;;1;3;2;;2;;2;;2;;2;;2;;2;;2;;76;12;76;1156.6421073
6043771;1;1;1;90;2;;1;21;2;;1;10;2;;2;;2;;2;;2;;2;;76;12;76;1428.7034306
6043771;1;2;1;90;2;;1;7;2;;2;;2;;2;;2;;2;;2;;2;;76;12;76;1428.7034306
6043772;1;1;1;90;2;;1;20;2;;2;;2;;2;;2;;2;;2;;2;;76;12;76;1332.1697343
6043772;1;2;1;90;2;;1;4;2;;2;;2;;2;;2;;2;;2;;2;;76;12;76;1332.1697343
6043772;1;3;1;90;2;;1;21;2;;2;;2;;2;;2;;2;;2;;2;;76;12;76;1332.1697343
6043773;1;1;1;90;2;;1;12;2;;2;;2;;2;;2;;2;;2;;2;;76;12;76;1499.5508154
6043773;1;2;1;90;2;;1;12;2;;2;;2;;2;;2;;2;;2;;2;;76;12;76;1499.5508154
6043775;1;1;1;90;2;;1;6;2;;2;;2;;2;;2;;2;;2;;2;;76;12;76;1060.344502
6043775;1;2;1;90;2;;1;12;2;;2;;2;;2;;2;;2;;2;;2;;76;12;76;1060.344502
6043775;1;3;1;90;2;;1;7;2;;2;;2;;2;;2;;2;;2;;2;;76;12;76;1060.344502
6043776;1;1;1;90;2;;2;;2;;2;;2;;2;;2;;2;;2;;2;;76;12;76;1207.9600408
6043776;1;2;1;90;2;;2;;2;;2;;2;;2;;2;;2;;2;;2;;76;12;76;1207.9600408
6043776;1;3;1;90;2;;2;;2;;2;;2;;2;;2;;2;;2;;2;;76;12;76;1207.9600408
6043777;1;1;1;90;2;;1;15;2;;1;20;2;;2;;2;;2;;2;;2;;76;12;76;1712.6660357
6043777;1;2;1;90;2;;1;24;2;;1;10;2;;2;;2;;2;;2;;2;;76;12;76;1712.6660357
6043778;1;1;1;90;2;;1;12;2;;2;;2;;2;;2;;2;;2;;2;;76;12;76;1517.5219161
6043778;2;1;2;90;2;;1;8;2;;2;;2;;2;;2;;2;;2;;2;;76;12;76;1517.5219161
6043778;2;2;2;90;2;;1;6;2;;2;;2;;2;;2;;2;;2;;2;;76;12;76;1517.5219161
6043779;1;1;1;90;2;;1;1;2;;1;10;2;;2;;2;;2;;2;;2;;76;12;76;1941.9724395
6043779;1;2;1;90;2;;1;30;2;;1;40;2;;2;;2;;2;;2;;2;;76;12;76;1941.9724395
6043780;1;1;1;90;2;;1;2;2;;2;;2;;2;;2;;2;;2;;2;;76;12;76;971.43897519
6043780;1;2;1;90;2;;1;14;2;;2;;2;;2;;2;;2;;2;;2;;76;12;76;971.43897519
6043780;1;3;1;90;2;;2;;2;;2;;2;;2;;2;;2;;2;;2;;76;12;76;971.43897519
6043783;1;1;1;90;2;;1;36;2;;1;14;2;;2;;2;;2;;2;;2;;76;12;76;1877.6407332
6043783;1;2;1;90;2;;1;5;2;;2;;2;;2;;2;;2;;2;;2;;76;12;76;1877.6407332
6043784;1;1;1;90;2;;1;14;2;;1;56;2;;2;;2;;2;;2;;2;;76;12;76;1441.9532944
6043785;1;1;1;90;2;;1;10;2;;2;;2;;2;;2;;2;;2;;2;;76;12;76;1417.6499521
6043785;1;2;1;90;2;;2;;2;;2;;2;;2;;2;;2;;2;;2;;76;12;76;1417.6499521
6043785;1;3;1;90;2;;1;5;2;;2;;2;;2;;2;;2;;2;;2;;76;12;76;1417.6499521
6043785;1;4;1;90;2;;1;15;2;;2;;2;;2;;2;;2;;2;;2;;76;12;76;1417.6499521
6043786;1;1;1;90;2;;2;;2;;2;;2;;2;;2;;2;;2;;2;;76;12;76;930.27702325
6043786;1;2;1;90;2;;1;7;2;;2;;2;;2;;2;;2;;2;;2;;76;12;76;930.27702325
6043786;1;3;1;90;2;;1;2;2;;2;;2;;2;;2;;2;;2;;2;;76;12;76;930.27702325
6043786;1;4;1;90;2;;1;28;2;;2;;2;;2;;2;;2;;2;;2;;76;12;76;930.27702325
6043787;1;1;1;90;2;;2;;2;;2;;2;;2;;2;;2;;2;;2;;76;12;76;965.15938767
6043787;1;2;1;90;2;;1;28;2;;2;;1;40;2;;2;;2;;2;;2;;76;12;76;965.15938767
6043788;1;1;1;90;2;;1;14;2;;1;14;2;;2;;2;;2;;2;;2;;76;12;76;1638.4803831
6043788;1;2;1;90;2;;1;20;2;;1;14;2;;2;;1;5;2;;2;;2;;76;12;76;1638.4803831
6043789;1;1;1;90;2;;1;12;2;;2;;2;;2;;2;;2;;2;;2;;76;12;76;1119.054514
6043789;1;2;1;90;2;;1;28;2;;2;;2;;2;;2;;2;;2;;2;;76;12;76;1119.054514
6043789;1;3;1;90;2;;1;10;2;;2;;2;;2;;2;;2;;2;;2;;76;12;76;1119.054514
6043790;1;1;1;90;2;;1;14;2;;2;;2;;2;;2;;2;;2;;2;;76;12;76;1384.5392103
6043790;1;2;1;90;2;;1;7;2;;2;;2;;2;;2;;2;;2;;2;;76;12;76;1384.5392103
6043790;1;3;1;90;2;;2;;2;;2;;2;;2;;2;;2;;2;;2;;76;12;76;1384.5392103
6043790;1;4;1;90;2;;2;;2;;2;;2;;2;;2;;2;;2;;2;;76;12;76;1384.5392103
6043791;1;1;1;90;2;;1;12;2;;1;16;2;;2;;2;;2;;2;;2;;76;12;76;1525.2371268
6043792;1;1;1;90;2;;2;;2;;2;;2;;2;;2;;1;30;2;;2;;76;12;76;1390.905839
6043792;1;2;1;90;2;;1;45;2;;1;8;2;;2;;2;;2;;2;;2;;76;12;76;1390.905839
6043792;1;3;1;90;2;;1;30;2;;1;18;2;;2;;2;;2;;2;;2;;76;12;76;1390.905839
6043792;1;4;1;90;2;;1;7;2;;2;;2;;2;;2;;2;;2;;2;;76;12;76;1390.905839
6043793;1;1;1;90;2;;1;21;2;;1;30;2;;2;;2;;2;;2;;2;;76;12;76;1743.8870002
6043793;1;2;1;90;2;;2;;2;;2;;2;;2;;2;;2;;2;;2;;76;12;76;1743.8870002
6043794;1;1;1;90;2;;1;7;2;;2;;2;;2;;2;;2;;2;;2;;76;12;76;965.15938767
6043794;1;2;1;90;2;;1;14;2;;2;;2;;2;;2;;2;;2;;2;;76;12;76;965.15938767
6043795;1;1;1;90;2;;1;25;2;;1;30;2;;2;;2;;2;;2;;2;;76;12;76;1620.4222412
6043795;1;2;1;90;2;;1;10;2;;1;4;2;;2;;2;;2;;2;;2;;76;12;76;1620.4222412
6043796;1;1;1;90;2;;1;30;2;;2;;2;;2;;2;;2;;2;;2;;76;12;76;1025.4621376
6043796;1;2;1;90;2;;1;10;2;;2;;2;;2;;2;;2;;2;;2;;76;12;76;1025.4621376
6043796;1;3;1;90;2;;1;5;2;;2;;2;;2;;2;;2;;2;;2;;76;12;76;1025.4621376
6043796;1;4;1;90;2;;1;3;2;;2;;2;;2;;2;;2;;2;;2;;76;12;76;1025.4621376
6043796;1;5;1;90;2;;1;20;2;;2;;2;;2;;2;;2;;2;;2;;76;12;76;1025.4621376
6043797;1;1;1;90;2;;2;;2;;2;;2;;2;;2;;2;;2;;2;;76;12;76;1402.8071209
6043797;1;2;1;90;2;;1;14;2;;2;;2;;2;;2;;2;;2;;2;;76;12;76;1402.8071209
6043797;1;3;1;90;2;;2;;2;;2;;2;;2;;2;;2;;2;;2;;76;12;76;1402.8071209
6043797;1;4;1;90;2;;1;4;2;;1;5;2;;2;;2;;2;;2;;2;;76;12;76;1402.8071209
6043797;1;5;1;90;2;;1;14;2;;1;15;2;;2;;2;;2;;2;;2;;76;12;76;1402.8071209
6043798;1;1;1;90;2;;1;4;2;;1;99;2;;2;;2;;2;;2;;2;;76;12;76;1001.398399
6043798;1;2;1;90;2;;1;7;2;;2;;2;;2;;2;;2;;2;;2;;76;12;76;1001.398399
6043798;1;4;1;90;2;;1;45;2;;1;20;1;7;2;;2;;2;;2;;2;;76;12;76;1001.398399
6043798;1;5;1;90;2;;2;;2;;2;;2;;2;;2;;2;;2;;2;;76;12;76;1001.398399
6043799;1;1;1;90;2;;1;6;2;;2;;2;;2;;2;;2;;2;;2;;76;12;76;1422.3368018
6043799;1;2;1;90;2;;2;;2;;2;;2;;2;;2;;2;;2;;2;;76;12;76;1422.3368018
6043800;1;1;1;90;2;;2;;2;;2;;2;;2;;2;;2;;2;;2;;76;12;76;1941.9724395
6043800;1;2;1;90;2;;1;27;2;;1;12;2;;2;;2;;2;;2;;2;;76;12;76;1941.9724395
6043801;1;1;1;90;2;;2;;2;;2;;2;;2;;2;;2;;2;;2;;76;12;76;1422.3368018
6043801;1;2;1;90;2;;1;15;2;;2;;2;;2;;2;;2;;2;;2;;76;12;76;1422.3368018
6043802;1;1;1;90;2;;1;12;2;;2;;1;14;2;;2;;2;;2;;2;;76;12;76;821.18415194
6043802;1;2;1;90;2;;1;4;2;;2;;2;;2;;2;;2;;2;;2;;76;12;76;821.18415194
6043802;1;3;1;90;2;;2;;2;;2;;2;;2;;2;;2;;2;;2;;76;12;76;821.18415194
6043803;1;1;1;90;2;;1;10;2;;2;;2;;2;;2;;2;;2;;2;;76;12;76;923.99743572
6043803;1;2;1;90;2;;1;10;2;;2;;2;;2;;2;;2;;2;;2;;76;12;76;923.99743572
6043803;1;3;1;90;2;;2;;2;;2;;2;;2;;2;;2;;2;;2;;76;12;76;923.99743572
6043804;1;1;1;90;2;;1;10;2;;2;;2;;2;;2;;2;;2;;2;;76;12;76;1422.3368018
6043804;1;2;1;90;2;;1;15;2;;2;;2;;2;;2;;2;;2;;2;;76;12;76;1422.3368018
6043805;1;1;1;90;2;;1;10;2;;1;7;2;;2;;2;;2;;2;;2;;76;12;76;1215.5882103
6043805;1;2;1;90;2;;1;30;2;;1;16;2;;2;;2;;2;;2;;2;;76;12;76;1215.5882103
6043806;1;1;1;90;2;;1;28;2;;2;;2;;2;;2;;2;;2;;2;;76;12;76;1330.0930073
6043806;1;2;1;90;2;;1;5;2;;2;;2;;2;;2;;2;;2;;2;;76;12;76;1330.0930073
6043807;1;1;1;90;2;;1;14;2;;2;;2;;2;;2;;2;;2;;2;;76;12;76;1750.253629
6043807;1;2;1;90;2;;1;14;2;;1;15;2;;2;;2;;2;;2;;2;;76;12;76;1750.253629
6043808;1;1;1;90;2;;1;5;2;;2;;2;;2;;2;;2;;2;;2;;76;12;76;725.99903763
6043808;2;1;2;90;2;;1;14;2;;2;;2;;2;;2;;2;;2;;2;;76;12;76;725.99903763
6043810;1;1;1;90;2;;1;10;2;;1;10;2;;2;;2;;2;;2;;2;;76;12;76;1928.7225758
6043810;1;2;1;90;2;;1;7;2;;1;20;2;;1;1;2;;2;;2;;2;;76;12;76;1928.7225758
6043810;1;3;1;90;2;;1;7;2;;2;;2;;2;;2;;2;;2;;2;;76;12;76;1928.7225758
6043811;1;1;1;90;2;;1;28;2;;2;;2;;2;;2;;2;;2;;2;;76;12;76;827.46373947
6043811;1;2;1;90;2;;1;4;2;;2;;2;;2;;2;;2;;2;;2;;76;12;76;827.46373947
6043811;1;3;1;90;2;;2;;2;;2;;2;;2;;2;;2;;2;;2;;76;12;76;827.46373947
6043811;1;4;1;90;2;;2;;2;;2;;2;;2;;2;;2;;2;;2;;76;12;76;827.46373947
6043812;1;1;1;90;2;;2;;2;;2;;2;;2;;2;;2;;2;;2;;76;12;76;679.84820062
6043812;1;2;1;90;2;;1;10;2;;2;;2;;2;;2;;2;;2;;2;;76;12;76;679.84820062
6043812;1;3;1;90;2;;1;4;2;;2;;2;;2;;2;;2;;2;;2;;76;12;76;679.84820062
6043812;1;4;1;90;2;;1;4;2;;2;;2;;2;;2;;2;;2;;2;;76;12;76;679.84820062
6043813;1;1;1;90;1;4;1;5;2;;2;;2;;2;;2;;2;;2;;2;;76;12;76;1328.7444253
6043813;1;2;1;90;1;3;1;2;2;;2;;2;;2;;2;;2;;2;;2;;76;12;76;1328.7444253
6043813;1;3;1;90;1;2;1;10;2;;2;;2;;2;;2;;2;;2;;2;;76;12;76;1328.7444253
6043813;1;4;1;90;2;;1;2;2;;2;;2;;2;;2;;2;;2;;2;;76;12;76;1328.7444253
6043814;1;1;1;90;2;;2;;2;;2;;2;;2;;2;;2;;2;;2;;76;12;76;1425.2781216
6043814;1;2;1;90;2;;1;36;2;;2;;2;;2;;2;;2;;2;;2;;76;12;76;1425.2781216
6043814;1;3;1;90;2;;1;4;2;;2;;2;;2;;2;;2;;2;;2;;76;12;76;1425.2781216
6043815;1;1;1;90;2;;2;;2;;2;;2;;2;;2;;2;;2;;2;;76;12;76;923.99743572
6043815;1;2;1;90;2;;1;6;2;;2;;2;;2;;2;;2;;2;;2;;76;12;76;923.99743572
6043815;1;3;1;90;2;;1;6;2;;2;;2;;2;;2;;2;;2;;2;;76;12;76;923.99743572
6043816;1;1;1;90;2;;1;3;2;;1;4;2;;2;;2;;2;;2;;2;;76;12;76;1440.6047124
6043816;1;2;1;90;2;;1;5;2;;1;16;2;;2;;2;;2;;2;;2;;76;12;76;1440.6047124
6043816;1;3;1;90;2;;1;6;2;;1;18;2;;2;;2;;2;;2;;2;;76;12;76;1440.6047124
6043817;1;1;1;90;2;;1;4;2;;2;;2;;2;;2;;2;;2;;2;;76;12;76;965.15938767
6043817;1;2;1;90;2;;1;21;2;;2;;2;;2;;2;;2;;2;;2;;76;12;76;965.15938767
6043818;1;1;1;90;2;;1;2;2;;2;;2;;2;;2;;2;;2;;2;;76;12;76;1067.9726714
6043818;1;2;1;90;2;;1;4;1;5;2;;2;;2;;2;;2;;2;;2;;76;12;76;1067.9726714
6043820;1;1;1;90;2;;1;2;2;;2;;2;;2;;2;;2;;2;;2;;76;12;76;1215.5882103
6043820;1;2;1;90;2;;1;28;2;;2;;2;;2;;2;;2;;2;;2;;76;12;76;1215.5882103
6043821;1;1;1;90;2;;1;7;2;;2;;2;;2;;2;;2;;2;;2;;76;12;76;1746.82832
6043821;1;2;1;90;2;;1;21;2;;1;15;2;;2;;2;;2;;2;;2;;76;12;76;1746.82832
6043821;1;3;1;90;2;;2;;2;;2;;2;;2;;2;;2;;2;;2;;76;12;76;1746.82832
6043822;1;1;1;90;2;;1;5;2;;1;4;2;;2;;2;;2;;2;;2;;76;12;76;1620.4222412
6043822;1;2;1;90;2;;1;25;2;;1;15;2;;2;;2;;2;;2;;2;;76;12;76;1620.4222412
6043823;1;1;1;90;2;;2;;2;;2;;1;15;2;;2;;2;;2;;2;;76;12;76;1112.7749265
6043823;1;2;1;90;2;;1;7;2;;2;;2;;1;28;2;;2;;2;;2;;76;12;76;1112.7749265
6043824;1;1;1;90;2;;1;2;2;;2;;2;;2;;2;;2;;2;;2;;76;12;76;1541.8596456
6043824;1;2;1;90;2;;1;12;2;;1;20;2;;2;;2;;2;;2;;2;;76;12;76;1541.8596456
6043824;1;4;1;90;2;;1;12;2;;2;;2;;2;;2;;2;;2;;2;;76;12;76;1541.8596456
6043824;1;5;1;90;2;;1;14;2;;1;10;2;;2;;2;;2;;2;;2;;76;12;76;1541.8596456
6043825;1;1;1;90;2;;1;15;2;;2;;2;;2;;2;;2;;2;;2;;76;12;76;1425.2781216
6043825;1;2;1;90;2;;1;14;2;;2;;2;;2;;2;;2;;2;;2;;76;12;76;1425.2781216
6043825;1;3;1;90;2;;1;15;1;12;2;;2;;2;;2;;2;;2;;2;;76;12;76;1425.2781216
6043828;1;1;1;90;2;;1;24;2;;2;;2;;2;;2;;2;;2;;2;;76;12;76;923.99743572
6043828;1;2;1;90;2;;1;14;2;;2;;2;;2;;2;;2;;2;;2;;76;12;76;923.99743572
6043828;1;3;1;90;2;;1;14;2;;2;;2;;2;;2;;2;;2;;2;;76;12;76;923.99743572
6043829;1;1;1;90;2;;1;16;2;;2;;2;;2;;2;;2;;2;;2;;76;12;76;927.33570347
6043829;1;2;1;90;2;;1;25;2;;2;;2;;2;;2;;2;;2;;2;;76;12;76;927.33570347
6043829;1;3;1;90;2;;1;4;2;;2;;2;;2;;1;32;2;;2;;2;;76;12;76;927.33570347
6043830;1;1;1;90;2;;1;7;2;;2;;2;;2;;2;;1;24;2;;2;;76;12;76;1256.7501622
6043832;1;1;1;90;2;;1;5;2;;2;;2;;2;;1;10;2;;2;;2;;76;12;76;1215.5882103
6043832;1;2;1;90;2;;2;;1;10;2;;2;;2;;2;;2;;2;;2;;76;12;76;1215.5882103
6043834;1;1;1;90;2;;1;18;2;;2;;2;;2;;2;;2;;2;;2;;76;12;76;1614.0556124
6043834;1;2;1;90;2;;1;12;2;;2;;2;;2;;2;;2;;2;;2;;76;12;76;1614.0556124
6043835;1;1;1;90;2;;2;;2;;2;;2;;2;;2;;2;;2;;2;;76;12;76;1404.3657011
6043836;1;1;1;90;2;;1;15;2;;2;;2;;2;;2;;2;;2;;2;;76;12;76;1120.403096
6043837;1;1;1;90;2;;1;30;2;;1;24;2;;2;;2;;2;;2;;2;;76;12;76;1112.7749265
6043837;1;2;1;90;2;;2;;2;;2;;2;;2;;2;;2;;2;;2;;76;12;76;1112.7749265
6044511;1;1;1;90;2;;1;10;2;;1;15;2;;2;;2;;2;;2;;2;;08;12;08;647.23135743
6044511;1;2;1;90;2;;1;25;2;;1;20;2;;2;;2;;2;;2;;2;;08;12;08;647.23135743
6044511;1;3;1;90;2;;1;5;2;;1;5;2;;2;;2;;2;;2;;2;;08;12;08;647.23135743
6044511;1;4;1;90;2;;1;5;2;;1;5;2;;2;;2;;2;;2;;2;;08;12;08;647.23135743
6044512;1;1;1;90;2;;1;21;2;;2;;2;;2;;2;;1;40;2;;2;;08;12;08;545.68563907
6044512;1;2;1;90;2;;1;35;2;;2;;2;;2;;2;;2;;2;;2;;08;12;08;545.68563907
6044512;1;3;1;90;2;;2;;2;;2;;2;;2;;2;;2;;2;;2;;08;12;08;545.68563907
6044512;1;4;1;90;2;;1;4;2;;2;;2;;2;;2;;2;;2;;2;;08;12;08;545.68563907
6044513;1;1;1;90;2;;1;12;2;;2;;2;;2;;2;;2;;2;;2;;08;12;08;710.63075567
6044513;1;2;1;90;2;;1;16;2;;2;;2;;2;;2;;2;;2;;2;;08;12;08;710.63075567
6044513;1;3;1;90;2;;1;14;2;;2;;2;;2;;2;;2;;2;;2;;08;12;08;710.63075567
6044513;1;4;1;90;2;;1;12;2;;2;;2;;2;;2;;2;;2;;2;;08;12;08;710.63075567
6044514;1;1;1;90;2;;1;10;2;;1;15;2;;2;;2;;2;;2;;2;;13;12;13;423.1956098
6044514;1;2;1;90;2;;1;15;2;;1;15;2;;2;;2;;2;;2;;2;;13;12;13;423.1956098
6044854;1;1;1;90;2;;2;;2;;2;;2;;2;;2;;2;;2;;2;;54;12;54;493.07199456
6044854;1;2;1;90;2;;1;32;2;;1;24;2;;2;;2;;2;;2;;2;;54;12;54;493.07199456
6044854;1;3;1;90;2;;1;14;2;;2;;2;;2;;2;;2;;2;;2;;54;12;54;493.07199456
6044854;1;4;1;90;2;;1;14;2;;2;;2;;2;;2;;2;;2;;2;;54;12;54;493.07199456
6044855;1;1;1;90;2;;2;;2;;2;;2;;2;;2;;2;;2;;2;;54;12;54;495.89131811
6044855;1;2;1;90;2;;1;35;2;;2;;2;;2;;1;2;2;;2;;2;;54;12;54;495.89131811
6044856;1;1;1;90;2;;1;28;2;;2;;1;18;2;;2;;2;;2;;2;;54;12;54;456.41976464
6044856;1;2;1;90;2;;1;6;2;;2;;2;;2;;2;;2;;2;;2;;54;12;54;456.41976464
6044856;1;3;1;90;2;;2;;2;;2;;2;;2;;2;;2;;2;;2;;54;12;54;456.41976464
6044857;1;1;1;90;2;;1;48;2;;2;;2;;2;;2;;2;;2;;2;;54;12;54;376.31973793
6044858;1;1;1;90;2;;2;;2;;2;;2;;2;;2;;2;;2;;2;;54;12;54;558.25618721
6044858;1;2;1;90;2;;1;42;2;;1;28;2;;2;;2;;2;;2;;2;;54;12;54;558.25618721
6044859;1;1;1;90;2;;1;2;2;;2;;2;;2;;2;;2;;2;;2;;54;12;54;392.48818571
6044859;1;2;1;90;2;;1;31;2;;1;15;2;;2;;2;;2;;2;;2;;54;12;54;392.48818571
6044860;1;1;1;90;2;;1;6;2;;2;;2;;2;;2;;2;;2;;2;;54;12;54;392.48818571
6044860;1;2;1;90;2;;1;35;2;;2;;2;;2;;1;10;2;;2;;2;;54;12;54;392.48818571
6044861;1;1;1;90;2;;2;;2;;1;5;2;;2;;2;;2;;2;;2;;54;12;54;573.66062936
6044861;1;2;1;90;2;;1;15;2;;1;38;2;;2;;2;;2;;2;;2;;54;12;54;573.66062936
6044862;1;1;1;90;2;;2;;2;;2;;2;;2;;2;;2;;2;;2;;54;12;54;329.66022091
6044862;1;2;1;90;2;;1;42;2;;2;;2;;2;;2;;2;;2;;2;;54;12;54;329.66022091
6044862;1;3;1;90;2;;1;3;2;;2;;2;;2;;2;;2;;2;;2;;54;12;54;329.66022091
6044862;1;4;1;90;2;;2;;2;;2;;2;;2;;1;6;2;;2;;2;;54;12;54;329.66022091
6044863;1;1;1;90;2;;1;1;2;;1;2;2;;2;;2;;2;;2;;2;;54;12;54;490.95889327
6044863;1;2;1;90;2;;1;31;2;;1;15;2;;2;;2;;2;;2;;2;;54;12;54;490.95889327
6045149;1;1;1;90;2;;1;7;2;;2;;2;;2;;2;;1;1;2;;2;;05;12;05;1253.5627375
6045149;1;2;1;90;2;;1;14;2;;1;24;2;;2;;2;;2;;2;;2;;05;12;05;1253.5627375
6045150;1;1;1;90;2;;1;1;2;;1;35;2;;2;;2;;2;;2;;2;;05;12;05;1890.1625619
6045150;1;2;1;90;2;;1;50;2;;1;50;2;;2;;2;;2;;2;;2;;05;12;05;1890.1625619
6045151;1;1;1;90;2;;1;12;2;;2;;2;;2;;2;;2;;2;;2;;05;12;05;1314.9715231
6045151;1;2;1;90;2;;1;30;2;;2;;2;;2;;2;;2;;2;;2;;05;12;05;1314.9715231
6045151;1;3;1;90;2;;1;12;2;;2;;2;;2;;2;;2;;2;;2;;05;12;05;1314.9715231
6045152;1;1;1;90;2;;1;7;2;;2;;2;;2;;2;;2;;2;;2;;05;12;05;1064.8512817
6045152;1;2;1;90;2;;1;35;2;;2;;2;;2;;2;;2;;2;;2;;05;12;05;1064.8512817
6045152;1;3;1;90;2;;2;;2;;2;;2;;2;;2;;2;;2;;2;;05;12;05;1064.8512817
6045152;1;4;1;90;2;;1;7;2;;2;;2;;2;;2;;2;;2;;2;;05;12;05;1064.8512817
6045153;1;1;1;90;2;;1;14;2;;2;;2;;2;;1;6;2;;2;;2;;05;12;05;1211.9829563
6045153;1;2;1;90;2;;1;10;2;;2;;2;;2;;2;;2;;2;;2;;05;12;05;1211.9829563
6045153;1;3;1;90;2;;1;7;2;;2;;2;;2;;2;;2;;2;;2;;05;12;05;1211.9829563
6045154;1;1;1;90;2;;1;12;2;;2;;2;;2;;2;;2;;2;;2;;05;12;05;1373.2168486
6045154;1;2;1;90;2;;1;24;2;;2;;2;;2;;2;;2;;2;;2;;05;12;05;1373.2168486
6045154;1;3;1;90;2;;1;15;2;;2;;2;;2;;2;;2;;2;;2;;05;12;05;1373.2168486
6045156;1;1;1;90;2;;1;3;2;;2;;2;;2;;2;;2;;2;;2;;05;12;05;1365.4612961
6045157;1;1;1;90;2;;1;7;2;;2;;2;;2;;2;;2;;2;;2;;05;12;05;1038.3621909
6045157;1;2;1;90;2;;1;6;2;;2;;2;;2;;2;;2;;2;;2;;05;12;05;1038.3621909
6045157;1;3;1;90;2;;1;3;2;;2;;2;;2;;2;;2;;2;;2;;05;12;05;1038.3621909
6045158;1;1;1;90;2;;1;10;2;;2;;2;;2;;2;;2;;2;;2;;05;12;05;1211.9829563
6045158;1;2;1;90;2;;1;3;2;;2;;2;;2;;2;;2;;2;;2;;05;12;05;1211.9829563
6045158;1;3;1;90;2;;1;7;2;;2;;2;;2;;2;;2;;2;;2;;05;12;05;1211.9829563
6045159;1;1;1;90;2;;1;28;2;;2;;2;;2;;2;;2;;2;;2;;05;12;05;1136.5227312
6045159;1;2;1;90;2;;1;15;2;;2;;2;;2;;2;;2;;2;;2;;05;12;05;1136.5227312
6045160;1;1;1;90;2;;2;;2;;2;;2;;2;;2;;2;;2;;2;;05;12;05;1155.4021972
6045160;1;2;1;90;2;;2;;2;;2;;2;;2;;2;;2;;2;;2;;05;12;05;1155.4021972
6045160;1;3;1;90;2;;2;;2;;2;;2;;2;;2;;2;;2;;2;;05;12;05;1155.4021972
6045161;1;1;1;90;2;;2;;2;;2;;2;;2;;2;;2;;2;;2;;05;12;05;1384.3407621
6045161;1;2;1;90;2;;2;;2;;2;;2;;2;;2;;2;;2;;2;;05;12;05;1384.3407621
6045163;1;1;1;90;2;;1;10;2;;2;;2;;2;;2;;2;;2;;2;;05;12;05;1511.4034025
6045163;1;2;1;90;2;;1;20;2;;1;30;2;;2;;2;;2;;2;;2;;05;12;05;1511.4034025
6045164;1;1;1;90;2;;1;1;2;;2;;2;;2;;2;;2;;2;;2;;05;12;05;1305.0020488
6045165;1;1;1;90;2;;1;20;2;;2;;1;20;2;;2;;2;;2;;2;;05;12;05;1410.6638864
6045165;1;2;1;90;2;;1;15;2;;2;;2;;2;;2;;2;;2;;2;;05;12;05;1410.6638864
6045165;1;3;1;90;2;;1;4;2;;2;;2;;2;;2;;2;;2;;2;;05;12;05;1410.6638864
6045166;1;1;1;90;1;20;1;6;2;;2;;2;;2;;2;;2;;2;;2;;05;12;05;1269.7689328
6045167;1;1;1;90;2;;1;20;2;;2;;2;;2;;2;;2;;2;;2;;05;12;05;1296.0920571
6045167;1;2;1;90;2;;1;12;2;;2;;2;;2;;2;;2;;2;;2;;05;12;05;1296.0920571
6045168;1;1;1;90;2;;1;20;2;;2;;2;;2;;2;;2;;2;;2;;05;12;05;1253.5627375
6045168;1;2;1;90;2;;1;20;2;;2;;2;;2;;2;;2;;2;;2;;05;12;05;1253.5627375
6045170;1;1;1;90;2;;1;14;2;;1;30;2;;2;;2;;2;;2;;2;;05;12;05;1977.1991887
6045170;1;4;1;90;2;;1;20;2;;1;30;2;;2;;2;;2;;2;;2;;05;12;05;1977.1991887
6045171;1;1;1;90;2;;1;7;2;;1;10;2;;2;;2;;2;;2;;2;;05;12;05;1234.6832715
6045172;1;1;1;90;2;;1;1;2;;1;3;2;;2;;2;;2;;2;;2;;05;12;05;1471.3773889
6045172;1;2;1;90;2;;1;12;2;;1;15;2;;2;;2;;2;;2;;2;;05;12;05;1471.3773889
6045173;1;1;1;90;2;;1;16;2;;2;;2;;2;;2;;2;;2;;2;;05;12;05;1094.94295
6045173;1;2;1;90;2;;1;2;2;;2;;2;;2;;2;;2;;2;;2;;05;12;05;1094.94295
6045173;1;3;1;90;2;;1;2;2;;2;;2;;2;;2;;2;;2;;2;;05;12;05;1094.94295
6045174;1;1;1;90;2;;1;2;2;;1;5;2;;2;;2;;2;;2;;2;;05;12;05;1789.6773011
6045174;1;2;1;90;2;;1;23;2;;1;35;2;;2;;2;;2;;2;;2;;05;12;05;1789.6773011
6045176;1;1;1;90;2;;1;5;2;;2;;2;;2;;2;;2;;2;;2;;11;12;11;4707.1579371
6045176;1;2;1;90;2;;1;10;2;;2;;2;;2;;2;;2;;2;;2;;11;12;11;4707.1579371
6045177;1;1;1;90;2;;1;14;2;;2;;2;;2;;2;;2;;2;;2;;11;12;11;4514.7808325
6045178;1;1;1;90;2;;1;10;2;;1;18;2;;2;;2;;2;;2;;2;;11;12;11;5678.629297
6045178;1;2;1;90;2;;1;21;2;;1;15;2;;2;;2;;2;;2;;2;;11;12;11;5678.629297
6045179;1;1;1;90;2;;1;4;2;;2;;2;;2;;2;;2;;2;;2;;13;12;13;491.20632785
6045179;1;2;1;90;2;;1;15;2;;2;;2;;2;;2;;2;;2;;2;;13;12;13;491.20632785
6045179;1;3;1;90;2;;1;4;2;;2;;2;;2;;2;;2;;2;;2;;13;12;13;491.20632785
6045180;1;1;1;90;2;;2;;2;;2;;2;;2;;2;;2;;2;;2;;13;12;13;497.58741397
6045180;1;2;1;90;2;;1;40;2;;2;;2;;2;;2;;2;;2;;2;;13;12;13;497.58741397
6045180;1;3;1;90;2;;1;20;2;;2;;2;;2;;2;;2;;2;;2;;13;12;13;497.58741397
6045180;1;4;1;90;2;;1;20;2;;2;;2;;2;;2;;2;;2;;2;;13;12;13;497.58741397
6045181;1;1;1;90;2;;1;20;2;;1;20;2;;2;;2;;2;;2;;2;;13;12;13;324.50482894
6045181;1;2;1;90;2;;1;10;2;;2;;2;;2;;2;;2;;2;;2;;13;12;13;324.50482894
6045181;1;3;1;90;2;;1;30;2;;1;40;2;;2;;2;;2;;2;;2;;13;12;13;324.50482894
6045182;1;1;1;90;2;;1;18;2;;1;20;1;20;2;;2;;2;;2;;2;;13;12;13;390.16512808
6045182;1;2;1;90;2;;1;8;2;;1;6;2;;2;;2;;2;;2;;2;;13;12;13;390.16512808
6045183;1;1;1;90;2;;1;20;2;;2;;2;;2;;2;;2;;2;;2;;13;12;13;396.54621419
6045183;1;2;1;90;2;;2;;2;;2;;2;;2;;2;;2;;2;;2;;13;12;13;396.54621419
6045183;1;3;1;90;2;;1;10;2;;2;;2;;2;;2;;2;;2;;2;;13;12;13;396.54621419
6045184;1;1;1;90;2;;1;15;2;;1;18;2;;2;;2;;2;;2;;2;;13;12;13;320.82238214
6045184;1;2;1;90;2;;1;1;2;;2;;2;;2;;2;;2;;2;;2;;13;12;13;320.82238214
6045185;1;1;1;90;2;;2;;2;;2;;2;;2;;2;;2;;2;;2;;13;12;13;423.66709088
6045185;1;2;1;90;2;;1;40;2;;2;;2;;2;;2;;2;;2;;2;;13;12;13;423.66709088
6045185;1;3;1;90;2;;1;20;2;;2;;2;;2;;2;;2;;2;;2;;13;12;13;423.66709088
6045185;1;4;1;90;2;;1;10;2;;2;;2;;2;;2;;2;;2;;2;;13;12;13;423.66709088
6045185;1;5;1;90;2;;1;5;2;;2;;2;;2;;2;;2;;2;;2;;13;12;13;423.66709088
6045186;1;1;1;90;2;;2;;2;;2;;2;;2;;2;;2;;2;;2;;13;12;13;465.05946306
6045186;1;2;1;90;2;;2;;2;;2;;2;;2;;2;;2;;2;;2;;13;12;13;465.05946306
6045186;1;3;1;90;2;;1;14;2;;2;;2;;2;;2;;2;;2;;2;;13;12;13;465.05946306
6045187;1;1;1;90;2;;1;14;2;;2;;2;;2;;2;;2;;2;;2;;13;12;13;491.20632785
6045187;1;2;1;90;2;;2;;2;;2;;2;;2;;2;;2;;2;;2;;13;12;13;491.20632785
6045187;1;3;1;90;2;;2;;2;;2;;2;;2;;2;;2;;2;;2;;13;12;13;491.20632785
6045188;1;1;1;90;2;;1;10;2;;2;;2;;2;;2;;2;;2;;2;;13;12;13;436.14586525
6045188;1;2;1;90;2;;1;18;2;;2;;2;;2;;2;;2;;2;;2;;13;12;13;436.14586525
6045189;1;1;1;90;2;;1;10;2;;2;;2;;2;;2;;2;;2;;2;;13;12;13;375.54222105
6045190;1;1;1;90;2;;1;16;2;;2;;2;;2;;2;;2;;2;;2;;13;12;13;420.30084205
6045190;1;2;1;90;2;;1;10;2;;2;;2;;2;;2;;2;;2;;2;;13;12;13;420.30084205
6045191;1;1;1;90;2;;1;16;2;;2;;2;;2;;2;;2;;2;;2;;13;12;13;364.10447999
6045191;1;2;1;90;2;;1;8;2;;2;;2;;2;;2;;2;;2;;2;;13;12;13;364.10447999
6045192;1;1;1;90;2;;1;25;2;;2;;2;;2;;2;;2;;2;;2;;13;12;13;345.2446195
6045192;1;2;1;90;2;;2;;2;;2;;2;;2;;2;;2;;2;;2;;13;12;13;345.2446195
6045192;1;3;1;90;2;;1;7;2;;2;;2;;2;;2;;2;;2;;2;;13;12;13;345.2446195
6045192;1;4;1;90;2;;1;4;2;;2;;2;;2;;2;;2;;2;;2;;13;12;13;345.2446195
6045193;1;1;1;90;2;;1;20;2;;2;;2;;2;;2;;2;;2;;2;;13;12;13;288.08289499
6045193;1;2;1;90;2;;2;;2;;2;;2;;2;;2;;2;;2;;2;;13;12;13;288.08289499
6045193;1;3;1;90;2;;1;40;2;;1;20;2;;2;;2;;2;;2;;2;;13;12;13;288.08289499
6045194;1;1;1;90;2;;2;;2;;2;;2;;2;;2;;2;;2;;2;;13;12;13;469.17634697
6045194;1;2;1;90;2;;1;40;2;;1;20;2;;2;;2;;2;;2;;2;;13;12;13;469.17634697
6045195;1;1;1;90;2;;1;18;2;;1;18;2;;2;;2;;2;;2;;2;;13;12;13;308.00298407
6045195;1;2;1;90;2;;1;4;2;;2;;2;;2;;2;;2;;2;;2;;13;12;13;308.00298407
6045195;1;3;1;90;2;;1;14;2;;1;6;2;;2;;2;;2;;2;;2;;13;12;13;308.00298407
6045196;1;1;1;90;2;;2;;2;;2;;2;;2;;2;;2;;2;;2;;13;12;13;300.39978179
6045196;1;2;1;90;2;;1;25;2;;2;;2;;2;;2;;2;;2;;2;;13;12;13;300.39978179
6045196;1;3;1;90;2;;1;14;2;;1;15;2;;2;;2;;2;;2;;2;;13;12;13;300.39978179
6045197;1;1;1;90;2;;1;30;2;;1;30;1;30;2;;2;;2;;2;;2;;13;12;13;452.48641889
6045197;1;2;1;90;2;;2;;2;;2;;2;;2;;2;;2;;2;;2;;13;12;13;452.48641889
6045197;1;4;1;90;2;;2;;2;;2;;2;;2;;2;;2;;2;;2;;13;12;13;452.48641889
6045197;1;5;1;90;2;;2;;2;;1;20;2;;2;;2;;2;;2;;2;;13;12;13;452.48641889
6045198;1;1;1;90;2;;1;8;2;;2;;2;;2;;2;;2;;2;;2;;13;12;13;341.76170058
6045198;1;2;1;90;2;;1;20;2;;2;;2;;2;;2;;2;;2;;2;;13;12;13;341.76170058
6045198;1;3;1;90;2;;1;4;2;;2;;2;;2;;2;;2;;2;;2;;13;12;13;341.76170058
6045198;1;4;1;90;2;;1;20;2;;2;;2;;2;;2;;2;;2;;2;;13;12;13;341.76170058
6045199;1;1;1;90;2;;1;10;2;;2;;2;;2;;2;;2;;2;;2;;13;12;13;420.30084205
6045199;1;2;1;90;2;;1;20;2;;2;;2;;2;;2;;2;;2;;2;;13;12;13;420.30084205
6045200;1;1;1;90;2;;1;10;2;;2;;2;;2;;2;;2;;2;;2;;13;12;13;375.54222105
6045201;1;1;1;90;2;;1;20;2;;2;;2;;2;;2;;2;;2;;2;;13;12;13;227.70157486
6045201;1;2;1;90;2;;1;10;2;;2;;2;;2;;2;;2;;2;;2;;13;12;13;227.70157486
6045201;1;3;1;90;2;;1;12;2;;2;;2;;2;;2;;2;;2;;2;;13;12;13;227.70157486
6045202;1;1;1;90;2;;1;7;2;;2;;2;;2;;2;;2;;2;;2;;13;12;13;420.30084205
6045202;1;2;1;90;2;;1;21;2;;2;;2;;2;;2;;2;;2;;2;;13;12;13;420.30084205
6045203;1;1;1;90;2;;1;30;2;;1;30;2;;2;;2;;2;;2;;2;;13;12;13;557.2672913
6045203;1;2;1;90;2;;1;20;2;;2;;2;;2;;2;;2;;2;;2;;13;12;13;557.2672913
6045203;1;3;1;90;2;;1;5;2;;2;;2;;2;;2;;2;;2;;2;;13;12;13;557.2672913
6045204;1;1;1;90;2;;1;15;2;;2;;2;;2;;2;;2;;2;;2;;13;12;13;420.30084205
6045204;1;2;1;90;2;;1;10;2;;2;;2;;2;;2;;2;;2;;2;;13;12;13;420.30084205
6045205;1;1;1;90;2;;1;30;2;;1;25;2;;2;;2;;2;;2;;2;;13;12;13;320.82238214
6045205;1;2;1;90;2;;1;2;2;;1;7;2;;2;;2;;2;;2;;2;;13;12;13;320.82238214
6045206;1;1;1;90;2;;2;;2;;2;;2;;2;;2;;2;;2;;2;;13;12;13;445.8143382
6045206;1;2;1;90;2;;1;20;2;;1;30;2;;2;;2;;2;;2;;2;;13;12;13;445.8143382
6045207;1;1;1;90;2;;2;;2;;2;;2;;2;;2;;2;;2;;2;;13;12;13;546.58123806
6045207;1;2;1;90;2;;1;10;2;;2;;2;;2;;2;;2;;2;;2;;13;12;13;546.58123806
6045207;1;3;1;90;2;;1;10;2;;1;10;2;;2;;2;;2;;2;;2;;13;12;13;546.58123806
6045207;1;7;1;90;2;;2;;2;;2;;2;;2;;2;;2;;2;;2;;13;12;13;546.58123806
6045207;1;8;1;90;2;;1;4;2;;2;;2;;2;;2;;2;;2;;2;;13;12;13;546.58123806
6045208;1;1;1;90;2;;2;;2;;2;;2;;2;;2;;2;;2;;2;;13;12;13;278.84128199
6045208;1;2;1;90;2;;1;36;2;;2;;2;;2;;2;;2;;2;;2;;13;12;13;278.84128199
6045208;1;3;1;90;2;;1;6;2;;2;;2;;2;;2;;2;;2;;2;;13;12;13;278.84128199
6045208;1;4;1;90;2;;2;;2;;2;;2;;2;;2;;2;;2;;2;;13;12;13;278.84128199
6045208;1;5;1;90;2;;2;;2;;2;;2;;2;;2;;2;;2;;2;;13;12;13;278.84128199
6045209;1;1;1;90;2;;1;10;2;;1;12;2;;2;;2;;2;;2;;2;;13;12;13;469.17634697
6045209;1;2;1;90;2;;2;;2;;2;;2;;2;;2;;2;;2;;2;;13;12;13;469.17634697
6045210;1;1;1;90;2;;2;;2;;2;;2;;2;;2;;2;;2;;2;;13;12;13;440.64801353
6045210;1;2;1;90;2;;1;20;2;;2;;2;;2;;2;;2;;2;;2;;13;12;13;440.64801353
6045210;1;3;1;90;2;;2;;2;;2;;2;;2;;2;;2;;2;;2;;13;12;13;440.64801353
6045210;1;4;1;90;2;;1;15;2;;2;;2;;2;;2;;2;;2;;2;;13;12;13;440.64801353
6045211;1;1;1;90;2;;1;21;2;;2;;2;;2;;2;;2;;2;;2;;13;12;13;357.72339387
6045212;1;1;1;90;2;;1;5;2;;2;;2;;2;;2;;2;;2;;2;;13;12;13;633.24728072
6045212;1;2;1;90;2;;1;18;2;;2;;2;;2;;2;;2;;2;;2;;13;12;13;633.24728072
6045212;1;3;1;90;2;;1;4;2;;2;;2;;2;;2;;2;;2;;2;;13;12;13;633.24728072
6045213;1;1;1;90;2;;1;7;2;;2;;2;;2;;2;;2;;2;;2;;13;12;13;554.82480935
6045213;1;2;1;90;2;;1;7;2;;2;;2;;2;;2;;2;;2;;2;;13;12;13;554.82480935
6045214;1;1;1;90;2;;2;;2;;2;;2;;2;;2;;2;;2;;2;;13;12;13;423.1956098
6045214;1;2;1;90;2;;1;30;2;;1;15;2;;2;;2;;2;;2;;2;;13;12;13;423.1956098
6045215;1;1;1;90;2;;1;14;2;;2;;2;;2;;2;;2;;2;;2;;13;12;13;442.52695136
6045215;1;2;1;90;2;;2;;2;;2;;2;;2;;2;;2;;2;;2;;13;12;13;442.52695136
6045215;1;3;1;90;2;;1;14;2;;2;;2;;2;;2;;2;;2;;2;;13;12;13;442.52695136
6045416;1;1;1;90;2;;1;10;2;;2;;2;;2;;2;;2;;2;;2;;50;12;50;192.33885089
6045417;1;1;1;90;2;;1;18;2;;2;;2;;2;;2;;2;;2;;2;;50;12;50;192.33885089
6045418;1;1;1;90;2;;1;10;2;;2;;2;;2;;2;;2;;2;;2;;50;12;50;192.33885089
6045420;1;1;1;90;2;;1;15;2;;2;;2;;2;;2;;2;;2;;2;;50;12;50;305.49508256
6045421;1;1;1;90;2;;1;6;2;;2;;2;;2;;2;;2;;2;;2;;50;12;50;175.52344364
6045421;1;2;1;90;2;;1;35;2;;2;;1;7;2;;2;;2;;2;;2;;50;12;50;175.52344364
6045422;1;1;1;90;2;;1;1;2;;2;;2;;2;;2;;2;;2;;2;;50;12;50;380.50040976
6045422;1;2;1;90;2;;1;28;2;;2;;2;;2;;2;;2;;2;;2;;50;12;50;380.50040976
6045423;1;1;1;90;2;;1;12;2;;2;;2;;2;;2;;2;;2;;2;;50;12;50;304.6007327
6045423;1;2;1;90;2;;1;15;2;;2;;2;;2;;2;;2;;2;;2;;50;12;50;304.6007327
6045423;1;3;1;90;2;;1;12;2;;2;;2;;2;;2;;2;;2;;2;;50;12;50;304.6007327
6045424;1;1;1;90;2;;1;22;2;;2;;2;;2;;2;;2;;2;;2;;50;12;50;250.93533532
6045424;1;2;1;90;2;;2;;2;;2;;2;;2;;2;;2;;2;;2;;50;12;50;250.93533532
6045425;1;1;1;90;2;;1;20;2;;2;;2;;2;;2;;2;;2;;2;;50;12;50;257.27139133
6045425;1;2;1;90;2;;1;2;2;;2;;2;;2;;2;;2;;2;;2;;50;12;50;257.27139133
6045425;1;3;1;90;2;;1;12;2;;2;;2;;2;;2;;2;;2;;2;;50;12;50;257.27139133
6045426;1;1;1;90;2;;1;20;2;;2;;2;;2;;2;;2;;2;;2;;50;12;50;192.33885089
6045427;1;1;1;90;2;;1;3;2;;2;;2;;2;;2;;2;;2;;2;;50;12;50;357.75551097
6045428;1;1;1;90;2;;1;12;2;;2;;2;;2;;2;;2;;2;;2;;50;12;50;282.34361929
6045429;1;1;1;90;2;;1;15;2;;2;;2;;2;;2;;2;;2;;2;;50;12;50;386.83646577
6045429;1;2;1;90;2;;1;2;2;;1;3;2;;2;;2;;2;;2;;2;;50;12;50;386.83646577
6045429;1;3;1;90;2;;1;12;2;;2;;2;;2;;2;;2;;2;;2;;50;12;50;386.83646577
6045430;1;1;1;90;2;;1;10;2;;2;;2;;2;;2;;2;;2;;2;;50;12;50;282.34361929
6045431;1;1;1;90;2;;1;30;2;;2;;2;;2;;2;;2;;2;;2;;50;12;50;360.3764315
6045431;1;2;1;90;2;;1;8;2;;2;;2;;2;;2;;2;;2;;2;;50;12;50;360.3764315
6045434;1;1;1;90;2;;1;10;2;;2;;2;;2;;2;;2;;2;;2;;50;12;50;192.33885089
6045435;1;1;1;90;2;;1;4;2;;2;;2;;2;;2;;2;;2;;2;;50;12;50;321.87820836
6045435;1;2;1;90;2;;1;30;2;;1;40;2;;2;;2;;2;;2;;2;;50;12;50;321.87820836
6045436;1;1;1;90;2;;1;30;2;;2;;2;;2;;2;;2;;2;;2;;50;12;50;192.33885089
6045437;1;1;1;90;2;;2;;2;;2;;2;;2;;2;;2;;2;;2;;50;12;50;357.75551097
6045438;1;1;1;90;2;;1;20;2;;1;60;2;;2;;2;;2;;2;;2;;50;12;50;376.78527427
6045438;1;2;1;90;2;;1;20;2;;1;20;2;;2;;2;;2;;2;;2;;50;12;50;376.78527427
6045439;1;1;1;90;2;;2;;2;;2;;2;;2;;2;;2;;2;;2;;50;12;50;250.93533532
6045439;1;2;1;90;2;;1;25;2;;2;;2;;2;;2;;2;;2;;2;;50;12;50;250.93533532
6045440;1;1;1;90;2;;1;12;2;;2;;2;;2;;2;;2;;2;;2;;50;12;50;215.08374968
6045440;1;3;1;90;2;;1;35;2;;2;;2;;2;;2;;2;;2;;2;;50;12;50;215.08374968
6045441;1;1;1;90;2;;1;30;2;;1;40;2;;2;;2;;2;;2;;2;;50;12;50;331.95099512
6045442;1;1;1;90;2;;1;18;2;;2;;2;;2;;2;;2;;2;;2;;50;12;50;321.90392533
6045443;1;1;1;90;2;;1;10;2;;2;;2;;2;;2;;2;;2;;2;;50;12;50;282.34361929
6045444;1;1;1;90;2;;1;30;2;;2;;2;;2;;2;;2;;2;;2;;50;12;50;192.33885089
6045445;1;1;1;90;2;;1;30;2;;2;;2;;2;;2;;2;;2;;2;;50;12;50;149.57951327
6045445;1;2;1;90;2;;2;;2;;2;;2;;2;;2;;2;;2;;2;;50;12;50;149.57951327
6045445;1;3;1;90;2;;1;18;2;;2;;1;24;2;;2;;2;;2;;2;;50;12;50;149.57951327
6045445;1;4;1;90;2;;1;18;2;;2;;2;;2;;2;;2;;2;;2;;50;12;50;149.57951327
6045446;1;1;1;90;2;;1;35;2;;2;;2;;2;;2;;2;;2;;2;;50;12;50;250.93533532
6045446;1;2;1;90;2;;2;;2;;2;;2;;2;;2;;2;;2;;2;;50;12;50;250.93533532
6045448;1;1;1;90;2;;1;12;2;;2;;2;;2;;2;;2;;2;;2;;50;12;50;357.75551097
6045449;1;1;1;90;2;;2;;2;;2;;2;;2;;2;;2;;2;;2;;50;12;50;191.93228642
6045449;1;2;1;90;2;;1;30;2;;1;12;1;30;2;;2;;2;;2;;2;;50;12;50;191.93228642
6045450;1;1;1;90;2;;1;2;2;;2;;2;;2;;2;;2;;2;;2;;50;12;50;175.52344364
6045450;1;2;1;90;2;;1;40;2;;2;;2;;2;;2;;2;;2;;2;;50;12;50;175.52344364
6045451;1;1;1;90;2;;1;27;2;;2;;2;;2;;2;;2;;2;;2;;50;12;50;192.33885089
6045452;1;1;1;90;2;;2;;2;;2;;2;;2;;2;;2;;2;;2;;50;12;50;364.09156698
6045452;1;2;1;90;2;;1;32;2;;2;;2;;2;;2;;2;;2;;2;;50;12;50;364.09156698
6045453;1;1;1;90;2;;1;12;2;;2;;1;16;2;;2;;2;;2;;2;;50;12;50;229.18884102
6045453;1;2;1;90;2;;2;;2;;2;;1;8;2;;2;;2;;2;;2;;50;12;50;229.18884102
6045453;1;3;1;90;2;;2;;2;;2;;2;;2;;2;;2;;2;;2;;50;12;50;229.18884102
6045454;1;1;1;90;2;;1;6;2;;2;;2;;2;;2;;2;;2;;2;;50;12;50;282.34361929
6045455;1;1;1;90;2;;1;24;2;;1;10;2;;2;;2;;2;;2;;2;;50;12;50;390.54747955
6045455;1;2;1;90;2;;1;12;2;;1;24;2;;2;;2;;2;;2;;2;;50;12;50;390.54747955
6045456;1;1;1;90;2;;1;20;2;;2;;2;;2;;2;;2;;2;;2;;50;12;50;192.33885089
6045457;1;1;1;90;2;;1;3;2;;2;;2;;2;;2;;2;;2;;2;;52;12;52;225.4678699
6045457;1;2;1;90;2;;1;28;2;;2;;2;;2;;2;;2;;2;;2;;52;12;52;225.4678699
6045457;1;3;1;90;2;;1;21;2;;2;;2;;2;;2;;1;18;2;;2;;52;12;52;225.4678699
6045457;1;4;1;90;2;;1;7;2;;2;;2;;2;;2;;2;;2;;2;;52;12;52;225.4678699
6045458;1;1;1;90;2;;1;7;2;;1;14;2;;2;;2;;2;;2;;2;;52;12;52;328.64536914
6045458;1;2;1;90;2;;1;20;2;;1;20;2;;2;;2;;2;;2;;2;;52;12;52;328.64536914
6045458;1;3;1;90;2;;1;14;2;;2;;2;;2;;2;;2;;2;;2;;52;12;52;328.64536914
6045459;1;1;1;90;2;;1;7;2;;1;14;2;;2;;2;;2;;2;;2;;52;12;52;361.37124496
6045459;1;2;1;90;2;;1;14;2;;1;21;2;;2;;2;;2;;2;;2;;52;12;52;361.37124496
6045459;1;3;1;90;2;;1;14;2;;2;;2;;2;;2;;2;;2;;2;;52;12;52;361.37124496
6045460;1;1;1;90;2;;1;21;2;;1;14;2;;2;;2;;2;;2;;2;;52;12;52;279.59075062
6045460;1;2;1;90;2;;1;21;2;;1;20;2;;2;;2;;2;;2;;2;;52;12;52;279.59075062
6045460;1;3;1;90;2;;1;7;2;;2;;2;;2;;2;;2;;2;;2;;52;12;52;279.59075062
6045461;1;1;1;90;2;;1;21;2;;2;;2;;2;;2;;2;;2;;2;;52;12;52;239.97656165
6045461;1;2;1;90;2;;1;7;2;;2;;2;;2;;2;;2;;2;;2;;52;12;52;239.97656165
6045462;1;1;1;90;2;;1;7;2;;1;14;2;;2;;2;;2;;2;;2;;52;12;52;417.58178578
6045462;1;2;1;90;2;;1;28;2;;1;23;2;;2;;2;;2;;2;;2;;52;12;52;417.58178578
6045463;1;1;1;90;2;;1;42;2;;2;;2;;2;;2;;2;;2;;2;;52;12;52;222.17447266
6045463;1;2;1;90;2;;1;4;2;;2;;2;;2;;2;;2;;2;;2;;52;12;52;222.17447266
6045463;1;3;1;90;2;;1;6;2;;2;;2;;2;;2;;2;;2;;2;;52;12;52;222.17447266
6045464;1;1;1;90;2;;1;7;2;;2;;2;;2;;2;;2;;2;;2;;52;12;52;239.97656165
6045464;1;2;1;90;2;;1;5;2;;2;;2;;2;;2;;2;;2;;2;;52;12;52;239.97656165
6045465;1;1;1;90;2;;1;30;2;;1;20;2;;2;;2;;2;;2;;2;;52;12;52;249.18094713
6045465;1;2;1;90;2;;2;;2;;2;;2;;2;;2;;2;;2;;2;;52;12;52;249.18094713
6045466;1;1;1;90;2;;1;2;2;;2;;2;;2;;2;;2;;2;;2;;52;12;52;160.37833506
6045466;1;2;1;90;2;;1;3;2;;2;;2;;2;;2;;2;;2;;2;;52;12;52;160.37833506
6045467;1;1;1;90;2;;1;20;2;;2;;2;;2;;2;;2;;2;;2;;52;12;52;157.08493783
6045468;1;1;1;90;2;;1;2;2;;2;;2;;2;;2;;2;;2;;2;;52;12;52;160.37833506
6045468;1;2;1;90;2;;1;6;2;;2;;2;;2;;2;;2;;2;;2;;52;12;52;160.37833506
6045469;1;1;1;90;2;;1;28;2;;2;;2;;2;;2;;2;;2;;2;;52;12;52;189.62970525
6045469;1;2;1;90;2;;2;;2;;2;;2;;2;;1;16;2;;2;;2;;52;12;52;189.62970525
6045470;1;1;1;90;2;;1;2;2;;2;;2;;2;;2;;2;;2;;2;;52;12;52;160.37833506
6045470;1;2;1;90;2;;1;30;2;;1;5;2;;2;;2;;2;;2;;2;;52;12;52;160.37833506
6045471;1;1;1;90;2;;1;16;2;;2;;2;;2;;2;;2;;2;;2;;52;12;52;157.08493783
6045472;1;1;1;90;2;;2;;2;;2;;2;;2;;2;;2;;2;;2;;52;12;52;272.5686329
6045472;1;2;1;90;2;;1;20;2;;2;;2;;2;;2;;2;;2;;2;;52;12;52;272.5686329
6045472;1;3;1;90;2;;1;20;2;;2;;2;;2;;1;25;2;;2;;2;;52;12;52;272.5686329
6045473;1;1;1;90;2;;1;25;2;;2;;2;;2;;2;;2;;2;;2;;52;12;52;129.75692727
6045473;1;2;1;90;2;;1;24;2;;2;;2;;2;;2;;2;;2;;2;;52;12;52;129.75692727
6045473;1;3;1;90;2;;1;3;2;;2;;2;;2;;2;;2;;2;;2;;52;12;52;129.75692727
6045474;1;1;1;90;2;;1;18;2;;2;;2;;2;;2;;2;;2;;2;;52;12;52;157.08493783
6045475;1;1;1;90;2;;2;;2;;2;;2;;2;;2;;2;;2;;2;;52;12;52;160.37833506
6045475;1;2;1;90;2;;1;14;2;;2;;2;;2;;2;;2;;2;;2;;52;12;52;160.37833506
6045476;1;1;1;90;2;;1;24;2;;1;20;2;;2;;2;;2;;2;;2;;52;12;52;278.47962114
6045476;1;2;1;90;2;;1;4;2;;1;20;2;;2;;2;;2;;2;;2;;52;12;52;278.47962114
6045477;1;1;1;90;2;;1;5;2;;2;;2;;2;;2;;2;;2;;2;;52;12;52;210.72519147
6045477;1;2;1;90;2;;1;14;2;;2;;2;;2;;2;;2;;2;;2;;52;12;52;210.72519147
6045478;1;1;1;90;2;;1;26;2;;2;;2;;2;;2;;2;;2;;2;;52;12;52;189.62970525
6045478;1;2;1;90;2;;2;;2;;2;;2;;2;;2;;2;;2;;2;;52;12;52;189.62970525
6045479;1;1;1;90;2;;1;14;2;;2;;2;;2;;2;;2;;2;;2;;52;12;52;157.08493783
6045480;1;1;1;90;2;;2;;2;;2;;2;;2;;2;;2;;2;;2;;52;12;52;210.72519147
6045480;1;2;1;90;2;;1;35;2;;2;;2;;2;;2;;2;;2;;2;;52;12;52;210.72519147
6045481;1;1;1;90;2;;1;2;2;;2;;2;;2;;2;;2;;2;;2;;52;12;52;292.05862195
6045482;1;1;1;90;2;;1;7;2;;1;7;2;;2;;2;;2;;2;;2;;54;12;54;425.66731515
6045482;1;2;1;90;2;;2;;2;;2;;2;;2;;2;;2;;2;;2;;54;12;54;425.66731515
6045482;1;3;1;90;2;;2;;2;;2;;2;;2;;2;;2;;2;;2;;54;12;54;425.66731515
6045483;1;1;1;90;2;;1;28;2;;2;;2;;2;;2;;2;;2;;2;;54;12;54;413.29404737
6045483;1;2;1;90;2;;1;2;2;;2;;2;;2;;2;;2;;2;;2;;54;12;54;413.29404737
6045484;1;1;1;90;2;;1;27;2;;1;24;2;;2;;2;;2;;2;;2;;54;12;54;466.67993113
6045484;1;2;1;90;2;;1;7;2;;1;7;2;;2;;2;;2;;2;;2;;54;12;54;466.67993113
6045485;1;1;1;90;2;;2;;2;;2;;2;;2;;2;;2;;2;;2;;54;12;54;479.37527843
6045485;1;2;1;90;2;;1;56;2;;2;;2;;2;;2;;2;;2;;2;;54;12;54;479.37527843
6045485;1;3;1;90;2;;1;3;2;;2;;2;;2;;2;;2;;2;;2;;54;12;54;479.37527843
6045486;1;1;1;90;2;;1;10;2;;2;;2;;2;;2;;2;;2;;2;;54;12;54;376.31973793
6045487;1;1;1;90;2;;1;28;2;;2;;2;;2;;2;;2;;2;;2;;54;12;54;494.64668779
6045539;1;1;1;90;2;;1;20;2;;2;;2;;2;;2;;2;;2;;2;;66;12;66;352.11033406
6045539;1;2;1;90;2;;1;5;2;;2;;2;;2;;2;;2;;2;;2;;66;12;66;352.11033406
6045539;1;3;1;90;2;;1;5;2;;2;;2;;2;;2;;2;;2;;2;;66;12;66;352.11033406
6045541;1;1;1;90;2;;1;25;2;;2;;1;60;2;;2;;2;;2;;2;;66;12;66;341.94288998
6045541;1;2;1;90;2;;1;15;2;;2;;2;;2;;2;;2;;2;;2;;66;12;66;341.94288998
6045541;1;3;1;90;2;;2;;2;;2;;2;;2;;2;;2;;2;;2;;66;12;66;341.94288998
6045542;1;1;1;90;2;;1;32;2;;2;;2;;2;;2;;2;;2;;2;;66;12;66;366.96995543
6045542;1;2;1;90;2;;1;10;2;;2;;2;;2;;2;;2;;2;;2;;66;12;66;366.96995543
6045543;1;1;1;90;2;;1;2;2;;2;;2;;2;;2;;2;;2;;2;;66;12;66;450.43657672
6045543;1;2;1;90;2;;1;40;2;;2;;2;;2;;2;;2;;2;;2;;66;12;66;450.43657672
6045543;1;3;1;90;2;;1;10;2;;2;;2;;2;;2;;2;;2;;2;;66;12;66;450.43657672
6045543;1;4;1;90;2;;1;4;2;;2;;2;;2;;2;;2;;2;;2;;66;12;66;450.43657672
6045546;1;1;1;90;2;;1;14;2;;2;;2;;2;;2;;2;;2;;2;;66;12;66;450.43657672
6045546;1;2;1;90;2;;2;;2;;2;;2;;2;;2;;2;;2;;2;;66;12;66;450.43657672
6045546;1;3;1;90;2;;1;14;2;;2;;2;;2;;2;;2;;2;;2;;66;12;66;450.43657672
6045546;1;4;1;90;2;;2;;2;;2;;2;;2;;2;;2;;2;;2;;66;12;66;450.43657672
6045547;1;1;1;90;2;;1;40;2;;2;;2;;2;;2;;2;;2;;2;;66;12;66;366.96995543
6045547;1;2;1;90;2;;1;5;2;;2;;2;;2;;2;;2;;2;;2;;66;12;66;366.96995543
6045548;1;1;1;90;2;;1;40;2;;2;;2;;2;;2;;2;;2;;2;;66;12;66;348.4157793
6045550;1;1;1;90;2;;1;41;2;;2;;2;;2;;2;;2;;2;;2;;66;12;66;366.96995543
6045550;1;2;1;90;2;;1;2;2;;2;;2;;2;;2;;2;;2;;2;;66;12;66;366.96995543
6045552;1;1;1;90;2;;1;25;2;;2;;2;;2;;2;;2;;2;;2;;66;12;66;348.4157793
6045554;1;1;1;90;2;;1;12;2;;1;14;2;;2;;2;;2;;2;;2;;66;12;66;507.96883678
6045554;1;2;1;90;2;;1;22;2;;1;30;2;;2;;2;;2;;2;;2;;66;12;66;507.96883678
6045555;1;1;1;90;2;;2;;2;;2;;2;;2;;2;;2;;2;;2;;66;12;66;279.19378492
6045555;1;2;1;90;2;;1;28;2;;2;;1;24;2;;2;;2;;2;;2;;66;12;66;279.19378492
6045556;1;1;1;90;2;;1;2;2;;1;2;2;;2;;2;;2;;2;;2;;66;12;66;445.64930218
6045556;1;2;1;90;2;;1;10;2;;2;;2;;2;;2;;2;;2;;2;;66;12;66;445.64930218
6045556;1;5;1;90;2;;1;38;2;;1;15;2;;2;;2;;2;;2;;2;;66;12;66;445.64930218
6045559;1;1;1;90;2;;1;20;2;;2;;1;20;2;;2;;2;;2;;2;;66;12;66;433.00736424
6045560;1;1;1;90;2;;1;14;2;;2;;2;;2;;2;;2;;2;;2;;66;12;66;348.4157793
6045561;1;1;1;90;2;;1;10;2;;2;;2;;2;;2;;2;;2;;2;;66;12;66;470.11571649
6045561;1;2;1;90;2;;1;28;2;;2;;2;;2;;2;;2;;2;;2;;66;12;66;470.11571649
6045561;1;3;1;90;2;;1;7;2;;2;;2;;2;;2;;2;;2;;2;;66;12;66;470.11571649
6045562;1;1;1;90;2;;2;;2;;2;;2;;2;;2;;2;;2;;2;;66;12;66;279.19378492
6045562;1;2;1;90;2;;1;35;2;;2;;1;20;2;;2;;2;;2;;2;;66;12;66;279.19378492
6045563;1;1;1;90;2;;1;39;2;;2;;1;8;2;;2;;2;;2;;2;;66;12;66;305.21052346
6045563;1;2;1;90;2;;1;2;2;;2;;2;;2;;2;;2;;2;;2;;66;12;66;305.21052346
6045564;1;1;1;90;2;;1;14;2;;2;;2;;2;;2;;2;;2;;2;;66;12;66;495.15991294
6045564;1;2;1;90;2;;1;10;2;;2;;2;;2;;2;;2;;2;;2;;66;12;66;495.15991294
6045564;1;3;1;90;2;;2;;2;;2;;2;;2;;2;;2;;2;;2;;66;12;66;495.15991294
6045564;1;4;1;90;2;;2;;2;;2;;2;;2;;2;;2;;2;;2;;66;12;66;495.15991294
6045565;1;1;1;90;2;;1;14;2;;2;;2;;2;;2;;2;;2;;2;;66;12;66;416.51281005
6045565;1;2;1;90;2;;2;;2;;2;;2;;2;;2;;2;;2;;2;;66;12;66;416.51281005
6045566;1;1;1;90;2;;1;5;2;;2;;2;;2;;2;;1;10;2;;2;;66;12;66;305.21052346
6045566;1;2;1;90;2;;1;40;2;;2;;2;;2;;2;;2;;2;;2;;66;12;66;305.21052346
6045569;1;1;1;90;2;;1;15;2;;1;25;2;;2;;2;;2;;2;;2;;66;12;66;452.20259022
6045573;1;1;1;90;2;;1;14;2;;2;;2;;2;;2;;2;;2;;2;;66;12;66;262.00526761
6045573;1;2;1;90;2;;2;;2;;2;;2;;2;;2;;2;;2;;2;;66;12;66;262.00526761
6045573;1;3;1;90;2;;2;;2;;2;;2;;2;;2;;2;;2;;2;;66;12;66;262.00526761
6045574;1;1;1;90;2;;2;;2;;2;;2;;2;;2;;2;;2;;2;;66;12;66;448.37695479
6045574;1;2;1;90;2;;1;22;2;;2;;2;;2;;2;;2;;2;;2;;66;12;66;448.37695479
6045576;1;1;1;90;2;;1;20;2;;2;;2;;2;;2;;2;;2;;2;;66;12;66;374.43251784
6045577;1;1;1;90;2;;1;11;2;;1;15;2;;2;;2;;2;;2;;2;;66;12;66;480.54245562
6045577;1;2;1;90;2;;1;26;2;;1;65;2;;2;;2;;2;;2;;2;;66;12;66;480.54245562
6045578;1;1;1;90;2;;1;4;2;;2;;2;;2;;2;;2;;2;;2;;66;12;66;453.72488047
6045578;1;2;1;90;2;;1;10;2;;2;;2;;2;;2;;2;;2;;2;;66;12;66;453.72488047
6045579;1;1;1;90;2;;1;30;2;;2;;2;;2;;2;;2;;2;;2;;66;12;66;348.4157793
6045580;1;1;1;90;2;;1;20;2;;1;5;2;;2;;2;;2;;2;;2;;66;12;66;510.13217688
6045580;1;2;1;90;2;;1;30;2;;2;;2;;2;;2;;2;;2;;2;;66;12;66;510.13217688
6045581;1;1;1;90;2;;1;4;2;;2;;2;;2;;2;;2;;2;;2;;66;12;66;376.98741042
6045581;1;2;1;90;2;;1;20;2;;2;;1;15;2;;2;;2;;2;;2;;66;12;66;376.98741042
6045581;1;3;1;90;2;;1;20;2;;1;15;1;10;2;;2;;2;;2;;2;;66;12;66;376.98741042
6045582;1;1;1;90;2;;1;10;2;;2;;2;;2;;2;;2;;2;;2;;66;12;66;460.21805611
6045582;1;2;1;90;2;;1;24;2;;2;;2;;2;;2;;2;;2;;2;;66;12;66;460.21805611
6045582;1;3;1;90;2;;1;10;2;;2;;2;;2;;2;;2;;2;;2;;66;12;66;460.21805611
6045582;1;4;1;90;2;;1;10;2;;2;;2;;2;;2;;2;;2;;2;;66;12;66;460.21805611
6045583;1;1;1;90;2;;1;14;2;;2;;2;;2;;2;;2;;2;;2;;66;12;66;480.54245562
6045583;1;3;1;90;2;;1;14;2;;1;14;2;;2;;2;;2;;2;;2;;66;12;66;480.54245562
6045586;1;1;1;90;2;;2;;2;;2;;2;;2;;2;;2;;2;;2;;66;12;66;472.2790566
6045586;1;2;1;90;2;;1;40;2;;2;;2;;2;;2;;2;;2;;2;;66;12;66;472.2790566
6045586;1;3;1;90;2;;1;5;2;;2;;2;;2;;2;;2;;2;;2;;66;12;66;472.2790566
6045587;1;1;1;90;2;;1;10;2;;2;;2;;2;;2;;2;;2;;2;;66;12;66;436.19194982
6045588;1;1;1;90;2;;1;12;2;;2;;2;;2;;2;;2;;2;;2;;66;12;66;436.19194982
6045590;1;1;1;90;2;;1;21;2;;1;14;2;;2;;2;;2;;2;;2;;66;12;66;492.99657283
6045590;1;2;1;90;2;;2;;2;;2;;2;;2;;2;;2;;2;;2;;66;12;66;492.99657283
6045590;1;3;1;90;2;;2;;2;;2;;2;;2;;2;;2;;2;;2;;66;12;66;492.99657283
6045590;1;4;1;90;2;;2;;2;;2;;2;;2;;2;;2;;2;;2;;66;12;66;492.99657283
6045591;1;1;1;90;2;;1;24;2;;2;;2;;2;;2;;2;;2;;2;;66;12;66;429.71906049
6045591;1;2;1;90;2;;1;30;2;;2;;2;;2;;2;;2;;2;;2;;66;12;66;429.71906049
6045591;1;3;1;90;2;;1;10;2;;2;;2;;2;;2;;2;;2;;2;;66;12;66;429.71906049
6045592;1;1;1;90;2;;1;2;2;;2;;2;;2;;2;;2;;2;;2;;66;12;66;415.86755031
6045592;1;2;1;90;2;;1;10;2;;2;;2;;2;;2;;2;;2;;2;;66;12;66;415.86755031
6045592;1;3;1;90;2;;1;5;2;;2;;1;5;2;;2;;2;;2;;2;;66;12;66;415.86755031
6045593;1;1;1;90;2;;2;;2;;2;;2;;2;;2;;2;;2;;2;;66;12;66;507.96883678
6045593;1;2;1;90;2;;1;14;2;;1;14;2;;2;;2;;2;;2;;2;;66;12;66;507.96883678
6045594;1;1;1;90;2;;1;16;2;;2;;2;;2;;2;;2;;2;;2;;66;12;66;374.43251784
6045595;1;1;1;90;2;;1;10;2;;1;10;2;;2;;2;;2;;2;;2;;66;12;66;455.51539017
6045595;1;2;1;90;2;;2;;2;;2;;2;;2;;2;;2;;2;;2;;66;12;66;455.51539017
6045595;1;3;1;90;2;;1;20;2;;1;30;2;;2;;2;;2;;2;;2;;66;12;66;455.51539017
6045597;1;1;1;90;2;;1;2;2;;2;;2;;2;;2;;2;;2;;2;;66;12;66;482.70579573
6045597;1;2;1;90;2;;1;35;2;;1;10;2;;2;;2;;2;;2;;2;;66;12;66;482.70579573
6045598;1;1;1;90;2;;1;28;2;;2;;2;;2;;2;;2;;2;;2;;66;12;66;545.82195706
6045601;1;1;1;90;2;;1;15;2;;2;;2;;2;;2;;2;;2;;2;;66;12;66;436.19194982
6045602;1;1;1;90;2;;1;20;2;;2;;2;;2;;2;;2;;2;;2;;66;12;66;426.95916402
6045602;1;2;1;90;2;;1;2;2;;2;;2;;2;;2;;2;;2;;2;;66;12;66;426.95916402
6045602;1;3;1;90;2;;1;4;2;;2;;2;;2;;2;;2;;2;;2;;66;12;66;426.95916402
6045602;1;4;1;90;2;;1;20;2;;2;;1;20;2;;2;;2;;2;;2;;66;12;66;426.95916402
6045602;1;5;1;90;2;;1;15;2;;2;;1;4;2;;2;;2;;2;;2;;66;12;66;426.95916402
6045604;1;1;1;90;2;;1;14;2;;2;;2;;2;;2;;2;;2;;2;;66;12;66;538.095002
6045604;1;2;1;90;2;;2;;2;;2;;2;;2;;2;;2;;2;;2;;66;12;66;538.095002
6045604;1;4;1;90;2;;1;21;2;;1;21;2;;2;;2;;2;;2;;2;;66;12;66;538.095002
6045604;1;5;1;90;2;;2;;2;;2;;2;;2;;2;;2;;2;;2;;66;12;66;538.095002
6045605;1;1;1;90;2;;1;30;2;;2;;2;;2;;2;;2;;2;;2;;66;12;66;379.05124223
6045605;1;2;1;90;2;;1;24;2;;2;;2;;2;;2;;2;;2;;2;;66;12;66;379.05124223
6045605;1;3;1;90;2;;1;10;2;;2;;2;;2;;2;;2;;2;;2;;66;12;66;379.05124223
6045605;1;4;1;90;2;;1;10;2;;2;;2;;2;;2;;2;;2;;2;;66;12;66;379.05124223
6045605;1;5;1;90;2;;1;10;2;;2;;2;;2;;2;;2;;2;;2;;66;12;66;379.05124223
6045606;1;1;1;90;2;;2;;2;;2;;2;;2;;2;;2;;2;;2;;66;12;66;544.08818742
6045606;1;2;1;90;2;;1;25;2;;1;70;2;;2;;2;;2;;2;;2;;66;12;66;544.08818742
6045606;1;3;1;90;2;;1;12;2;;1;25;2;;2;;2;;2;;2;;2;;66;12;66;544.08818742
6045607;1;1;1;90;2;;1;10;2;;2;;2;;2;;2;;2;;2;;2;;66;12;66;563.25116954
6045607;1;2;1;90;2;;1;10;2;;2;;2;;2;;2;;2;;2;;2;;66;12;66;563.25116954
6045607;1;3;1;90;2;;1;4;2;;1;15;2;;2;;2;;2;;2;;2;;66;12;66;563.25116954
6045607;1;4;1;90;2;;2;;2;;1;10;2;;2;;2;;2;;2;;2;;66;12;66;563.25116954
6045609;1;1;1;90;2;;1;20;2;;1;10;2;;2;;2;;2;;2;;2;;66;12;66;518.39557591
6045612;1;1;1;90;2;;1;24;2;;1;21;2;;2;;2;;2;;2;;2;;66;12;66;536.94975203
6045612;1;2;1;90;2;;1;14;2;;2;;2;;2;;2;;2;;2;;2;;66;12;66;536.94975203
6045613;1;1;1;90;2;;1;2;2;;2;;2;;2;;2;;2;;2;;2;;66;12;66;323.76469958
6045613;1;2;1;90;2;;1;42;2;;2;;2;;2;;2;;2;;2;;2;;66;12;66;323.76469958
6045613;1;3;1;90;2;;2;;2;;2;;2;;2;;2;;2;;2;;2;;66;12;66;323.76469958
6045616;1;1;1;90;2;;1;14;2;;2;;2;;2;;2;;2;;2;;2;;66;12;66;374.43251784
6045617;1;1;1;90;2;;1;20;2;;2;;2;;2;;2;;2;;2;;2;;66;12;66;452.59991683
6045617;1;2;1;90;2;;2;;2;;2;;2;;2;;2;;2;;2;;2;;66;12;66;452.59991683
6045617;1;3;1;90;2;;1;25;2;;2;;2;;2;;2;;2;;2;;2;;66;12;66;452.59991683
6045617;1;4;1;90;2;;2;;2;;2;;2;;2;;2;;2;;2;;2;;66;12;66;452.59991683
6045619;1;1;1;90;2;;2;;2;;2;;2;;2;;2;;2;;2;;2;;66;12;66;388.67714475
6045619;1;2;1;90;2;;1;30;2;;2;;2;;2;;2;;2;;2;;2;;66;12;66;388.67714475
6045619;1;3;1;90;2;;2;;2;;2;;2;;2;;2;;2;;2;;2;;66;12;66;388.67714475
6045619;1;4;1;90;2;;1;14;2;;2;;2;;2;;2;;2;;2;;2;;66;12;66;388.67714475
6045622;1;1;1;90;2;;1;2;2;;2;;2;;2;;2;;2;;2;;2;;66;12;66;507.96883678
6045622;1;2;1;90;2;;1;15;2;;2;;2;;2;;2;;2;;2;;2;;66;12;66;507.96883678
6045623;1;1;1;90;2;;1;2;2;;2;;2;;2;;2;;2;;2;;2;;66;12;66;445.08865104
6045623;1;2;1;90;2;;1;42;2;;2;;2;;2;;2;;2;;2;;2;;66;12;66;445.08865104
6045623;1;3;1;90;2;;1;8;2;;2;;2;;2;;2;;2;;2;;2;;66;12;66;445.08865104
6045623;1;4;1;90;2;;1;20;2;;2;;2;;2;;2;;2;;2;;2;;66;12;66;445.08865104
6045624;1;1;1;90;2;;1;29;2;;2;;2;;2;;2;;2;;2;;2;;66;12;66;369.13329554
6045624;1;2;1;90;2;;1;10;2;;2;;2;;2;;2;;2;;2;;2;;66;12;66;369.13329554
6045627;1;1;1;90;2;;1;14;2;;2;;2;;2;;2;;2;;2;;2;;66;12;66;305.21052346
6045627;1;2;1;90;2;;2;;2;;2;;2;;2;;2;;2;;2;;2;;66;12;66;305.21052346
6045628;1;1;1;90;2;;1;24;2;;2;;2;;2;;2;;2;;2;;2;;66;12;66;436.19194982
6045629;1;1;1;90;2;;1;3;2;;1;2;2;;2;;2;;2;;2;;2;;66;12;66;458.69997575
6045629;1;2;1;90;2;;1;40;2;;1;10;2;;2;;2;;2;;2;;2;;66;12;66;458.69997575
6045629;1;3;1;90;2;;1;10;2;;2;;2;;2;;2;;2;;2;;2;;66;12;66;458.69997575
6045630;1;1;1;90;2;;1;10;2;;2;;2;;2;;2;;2;;2;;2;;66;12;66;355.14493054
6045630;1;2;1;90;2;;1;30;2;;1;20;2;;2;;2;;2;;2;;2;;66;12;66;355.14493054
6045630;1;3;1;90;2;;1;10;2;;1;40;2;;2;;2;;2;;2;;2;;66;12;66;355.14493054
6045630;1;5;1;90;2;;1;24;2;;2;;2;;2;;2;;2;;2;;2;;66;12;66;355.14493054
6045632;1;1;1;90;2;;1;10;2;;2;;2;;2;;2;;2;;2;;2;;66;12;66;436.19194982
6045633;1;1;1;90;2;;2;;2;;2;;2;;2;;2;;2;;2;;2;;66;12;66;373.05805681
6045633;1;2;1;90;2;;1;35;2;;2;;1;10;2;;2;;2;;2;;2;;66;12;66;373.05805681
6045633;1;3;1;90;2;;1;10;2;;2;;1;10;2;;2;;2;;2;;2;;66;12;66;373.05805681
6045633;1;4;1;90;2;;1;10;2;;2;;2;;2;;2;;2;;2;;2;;66;12;66;373.05805681
6045633;1;5;1;90;2;;1;5;2;;2;;2;;2;;2;;2;;2;;2;;66;12;66;373.05805681
6045633;1;6;1;90;2;;1;2;2;;2;;2;;2;;2;;2;;2;;2;;66;12;66;373.05805681
6045634;1;1;1;90;2;;1;40;2;;2;;2;;2;;2;;2;;2;;2;;66;12;66;474.4423967
6045634;1;2;1;90;2;;2;;2;;2;;2;;2;;2;;2;;2;;2;;66;12;66;474.4423967
6045634;1;3;1;90;2;;1;10;2;;2;;2;;2;;2;;2;;2;;2;;66;12;66;474.4423967
6045635;1;1;1;90;2;;1;4;2;;1;5;2;;2;;2;;2;;2;;2;;66;12;66;480.54245562
6045635;1;2;1;90;2;;1;10;2;;1;15;2;;2;;2;;2;;2;;2;;66;12;66;480.54245562
6045636;1;1;1;90;2;;2;;2;;2;;2;;2;;2;;2;;2;;2;;66;12;66;389.47798137
6045636;1;2;1;90;2;;1;30;2;;1;30;2;;2;;2;;2;;2;;2;;66;12;66;389.47798137
6045636;1;3;1;90;2;;1;15;2;;2;;2;;2;;2;;2;;2;;2;;66;12;66;389.47798137
6045636;1;5;1;90;2;;1;6;2;;2;;2;;2;;2;;2;;2;;2;;66;12;66;389.47798137
6045639;1;1;1;90;2;;1;10;2;;2;;2;;2;;2;;2;;2;;2;;66;12;66;339.13429013
6045639;1;2;1;90;2;;1;40;2;;2;;2;;2;;2;;2;;2;;2;;66;12;66;339.13429013
6045639;1;3;1;90;2;;1;4;2;;2;;2;;2;;2;;2;;2;;2;;66;12;66;339.13429013
6045639;1;4;1;90;2;;1;20;2;;2;;2;;2;;2;;2;;2;;1;4;66;12;66;339.13429013
6045640;1;1;1;90;2;;1;14;2;;2;;2;;2;;2;;2;;2;;2;;66;12;66;530.47686271
6045640;1;2;1;90;2;;2;;2;;2;;2;;2;;2;;2;;2;;2;;66;12;66;530.47686271
6045640;1;5;1;90;2;;2;;2;;2;;2;;2;;2;;2;;2;;2;;66;12;66;530.47686271
6045640;1;6;1;90;2;;2;;2;;1;14;1;14;2;;2;;2;;2;;2;;66;12;66;530.47686271
6045643;1;1;1;90;2;;1;14;2;;2;;2;;2;;2;;2;;2;;2;;66;12;66;454.74612594
6045643;1;2;1;90;2;;1;14;2;;2;;2;;2;;2;;2;;2;;2;;66;12;66;454.74612594
6045644;1;1;1;90;2;;1;20;2;;1;15;2;;2;;2;;2;;2;;2;;66;12;66;455.51539017
6045644;1;2;1;90;2;;1;25;2;;2;;2;;2;;2;;2;;2;;2;;66;12;66;455.51539017
6045644;1;4;1;90;2;;1;6;2;;1;16;2;;2;;2;;2;;2;;2;;66;12;66;455.51539017
6045645;1;1;1;90;2;;1;10;2;;2;;2;;2;;2;;2;;2;;2;;66;12;66;509.52337088
6045645;1;2;1;90;2;;1;30;2;;1;30;2;;2;;2;;2;;2;;2;;66;12;66;509.52337088
6045646;1;1;1;90;2;;1;15;2;;2;;2;;2;;2;;2;;2;;1;4;66;12;66;453.72488047
6045646;1;2;1;90;2;;1;10;2;;2;;2;;2;;2;;2;;2;;2;;66;12;66;453.72488047
6045647;1;1;1;90;2;;1;15;2;;2;;2;;2;;2;;2;;2;;2;;66;12;66;436.19194982
6045648;1;1;1;90;2;;2;;2;;2;;2;;2;;2;;2;;2;;2;;66;12;66;261.52556371
6045648;1;2;1;90;2;;1;14;2;;2;;2;;2;;2;;2;;2;;2;;66;12;66;261.52556371
6045648;1;3;1;90;2;;2;;2;;2;;2;;2;;1;12;2;;2;;2;;66;12;66;261.52556371
6045648;1;4;1;90;2;;2;;2;;2;;2;;2;;2;;2;;2;;2;;66;12;66;261.52556371
6045652;1;1;1;90;2;;1;10;2;;2;;2;;2;;2;;2;;2;;2;;66;12;66;348.4157793
6045653;1;1;1;90;2;;1;36;2;;1;10;2;;2;;2;;2;;2;;2;;66;12;66;392.76628511
6045653;1;2;1;90;2;;1;10;2;;1;10;2;;2;;2;;2;;2;;2;;66;12;66;392.76628511
6045654;1;1;1;90;2;;1;14;2;;2;;2;;2;;2;;2;;2;;2;;66;12;66;305.21052346
6045654;1;2;1;90;2;;1;28;2;;2;;2;;2;;2;;2;;2;;2;;66;12;66;305.21052346
6045655;1;1;1;90;2;;2;;2;;2;;2;;2;;2;;2;;2;;2;;66;12;66;352.59003797
6045655;1;2;1;90;2;;1;20;2;;2;;2;;2;;2;;2;;2;;2;;66;12;66;352.59003797
6045656;1;1;1;90;2;;1;12;2;;2;;2;;2;;2;;2;;2;;2;;66;12;66;389.80210839
6045656;1;2;1;90;2;;1;30;2;;2;;2;;2;;2;;2;;2;;2;;66;12;66;389.80210839
6045661;1;1;1;90;2;;1;16;2;;2;;2;;2;;2;;2;;2;;2;;66;12;66;386.66938152
6045661;1;2;1;90;2;;1;5;2;;2;;2;;2;;2;;2;;2;;2;;66;12;66;386.66938152
6045661;1;3;1;90;2;;1;15;2;;2;;2;;2;;2;;2;;2;;2;;66;12;66;386.66938152
6045661;1;4;1;90;2;;2;;2;;2;;2;;2;;2;;2;;2;;2;;66;12;66;386.66938152
6045661;1;5;1;90;2;;2;;2;;1;25;2;;2;;2;;2;;2;;2;;66;12;66;386.66938152
6045662;1;1;1;90;2;;1;10;2;;2;;2;;2;;2;;2;;2;;2;;66;12;66;472.2790566
6045662;1;2;1;90;2;;1;29;2;;2;;2;;2;;2;;2;;2;;2;;66;12;66;472.2790566
6045662;1;3;1;90;2;;1;10;2;;2;;2;;2;;2;;2;;2;;2;;66;12;66;472.2790566
6045663;1;1;1;90;2;;1;10;2;;2;;2;;2;;2;;2;;2;;2;;66;12;66;501.25997186
6045663;1;2;1;90;2;;1;10;2;;2;;2;;2;;2;;2;;2;;2;;66;12;66;501.25997186
6045663;1;3;1;90;2;;1;5;2;;2;;2;;2;;2;;2;;2;;2;;66;12;66;501.25997186
6045664;1;1;1;90;2;;1;10;2;;2;;2;;2;;2;;2;;2;;2;;66;12;66;429.71906049
6045664;1;2;1;90;2;;1;10;2;;2;;2;;2;;2;;2;;2;;2;;66;12;66;429.71906049
6045664;1;3;1;90;2;;1;20;2;;2;;2;;2;;2;;2;;2;;2;;66;12;66;429.71906049
6045665;1;1;1;90;2;;2;;2;;2;;2;;2;;2;;2;;2;;2;;66;12;66;472.2790566
6045665;1;2;1;90;2;;1;14;2;;2;;2;;2;;2;;2;;2;;2;;66;12;66;472.2790566
6045665;1;3;1;90;2;;2;;2;;2;;2;;2;;2;;2;;2;;2;;66;12;66;472.2790566
6045667;1;1;1;90;2;;1;10;2;;2;;2;;2;;2;;2;;2;;2;;66;12;66;407.87658062
6045667;1;2;1;90;2;;1;30;2;;2;;2;;2;;2;;2;;2;;2;;66;12;66;407.87658062
6045667;1;3;1;90;2;;1;24;2;;2;;2;;2;;2;;2;;2;;2;;66;12;66;407.87658062
6045667;1;4;1;90;2;;1;21;2;;2;;2;;2;;2;;2;;2;;2;;66;12;66;407.87658062
6045668;1;1;1;90;2;;1;40;2;;2;;2;;2;;2;;2;;2;;2;;66;12;66;348.4157793
6045670;1;1;1;90;2;;1;40;2;;2;;1;20;2;;2;;2;;2;;2;;66;12;66;363.78536986
6045670;1;2;1;90;2;;1;2;2;;2;;2;;2;;2;;2;;2;;2;;66;12;66;363.78536986
6045671;1;1;1;90;2;;1;10;2;;2;;2;;2;;2;;2;;2;;2;;66;12;66;433.00736424
6045672;1;1;1;90;2;;1;20;2;;2;;2;;2;;2;;2;;2;;2;;66;12;66;388.67714475
6045672;1;2;1;90;2;;1;20;2;;2;;2;;2;;2;;2;;2;;2;;66;12;66;388.67714475
6045672;1;3;1;90;2;;2;;2;;2;;2;;2;;2;;2;;2;;2;;66;12;66;388.67714475
6045672;1;4;1;90;2;;1;4;2;;2;;2;;2;;1;4;2;;2;;1;2;66;12;66;388.67714475
6045673;1;1;1;90;2;;1;2;2;;1;2;2;;2;;2;;2;;2;;2;;66;12;66;458.69997575
6045673;1;2;1;90;2;;1;40;2;;1;8;2;;2;;2;;2;;2;;2;;66;12;66;458.69997575
6045673;1;3;1;90;2;;1;2;2;;2;;2;;2;;2;;2;;2;;2;;66;12;66;458.69997575
6045674;1;1;1;90;2;;1;18;2;;2;;2;;2;;2;;2;;2;;2;;66;12;66;436.19194982
6045675;1;1;1;90;2;;1;5;2;;1;5;2;;2;;2;;2;;2;;2;;66;12;66;470.75676635
6045675;1;2;1;90;2;;1;38;2;;1;15;2;;2;;2;;2;;2;;2;;66;12;66;470.75676635
6045677;1;1;1;90;2;;1;10;2;;1;21;2;;2;;2;;2;;2;;2;;66;12;66;480.54245562
6045677;1;2;1;90;2;;1;30;2;;1;30;2;;2;;2;;2;;2;;2;;66;12;66;480.54245562
6045678;1;1;1;90;2;;1;10;2;;2;;2;;2;;2;;2;;2;;2;;66;12;66;451.56154037
6045678;1;2;1;90;2;;1;28;2;;2;;2;;2;;2;;2;;2;;2;;66;12;66;451.56154037
6045679;1;1;1;90;2;;1;28;2;;2;;2;;2;;2;;2;;2;;2;;66;12;66;453.72488047
6045679;1;2;1;90;2;;1;10;2;;2;;2;;2;;2;;2;;2;;2;;66;12;66;453.72488047
6045680;1;1;1;90;2;;1;30;2;;2;;2;;2;;2;;2;;2;;2;;66;12;66;429.71906049
6045680;1;2;1;90;2;;1;10;2;;2;;2;;2;;2;;2;;2;;2;;66;12;66;429.71906049
6045680;1;3;1;90;2;;1;10;2;;2;;2;;2;;2;;2;;2;;2;;66;12;66;429.71906049
6045681;1;1;1;90;2;;1;26;2;;2;;2;;2;;2;;2;;2;;2;;66;12;66;359.37210247
6045681;1;2;1;90;2;;2;;2;;2;;2;;2;;2;;2;;2;;2;;66;12;66;359.37210247
6045681;1;3;1;90;2;;1;15;2;;2;;2;;2;;2;;2;;2;;2;;66;12;66;359.37210247
6045681;1;4;1;90;2;;1;16;2;;2;;2;;2;;2;;2;;2;;2;;66;12;66;359.37210247
6045681;1;5;1;90;2;;1;12;2;;2;;2;;2;;2;;2;;2;;2;;66;12;66;359.37210247
6045681;1;6;1;90;2;;2;;2;;2;;2;;2;;2;;2;;2;;2;;66;12;66;359.37210247
6045682;1;1;1;90;2;;1;10;2;;2;;2;;2;;2;;2;;2;;2;;66;12;66;445.08865104
6045682;1;2;1;90;2;;1;30;2;;2;;1;25;2;;2;;2;;2;;2;;66;12;66;445.08865104
6045682;1;3;1;90;2;;1;10;2;;2;;2;;2;;2;;2;;2;;2;;66;12;66;445.08865104
6045682;1;4;1;90;2;;1;15;2;;2;;2;;2;;2;;2;;2;;2;;66;12;66;445.08865104
6045683;1;1;1;90;2;;2;;2;;2;;2;;2;;2;;2;;2;;2;;66;12;66;507.96883678
6045683;1;2;1;90;2;;1;14;2;;1;14;2;;2;;2;;2;;2;;2;;66;12;66;507.96883678
6045684;1;1;1;90;2;;1;18;2;;2;;2;;2;;2;;2;;2;;2;;66;12;66;366.96995543
6045684;1;2;1;90;2;;1;24;2;;2;;2;;2;;2;;2;;2;;2;;66;12;66;366.96995543
6045685;1;1;1;90;2;;2;;2;;2;;2;;2;;2;;2;;2;;2;;66;12;66;344.48221582
6045685;1;2;1;90;2;;1;21;2;;2;;2;;2;;2;;2;;2;;2;;66;12;66;344.48221582
6045685;1;3;1;90;2;;2;;2;;2;;2;;2;;2;;2;;2;;2;;66;12;66;344.48221582
6045685;1;4;1;90;2;;2;;2;;2;;2;;2;;2;;2;;2;;2;;66;12;66;344.48221582
6045686;1;1;1;90;2;;1;20;2;;2;;2;;2;;2;;2;;2;;2;;66;12;66;348.4157793
6045687;1;1;1;90;2;;1;15;2;;1;25;2;;2;;2;;2;;2;;2;;66;12;66;499.09663175
6045687;1;2;1;90;2;;2;;2;;1;16;2;;2;;2;;2;;2;;2;;66;12;66;499.09663175
6045687;1;4;1;90;2;;2;;2;;2;;2;;2;;2;;2;;2;;2;;66;12;66;499.09663175
6045691;1;1;1;90;2;;1;14;2;;1;12;1;28;2;;2;;2;;2;;2;;66;12;66;348.43606562
6045691;1;2;1;90;2;;1;14;2;;2;;2;;2;;2;;2;;2;;2;;66;12;66;348.43606562
6045691;1;3;1;90;2;;2;;2;;2;;2;;2;;2;;2;;2;;2;;66;12;66;348.43606562
6045691;1;4;1;90;2;;1;12;2;;2;;1;12;2;;2;;2;;2;;2;;66;12;66;348.43606562
6045691;1;6;1;90;2;;2;;2;;2;;2;;2;;2;;2;;2;;2;;66;12;66;348.43606562
6045694;1;1;1;90;2;;2;;2;;2;;2;;2;;2;;2;;2;;2;;66;12;66;454.65953876
6045694;1;2;1;90;2;;1;2;2;;2;;2;;2;;2;;2;;2;;2;;66;12;66;454.65953876
6045694;1;3;1;90;2;;2;;2;;2;;2;;2;;2;;2;;2;;2;;66;12;66;454.65953876
6045694;1;4;1;90;2;;1;6;2;;2;;2;;2;;2;;2;;2;;2;;66;12;66;454.65953876
6045694;1;5;1;90;2;;1;20;2;;2;;2;;2;;2;;2;;2;;2;;66;12;66;454.65953876
6045694;1;6;1;90;2;;1;15;2;;2;;2;;2;;2;;2;;2;;2;;66;12;66;454.65953876
6045695;1;1;1;90;2;;1;14;2;;2;;2;;2;;2;;2;;2;;2;;68;12;68;532.52127606
6045695;1;2;1;90;2;;1;5;2;;2;;2;;2;;2;;2;;2;;2;;68;12;68;532.52127606
6045696;1;1;1;90;2;;2;;2;;2;;2;;2;;2;;2;;2;;2;;68;12;68;768.90888789
6045696;1;2;1;90;2;;1;20;2;;1;40;2;;2;;2;;2;;2;;2;;68;12;68;768.90888789
6045696;1;3;1;90;2;;1;4;2;;1;12;2;;2;;2;;2;;2;;2;;68;12;68;768.90888789
6045697;1;1;1;90;2;;2;;2;;2;;2;;2;;2;;2;;2;;2;;68;12;68;539.28369629
6045697;1;2;1;90;2;;2;;2;;2;;2;;2;;1;15;2;;2;;2;;68;12;68;539.28369629
6045697;1;3;1;90;2;;1;24;2;;2;;2;;2;;2;;2;;2;;2;;68;12;68;539.28369629
6045697;1;4;1;90;2;;1;5;2;;2;;2;;2;;2;;2;;2;;2;;68;12;68;539.28369629
6045698;1;1;1;90;2;;2;;2;;2;;2;;2;;2;;2;;2;;2;;68;12;68;410.46202042
6045698;1;2;1;90;2;;1;48;2;;2;;2;;2;;2;;2;;2;;2;;68;12;68;410.46202042
6045698;1;3;1;90;2;;1;48;2;;2;;2;;2;;2;;2;;2;;2;;68;12;68;410.46202042
6045698;1;4;1;90;2;;1;14;2;;2;;2;;2;;2;;2;;2;;2;;68;12;68;410.46202042
6045698;1;5;1;90;2;;1;7;2;;2;;2;;2;;2;;2;;2;;2;;68;12;68;410.46202042
6045699;1;1;1;90;2;;1;3;2;;1;10;2;;2;;2;;2;;2;;2;;68;12;68;646.16257085
6045699;1;2;1;90;2;;1;12;2;;1;19;2;;2;;2;;2;;2;;2;;68;12;68;646.16257085
6045699;1;3;1;90;2;;1;3;2;;2;;2;;2;;2;;2;;2;;2;;68;12;68;646.16257085
6045700;1;1;1;90;2;;1;5;2;;2;;2;;2;;2;;2;;2;;2;;68;12;68;525.11537313
6045700;1;2;1;90;2;;1;14;2;;2;;2;;2;;2;;2;;2;;2;;68;12;68;525.11537313
6045701;1;1;1;90;2;;1;14;2;;1;12;2;;2;;2;;2;;2;;2;;68;12;68;518.25136437
6045701;1;2;1;90;2;;1;13;2;;1;28;2;;2;;2;;2;;2;;2;;68;12;68;518.25136437
6045701;1;4;1;90;2;;1;14;2;;1;14;2;;2;;2;;2;;2;;2;;68;12;68;518.25136437
6045702;1;1;1;90;2;;2;;2;;2;;2;;2;;2;;2;;2;;2;;68;12;68;710.63348227
6045702;1;2;1;90;2;;1;28;2;;1;18;2;;2;;2;;2;;2;;2;;68;12;68;710.63348227
6045703;1;1;1;90;2;;1;20;2;;2;;2;;2;;2;;2;;2;;2;;68;12;68;470.17485329
6045703;1;2;1;90;2;;1;12;2;;2;;2;;2;;2;;2;;2;;2;;68;12;68;470.17485329
6045703;1;3;1;90;2;;1;10;2;;2;;2;;2;;2;;2;;2;;2;;68;12;68;470.17485329
6045704;1;1;1;90;2;;2;;2;;2;;2;;2;;2;;2;;2;;2;;68;12;68;482.21868781
6045704;1;2;1;90;2;;1;48;2;;2;;2;;2;;2;;2;;2;;2;;68;12;68;482.21868781
6045704;1;3;1;90;2;;1;7;2;;2;;2;;2;;2;;2;;2;;2;;68;12;68;482.21868781
6045704;1;4;1;90;2;;2;;2;;2;;2;;2;;2;;2;;2;;2;;68;12;68;482.21868781
6045704;1;5;1;90;2;;1;7;2;;2;;2;;2;;2;;2;;2;;2;;68;12;68;482.21868781
6045705;1;1;1;90;2;;1;20;2;;2;;2;;2;;2;;2;;2;;2;;68;12;68;493.4923314
6045705;1;2;1;90;2;;1;3;2;;2;;2;;2;;2;;2;;2;;2;;68;12;68;493.4923314
6045706;1;1;1;90;2;;2;;2;;2;;2;;2;;2;;2;;2;;2;;68;12;68;640.46432104
6045706;1;2;1;90;2;;1;30;2;;1;18;2;;2;;2;;2;;2;;2;;68;12;68;640.46432104
6045707;1;1;1;90;2;;1;13;2;;1;10;2;;2;;1;17;2;;2;;2;;68;12;68;429.02141998
6045707;1;2;1;90;2;;2;;2;;2;;2;;2;;2;;2;;2;;2;;68;12;68;429.02141998
6045707;1;3;1;90;2;;1;10;2;;2;;2;;2;;2;;2;;2;;2;;68;12;68;429.02141998
6045708;1;1;1;90;2;;1;7;2;;1;7;2;;2;;2;;2;;2;;2;;68;12;68;566.46301804
6045708;1;2;1;90;2;;1;14;2;;1;7;2;;2;;2;;2;;2;;2;;68;12;68;566.46301804
6045708;1;3;1;90;2;;1;14;2;;1;7;2;;2;;2;;2;;2;;2;;68;12;68;566.46301804
6045709;1;1;1;90;2;;1;20;2;;2;;2;;2;;2;;2;;2;;2;;68;12;68;453.55291735
6045709;1;2;1;90;2;;1;6;2;;2;;2;;2;;2;;2;;2;;2;;68;12;68;453.55291735
6045709;1;3;1;90;2;;2;;2;;2;;2;;2;;2;;2;;2;;2;;68;12;68;453.55291735
6045710;1;1;1;90;2;;1;36;2;;2;;2;;2;;2;;2;;2;;2;;68;12;68;710.63348227
6045710;1;2;1;90;2;;1;8;2;;1;8;2;;2;;2;;2;;2;;2;;68;12;68;710.63348227
6045711;1;1;1;90;2;;1;20;2;;2;;2;;2;;2;;2;;2;;2;;68;12;68;428.11095059
6045711;1;2;1;90;2;;2;;2;;2;;2;;2;;2;;2;;2;;2;;68;12;68;428.11095059
6045711;1;3;1;90;2;;1;3;2;;2;;2;;2;;2;;2;;2;;2;;68;12;68;428.11095059
6045711;2;1;2;90;2;;1;10;2;;2;;2;;2;;2;;2;;2;;2;;68;12;68;428.11095059
6045712;1;1;1;90;2;;1;36;2;;2;;2;;2;;2;;2;;2;;2;;68;12;68;636.58804657
6045712;1;2;1;90;2;;1;14;2;;2;;2;;2;;2;;2;;2;;2;;68;12;68;636.58804657
6045712;1;3;1;90;2;;2;;2;;2;;2;;2;;2;;2;;2;;2;;68;12;68;636.58804657
6045712;1;4;1;90;2;;2;;2;;2;;2;;2;;2;;2;;2;;2;;68;12;68;636.58804657
6045712;1;5;1;90;2;;1;7;2;;2;;2;;2;;2;;2;;2;;2;;68;12;68;636.58804657
6045713;1;1;1;90;2;;1;8;2;;1;7;2;;2;;2;;2;;2;;2;;68;12;68;628.10093277
6045713;1;2;1;90;2;;1;6;2;;2;;2;;2;;2;;2;;2;;2;;68;12;68;628.10093277
6045713;1;4;1;90;2;;1;24;2;;2;;2;;2;;2;;2;;2;;2;;68;12;68;628.10093277
6045713;1;5;1;90;2;;1;5;2;;2;;2;;2;;2;;2;;2;;2;;68;12;68;628.10093277
6045713;1;6;1;90;2;;1;5;2;;1;6;2;;2;;2;;2;;2;;2;;68;12;68;628.10093277
6045713;1;7;1;90;2;;1;8;2;;2;;2;;2;;2;;2;;2;;2;;68;12;68;628.10093277
6045713;1;8;1;90;2;;1;8;2;;2;;2;;2;;2;;2;;2;;2;;68;12;68;628.10093277
6045713;1;10;1;90;2;;1;5;2;;2;;2;;2;;2;;2;;2;;2;;68;12;68;628.10093277
6045714;1;1;1;90;2;;2;;2;;2;;2;;2;;2;;2;;2;;2;;68;12;68;526.02584251
6045715;1;1;1;90;2;;1;24;2;;1;7;2;;2;;2;;2;;2;;2;;68;12;68;492.46171505
6045715;1;2;1;90;2;;1;7;2;;1;7;2;;2;;2;;2;;2;;2;;68;12;68;492.46171505
6045715;1;3;1;90;2;;1;7;2;;2;;2;;2;;2;;2;;2;;2;;68;12;68;492.46171505
6045715;1;4;1;90;2;;1;6;2;;2;;2;;2;;2;;2;;2;;2;;68;12;68;492.46171505
6045716;1;1;1;90;2;;1;12;2;;2;;2;;2;;2;;2;;2;;2;;68;12;68;467.13989525
6045716;1;2;1;90;2;;1;24;2;;2;;2;;2;;2;;2;;2;;2;;68;12;68;467.13989525
6045716;1;3;1;90;2;;1;12;2;;2;;2;;2;;2;;2;;2;;2;;68;12;68;467.13989525
6045716;1;4;1;90;2;;2;;2;;2;;2;;2;;2;;2;;2;;2;;68;12;68;467.13989525
6045717;1;1;1;90;2;;1;24;2;;2;;2;;2;;2;;2;;2;;2;;68;12;68;579.22311034
6045717;1;2;1;90;2;;1;12;2;;2;;2;;2;;2;;2;;2;;2;;68;12;68;579.22311034
6045717;1;3;1;90;2;;1;3;2;;2;;2;;2;;2;;2;;2;;2;;68;12;68;579.22311034
6045718;1;1;1;90;2;;1;14;2;;2;;2;;2;;2;;2;;2;;2;;68;12;68;483.84541498
6045718;2;1;2;90;2;;1;14;2;;2;;2;;2;;2;;2;;2;;2;;68;12;68;483.84541498
6045719;1;1;1;90;2;;1;4;2;;2;;2;;2;;2;;2;;2;;2;;68;12;68;525.11537313
6045719;1;2;1;90;2;;1;24;2;;1;14;2;;2;;2;;2;;2;;2;;68;12;68;525.11537313
6045720;1;1;1;90;2;;1;5;2;;2;;2;;2;;2;;2;;2;;2;;68;12;68;526.02584251
6045721;1;1;1;90;2;;1;14;2;;2;;2;;2;;2;;2;;2;;2;;68;12;68;586.62901327
6045721;1;2;1;90;2;;1;7;2;;2;;2;;2;;2;;2;;2;;2;;68;12;68;586.62901327
6045721;2;1;2;90;2;;1;12;2;;2;;2;;2;;2;;2;;2;;2;;68;12;68;586.62901327
6045722;1;1;1;90;2;;1;15;2;;2;;2;;2;;2;;2;;2;;2;;68;12;68;573.14775151
6045722;1;2;1;90;2;;2;;2;;2;;2;;2;;2;;2;;2;;2;;68;12;68;573.14775151
6045722;1;3;1;90;2;;1;24;2;;2;;2;;2;;2;;2;;2;;2;;68;12;68;573.14775151
6045722;1;4;1;90;2;;1;8;2;;2;;2;;2;;2;;2;;2;;2;;68;12;68;573.14775151
6045723;1;1;1;90;2;;1;30;2;;2;;1;24;2;;2;;2;;2;;2;;68;12;68;438.14492935
6045723;1;2;1;90;2;;1;5;2;;2;;2;;2;;2;;2;;2;;2;;68;12;68;438.14492935
6045723;1;3;1;90;2;;2;;2;;2;;2;;2;;2;;2;;2;;2;;68;12;68;438.14492935
6045723;1;5;1;90;2;;2;;2;;2;;2;;2;;2;;2;;2;;2;;68;12;68;438.14492935
6045723;1;6;1;90;2;;2;;2;;2;;2;;2;;2;;2;;2;;2;;68;12;68;438.14492935
6045723;1;7;1;90;2;;2;;2;;2;;2;;2;;2;;2;;2;;2;;68;12;68;438.14492935
6045724;1;1;1;90;2;;1;8;2;;2;;2;;2;;2;;2;;2;;2;;68;12;68;532.52127606
6045724;1;2;1;90;2;;1;30;2;;2;;2;;2;;2;;2;;2;;2;;68;12;68;532.52127606
6045725;1;1;1;90;2;;1;10;2;;2;;2;;2;;2;;2;;2;;2;;68;12;68;621.40353788
6045725;1;2;1;90;2;;1;28;2;;2;;2;;2;;2;;2;;2;;2;;68;12;68;621.40353788
6045726;1;1;1;90;2;;1;12;2;;1;14;2;;2;;2;;2;;2;;2;;68;12;68;542.96213703
6045727;1;1;1;90;2;;1;14;2;;1;14;2;;2;;2;;2;;2;;2;;68;12;68;630.93392946
6045727;1;3;1;90;2;;1;4;2;;1;7;2;;2;;2;;2;;2;;2;;68;12;68;630.93392946
6045728;1;1;1;90;2;;1;14;2;;2;;2;;2;;2;;2;;2;;2;;68;12;68;525.11537313
6045728;1;2;1;90;2;;1;24;2;;2;;2;;2;;2;;2;;2;;2;;68;12;68;525.11537313
6045729;1;1;1;90;2;;1;8;2;;1;14;2;;2;;2;;2;;2;;2;;68;12;68;587.88716523
6045729;2;1;2;90;2;;1;14;2;;2;;2;;2;;2;;2;;2;;2;;68;12;68;587.88716523
6045730;1;1;1;90;2;;1;12;2;;2;;2;;2;;2;;2;;2;;2;;68;12;68;621.40353788
6045730;1;2;1;90;2;;1;21;2;;2;;2;;2;;2;;2;;2;;2;;68;12;68;621.40353788
6045731;1;1;1;90;2;;1;12;2;;2;;2;;2;;2;;2;;2;;2;;68;12;68;621.40353788
6045731;1;2;1;90;2;;1;28;2;;2;;2;;2;;2;;2;;2;;2;;68;12;68;621.40353788
6045733;1;1;1;90;2;;1;4;2;;2;;2;;2;;2;;2;;2;;2;;76;12;76;931.62560519
6045733;1;2;1;90;2;;1;2;2;;2;;2;;2;;2;;2;;2;;2;;76;12;76;931.62560519
6045734;1;1;1;90;2;;1;2;2;;2;;2;;2;;2;;2;;2;;2;;76;12;76;1404.3657011
6045735;1;1;1;90;2;;1;5;2;;2;;2;;2;;2;;2;;2;;2;;76;12;76;725.99903763
6045735;1;2;1;90;2;;1;21;2;;2;;2;;2;;2;;2;;2;;2;;76;12;76;725.99903763
6045736;1;1;1;90;2;;1;5;2;;2;;2;;2;;2;;2;;2;;2;;76;12;76;725.99903763
6045736;1;2;1;90;2;;1;4;2;;2;;2;;2;;2;;2;;2;;2;;76;12;76;725.99903763
6045737;1;1;1;90;2;;1;8;2;;2;;2;;2;;2;;2;;2;;2;;76;12;76;1215.5882103
6045737;1;2;1;90;2;;1;12;2;;2;;2;;2;;2;;2;;2;;2;;76;12;76;1215.5882103
6045738;1;1;1;90;2;;1;14;2;;2;;2;;2;;2;;2;;2;;2;;76;12;76;1404.3657011
6045739;1;1;1;90;2;;1;6;2;;2;;2;;2;;2;;2;;2;;2;;76;12;76;1215.5882103
6045739;1;2;1;90;2;;1;7;2;;2;;2;;2;;2;;2;;2;;2;;76;12;76;1215.5882103
6045740;1;1;1;90;2;;2;;2;;2;;2;;2;;2;;2;;2;;2;;76;12;76;1215.5882103
6045740;1;2;1;90;2;;1;36;2;;1;12;2;;2;;2;;2;;2;;2;;76;12;76;1215.5882103
6045741;1;1;1;90;2;;1;14;2;;1;10;2;;2;;2;;2;;2;;2;;76;12;76;1578.3003606
6045742;1;1;1;90;2;;1;36;2;;1;12;2;;2;;2;;2;;2;;2;;76;12;76;1017.5898122
6045743;1;1;1;90;2;;2;;2;;2;;2;;2;;2;;1;15;2;;2;;76;12;76;1155.5296163
6045743;1;2;1;90;2;;1;21;2;;2;;2;;2;;2;;2;;2;;2;;76;12;76;1155.5296163
6045743;1;3;1;90;2;;2;;2;;2;;2;;2;;2;;2;;2;;2;;76;12;76;1155.5296163
6045743;1;4;1;90;2;;2;;2;;2;;2;;2;;2;;2;;2;;2;;76;12;76;1155.5296163
6045744;1;1;1;90;2;;1;2;2;;1;10;2;;2;;2;;2;;2;;2;;76;12;76;1629.3822032
6045744;1;2;1;90;2;;1;32;2;;1;45;2;;2;;2;;2;;2;;2;;76;12;76;1629.3822032
6045745;1;1;1;90;2;;2;;2;;2;;2;;2;;2;;2;;2;;2;;76;12;76;965.15938767
6045745;1;2;1;90;2;;1;42;2;;1;20;2;;2;;2;;2;;2;;2;;76;12;76;965.15938767
6045746;1;1;1;90;2;;1;2;2;;2;;2;;2;;2;;2;;2;;2;;76;12;76;965.15938767
6045746;1;2;1;90;2;;1;20;2;;2;;2;;2;;2;;2;;2;;2;;76;12;76;965.15938767
6045747;1;1;1;90;2;;1;1;2;;1;10;2;;2;;2;;2;;2;;2;;76;12;76;1712.6660357
6045747;1;2;1;90;2;;1;28;2;;1;35;2;;2;;2;;2;;2;;2;;76;12;76;1712.6660357
6045748;1;1;1;90;2;;2;;2;;2;;2;;2;;2;;2;;2;;2;;76;12;76;1440.6047124
6045748;1;2;1;90;2;;2;;2;;2;;2;;2;;2;;2;;2;;2;;76;12;76;1440.6047124
6045748;1;3;1;90;2;;2;;2;;2;;2;;2;;2;;2;;2;;2;;76;12;76;1440.6047124
6045846;1;1;1;90;2;;2;;2;;2;;2;;2;;2;;2;;2;;2;;17;12;17;170.0295217
6045846;1;2;1;90;2;;1;20;2;;2;;2;;2;;2;;2;;1;48;2;;17;12;17;170.0295217
6045847;1;1;1;90;2;;1;4;2;;1;10;2;;2;;2;;2;;2;;2;;17;12;17;302.09868732
6045847;1;3;1;90;2;;2;;2;;2;;2;;2;;2;;2;;2;;2;;17;12;17;302.09868732
6045847;1;4;1;90;2;;1;30;2;;1;20;2;;2;;2;;2;;2;;2;;17;12;17;302.09868732
6045848;1;1;1;90;2;;1;20;2;;1;30;2;;2;;2;;2;;2;;2;;17;12;17;297.73091388
6045848;1;2;1;90;2;;1;15;2;;2;;2;;2;;2;;2;;2;;2;;17;12;17;297.73091388
6045848;1;3;1;90;2;;2;;2;;2;;2;;2;;2;;2;;2;;2;;17;12;17;297.73091388
6045848;1;4;1;90;2;;1;14;2;;2;;2;;2;;2;;2;;2;;2;;17;12;17;297.73091388
6045849;1;1;1;90;2;;1;40;2;;2;;2;;2;;2;;2;;2;;2;;17;12;17;203.81122744
6045850;1;1;1;90;2;;2;;2;;2;;2;;2;;2;;2;;2;;2;;17;12;17;180.20955757
6045850;1;2;1;90;2;;2;;2;;2;;2;;2;;2;;2;;2;;2;;17;12;17;180.20955757
6045850;1;3;1;90;2;;1;35;2;;2;;1;40;2;;2;;2;;2;;2;;17;12;17;180.20955757
6045850;1;4;1;90;2;;1;5;2;;1;7;1;7;2;;2;;2;;2;;2;;17;12;17;180.20955757
6045850;1;5;1;90;2;;1;5;2;;2;;2;;2;;2;;2;;2;;2;;17;12;17;180.20955757
6045853;1;1;1;90;2;;2;;2;;2;;2;;2;;2;;2;;2;;2;;17;12;17;203.68417348
6045853;1;2;1;90;2;;1;25;2;;2;;2;;2;;2;;2;;2;;2;;17;12;17;203.68417348
6045853;1;3;1;90;2;;2;;2;;2;;2;;2;;2;;2;;2;;2;;17;12;17;203.68417348
6045853;1;4;1;90;2;;2;;2;;2;;2;;2;;2;;2;;2;;2;;17;12;17;203.68417348
6045855;1;1;1;90;2;;1;20;2;;2;;2;;2;;2;;2;;2;;2;;17;12;17;184.20681203
6045855;1;2;1;90;2;;2;;2;;2;;2;;2;;2;;2;;2;;2;;17;12;17;184.20681203
6045855;1;3;1;90;2;;1;15;2;;2;;2;;2;;2;;2;;2;;2;;17;12;17;184.20681203
6045857;1;1;1;90;2;;1;5;2;;2;;2;;2;;2;;2;;2;;2;;17;12;17;216.93209979
6045857;1;2;1;90;2;;1;20;2;;2;;2;;2;;2;;2;;2;;2;;17;12;17;216.93209979
6045859;1;1;1;90;2;;1;5;2;;2;;2;;2;;2;;2;;2;;2;;17;12;17;222.60394213
6045859;1;2;1;90;2;;1;35;2;;2;;1;25;2;;2;;2;;2;;2;;17;12;17;222.60394213
6045859;1;3;1;90;2;;2;;2;;2;;2;;2;;2;;2;;2;;2;;17;12;17;222.60394213
6045859;1;4;1;90;2;;2;;2;;2;;2;;2;;2;;2;;2;;2;;17;12;17;222.60394213
6045860;1;1;1;90;2;;1;58;2;;2;;2;;2;;2;;2;;2;;2;;17;12;17;230.05297214
6045860;1;2;1;90;2;;2;;2;;2;;2;;2;;2;;2;;2;;2;;17;12;17;230.05297214
6045860;1;3;1;90;2;;2;;2;;2;;2;;2;;2;;2;;2;;2;;17;12;17;230.05297214
6045862;1;1;1;90;2;;2;;2;;2;;2;;2;;2;;2;;2;;2;;17;12;17;181.26597554
6045862;1;2;1;90;2;;1;24;2;;2;;2;;2;;2;;2;;2;;2;;17;12;17;181.26597554
6045862;1;3;1;90;2;;1;10;2;;2;;2;;2;;2;;2;;2;;2;;17;12;17;181.26597554
6045862;1;4;1;90;2;;1;3;2;;2;;2;;2;;2;;2;;2;;2;;17;12;17;181.26597554
6045862;1;5;1;90;2;;2;;2;;2;;2;;2;;2;;2;;2;;2;;17;12;17;181.26597554
6045863;1;1;1;90;2;;1;20;2;;2;;2;;2;;2;;2;;2;;2;;17;12;17;180.89420434
6045863;1;2;1;90;2;;1;40;2;;2;;2;;2;;2;;2;;2;;2;;17;12;17;180.89420434
6045863;1;3;1;90;2;;2;;2;;2;;2;;2;;2;;2;;2;;2;;17;12;17;180.89420434
6045864;1;1;1;90;2;;1;5;2;;2;;2;;2;;2;;2;;2;;2;;17;12;17;168.97017005
6045864;1;2;1;90;2;;1;35;2;;2;;2;;2;;2;;2;;2;;2;;17;12;17;168.97017005
6045864;1;3;1;90;2;;2;;2;;2;;2;;2;;2;;2;;2;;2;;17;12;17;168.97017005
6045864;1;4;1;90;2;;1;10;2;;2;;2;;2;;2;;2;;2;;2;;17;12;17;168.97017005
6045865;1;1;1;90;2;;2;;2;;2;;2;;2;;2;;2;;2;;2;;17;12;17;399.44278177
6045865;1;2;1;90;2;;1;37;2;;2;;2;;2;;2;;2;;2;;2;;17;12;17;399.44278177
6045866;1;1;1;90;2;;1;40;2;;2;;2;;2;;2;;2;;2;;2;;17;12;17;375.58159207
6045866;1;2;1;90;2;;1;2;2;;2;;2;;2;;2;;2;;2;;2;;17;12;17;375.58159207
6045866;1;3;1;90;2;;1;5;2;;2;;2;;2;;2;;2;;2;;2;;17;12;17;375.58159207
6045866;1;4;1;90;2;;2;;2;;2;;2;;2;;2;;2;;2;;2;;17;12;17;375.58159207
6045866;1;5;1;90;2;;1;15;2;;2;;2;;2;;2;;2;;2;;2;;17;12;17;375.58159207
6045866;1;6;1;90;2;;1;5;2;;2;;2;;2;;2;;2;;2;;2;;17;12;17;375.58159207
6045867;1;1;1;90;2;;1;10;2;;2;;2;;2;;2;;2;;2;;2;;17;12;17;197.18726429
6045867;1;2;1;90;2;;1;20;2;;2;;2;;2;;2;;2;;2;;2;;17;12;17;197.18726429
6045868;1;1;1;90;2;;1;20;2;;2;;2;;2;;2;;2;;2;;2;;17;12;17;187.51816749
6045868;1;2;1;90;2;;1;45;2;;2;;2;;2;;2;;2;;2;;2;;17;12;17;187.51816749
6045869;1;1;1;90;2;;1;10;2;;2;;2;;2;;2;;2;;2;;2;;17;12;17;249.65738756
6045873;1;1;1;90;2;;1;6;2;;2;;2;;2;;2;;2;;2;;2;;17;12;17;369.22510297
6045873;1;2;1;90;2;;1;15;2;;2;;2;;2;;2;;2;;2;;2;;17;12;17;369.22510297
6045873;1;3;1;90;2;;2;;2;;2;;2;;2;;2;;2;;2;;2;;17;12;17;369.22510297
6045873;1;5;1;90;2;;2;;2;;2;;2;;2;;2;;2;;2;;2;;17;12;17;369.22510297
6045873;1;6;1;90;2;;1;7;2;;2;;2;;2;;2;;2;;2;;2;;17;12;17;369.22510297
6045873;1;7;1;90;2;;1;7;2;;2;;2;;2;;2;;2;;2;;2;;17;12;17;369.22510297
6045874;1;1;1;90;2;;1;24;2;;2;;2;;2;;2;;2;;2;;2;;17;12;17;261.95319305
6045874;1;2;1;90;2;;2;;2;;2;;2;;2;;2;;2;;2;;2;;17;12;17;261.95319305
6045875;1;1;1;90;2;;2;;2;;2;;2;;2;;2;;2;;2;;2;;17;12;17;280.71788539
6045875;1;2;1;90;2;;1;3;2;;2;;2;;2;;2;;2;;2;;2;;17;12;17;280.71788539
6045875;1;5;1;90;2;;2;;2;;2;;2;;2;;2;;2;;2;;2;;17;12;17;280.71788539
6045876;1;1;1;90;2;;1;10;2;;2;;2;;2;;2;;2;;2;;2;;17;12;17;202.75480947
6045877;1;1;1;90;2;;1;48;2;;2;;2;;2;;2;;2;;2;;2;;17;12;17;168.97310372
6045877;1;2;1;90;2;;1;48;2;;2;;2;;2;;2;;2;;2;;2;;17;12;17;168.97310372
6045878;1;1;1;90;2;;1;10;2;;2;;2;;2;;2;;2;;2;;2;;17;12;17;187.51816749
6045878;1;2;1;90;2;;1;30;2;;2;;2;;2;;2;;2;;2;;2;;17;12;17;187.51816749
6045879;1;1;1;90;2;;1;20;2;;2;;2;;2;;2;;2;;2;;2;;17;12;17;215.05061496
6045879;1;2;1;90;2;;1;35;2;;2;;2;;2;;2;;2;;2;;2;;17;12;17;215.05061496
6045880;1;1;1;90;2;;1;20;2;;2;;2;;2;;2;;2;;2;;2;;17;12;17;203.81122744
6045881;1;1;1;90;2;;1;3;2;;2;;2;;2;;2;;2;;2;;2;;17;12;17;221.29987323
6045882;1;1;1;90;2;;2;;2;;1;5;2;;2;;2;;2;;2;;2;;17;12;17;203.11862645
6045882;1;2;1;90;2;;1;30;2;;2;;2;;2;;2;;2;;2;;2;;17;12;17;203.11862645
6045882;1;3;1;90;2;;2;;2;;2;;2;;2;;2;;2;;2;;2;;17;12;17;203.11862645
6045882;1;4;1;90;2;;1;30;2;;1;30;2;;2;;2;;2;;2;;2;;17;12;17;203.11862645
6045883;1;1;1;90;2;;1;24;2;;2;;2;;2;;2;;2;;2;;2;;17;12;17;171.08593967
6045883;1;2;1;90;2;;1;4;2;;2;;2;;2;;2;;2;;2;;2;;17;12;17;171.08593967
6045884;1;1;1;90;2;;1;20;2;;2;;2;;2;;2;;2;;2;;2;;17;12;17;249.65738756
6045885;1;1;1;90;2;;1;10;2;;2;;2;;2;;2;;2;;2;;2;;17;12;17;188.57458546
6045885;1;2;1;90;2;;1;35;2;;2;;2;;2;;2;;2;;2;;2;;17;12;17;188.57458546
6045886;1;1;1;90;2;;1;30;2;;2;;2;;2;;2;;2;;2;;2;;17;12;17;351.11703504
6045887;1;1;1;90;2;;1;48;2;;2;;2;;2;;2;;2;;2;;2;;17;12;17;172.28152551
6045887;1;2;1;90;2;;2;;2;;2;;2;;2;;2;;2;;2;;2;;17;12;17;172.28152551
6045887;1;3;1;90;2;;2;;2;;2;;2;;2;;2;;2;;2;;2;;17;12;17;172.28152551
6045888;1;1;1;90;2;;1;35;2;;2;;2;;2;;2;;2;;2;;2;;17;12;17;215.05061496
6045888;1;2;1;90;2;;2;;2;;2;;2;;2;;2;;2;;2;;2;;17;12;17;215.05061496
6045889;1;1;1;90;2;;1;10;2;;2;;2;;2;;2;;2;;2;;2;;17;12;17;249.65738756
6045890;1;1;1;90;2;;1;7;2;;1;16;2;;2;;2;;2;;2;;2;;17;12;17;252.13697417
6045890;1;2;1;90;2;;1;7;2;;1;15;2;;2;;2;;2;;2;;2;;17;12;17;252.13697417
6045891;1;1;1;90;2;;1;5;2;;2;;2;;2;;2;;2;;2;;2;;17;12;17;194.24642781
6045891;1;2;1;90;2;;1;30;2;;2;;2;;2;;2;;2;;2;;2;;17;12;17;194.24642781
6045891;1;3;1;90;2;;1;4;2;;2;;2;;2;;2;;2;;2;;2;;17;12;17;194.24642781
6045891;1;4;1;90;2;;1;3;2;;2;;2;;2;;2;;2;;2;;2;;17;12;17;194.24642781
6045892;1;1;1;90;2;;1;7;2;;2;;2;;2;;2;;2;;2;;2;;17;12;17;216.93209979
6045892;1;2;1;90;2;;1;7;2;;2;;2;;2;;2;;2;;2;;2;;17;12;17;216.93209979
6045893;1;1;1;90;2;;1;7;2;;1;16;2;;2;;2;;2;;2;;2;;17;12;17;284.86226193
6045894;1;1;1;90;2;;1;10;2;;2;;2;;2;;2;;2;;2;;2;;17;12;17;229.22790529
6045894;1;2;1;90;2;;1;12;2;;2;;2;;2;;2;;2;;2;;2;;17;12;17;229.22790529
6045894;1;3;1;90;2;;1;3;2;;2;;2;;2;;2;;2;;2;;2;;17;12;17;229.22790529
6045895;1;1;1;90;2;;1;30;2;;2;;2;;2;;2;;2;;2;;2;;17;12;17;182.09397607
6045895;1;2;1;90;2;;1;10;2;;2;;2;;2;;2;;2;;2;;2;;17;12;17;182.09397607
6045895;1;3;1;90;2;;1;7;2;;2;;2;;2;;2;;2;;2;;2;;17;12;17;182.09397607
6045896;1;1;1;90;2;;1;4;2;;2;;2;;2;;2;;2;;2;;2;;17;12;17;245.51301101
6045896;1;2;1;90;2;;1;60;2;;2;;2;;2;;2;;2;;2;;2;;17;12;17;245.51301101
6045896;1;3;1;90;2;;1;3;2;;2;;2;;2;;2;;2;;2;;2;;17;12;17;245.51301101
6045897;1;1;1;90;2;;1;7;2;;2;;2;;2;;2;;2;;2;;2;;17;12;17;216.10703294
6045897;1;2;1;90;2;;1;5;2;;2;;2;;2;;2;;2;;2;;2;;17;12;17;216.10703294
6045898;1;1;1;90;2;;2;;2;;2;;2;;2;;2;;2;;2;;2;;17;12;17;203.68417348
6045898;1;2;1;90;2;;1;40;2;;2;;2;;2;;2;;2;;2;;2;;17;12;17;203.68417348
6045898;1;3;1;90;2;;1;5;2;;2;;2;;2;;2;;2;;2;;2;;17;12;17;203.68417348
6045898;1;4;1;90;2;;1;4;2;;2;;2;;2;;2;;2;;2;;2;;17;12;17;203.68417348
6045899;1;1;1;90;2;;1;50;2;;2;;2;;2;;2;;2;;2;;2;;17;12;17;317.3353293
6045899;1;2;1;90;2;;1;5;2;;2;;2;;2;;2;;2;;2;;2;;17;12;17;317.3353293
6045900;1;1;1;90;2;;1;40;2;;1;30;2;;2;;2;;2;;2;;2;;17;12;17;187.51816749
6045900;1;2;1;90;2;;1;5;2;;2;;2;;2;;2;;2;;2;;2;;17;12;17;187.51816749
6045901;1;1;1;90;2;;1;4;2;;2;;2;;2;;2;;2;;2;;2;;17;12;17;187.51816749
6045901;1;2;1;90;2;;1;30;2;;2;;2;;2;;2;;2;;2;;2;;17;12;17;187.51816749
6045902;1;1;1;90;2;;1;4;2;;2;;2;;2;;2;;2;;2;;2;;17;12;17;222.60394213
6045902;1;2;1;90;2;;1;60;2;;2;;2;;2;;2;;2;;2;;2;;17;12;17;222.60394213
6045902;1;3;1;90;2;;2;;2;;2;;2;;2;;2;;2;;2;;2;;17;12;17;222.60394213
6045902;1;4;1;90;2;;1;20;2;;2;;2;;2;;2;;2;;2;;2;;17;12;17;222.60394213
6045903;1;1;1;90;2;;1;4;2;;2;;2;;2;;2;;2;;2;;2;;17;12;17;230.27636904
6045903;1;2;1;90;2;;1;30;2;;2;;2;;2;;2;;2;;2;;2;;17;12;17;230.27636904
6045903;1;3;1;90;2;;2;;2;;2;;2;;2;;2;;2;;2;;2;;17;12;17;230.27636904
6045903;1;5;1;90;2;;1;5;2;;2;;2;;2;;2;;2;;2;;2;;17;12;17;230.27636904
6045904;1;1;1;90;2;;1;20;2;;2;;2;;2;;2;;2;;2;;2;;17;12;17;213.99126331
6045904;1;2;1;90;2;;1;50;2;;2;;2;;2;;2;;2;;2;;2;;17;12;17;213.99126331
6045904;1;3;1;90;2;;1;4;2;;2;;2;;2;;2;;2;;2;;2;;17;12;17;213.99126331
6045904;1;4;1;90;2;;2;;2;;2;;2;;2;;2;;2;;2;;2;;17;12;17;213.99126331
6045905;1;1;1;90;2;;1;38;2;;2;;2;;2;;2;;2;;2;;2;;17;12;17;188.82223639
6045905;1;2;1;90;2;;2;;2;;2;;2;;2;;2;;2;;2;;2;;17;12;17;188.82223639
6045905;1;3;1;90;2;;1;10;2;;2;;2;;2;;2;;2;;2;;2;;17;12;17;188.82223639
6045905;1;4;1;90;2;;2;;2;;2;;2;;2;;2;;2;;2;;2;;17;12;17;188.82223639
6045905;1;5;1;90;2;;1;10;2;;2;;2;;2;;2;;2;;2;;2;;17;12;17;188.82223639
6045906;1;1;1;90;2;;1;20;2;;2;;2;;2;;2;;2;;2;;2;;17;12;17;168.97310372
6045906;1;2;1;90;2;;1;10;2;;2;;2;;2;;2;;2;;2;;2;;17;12;17;168.97310372
6045907;1;1;1;90;2;;1;45;2;;2;;2;;2;;2;;2;;2;;2;;17;12;17;216.93209979
6045907;1;2;1;90;2;;2;;2;;2;;2;;2;;2;;2;;2;;2;;17;12;17;216.93209979
6045908;1;1;1;90;2;;1;25;2;;2;;2;;2;;2;;2;;2;;2;;17;12;17;215.87568182
6045908;1;2;1;90;2;;2;;2;;2;;2;;2;;2;;2;;2;;2;;17;12;17;215.87568182
6045909;1;1;1;90;2;;2;;2;;2;;2;;2;;2;;2;;2;;2;;17;12;17;180.89420434
6045909;1;2;1;90;2;;1;30;2;;2;;2;;2;;2;;2;;2;;2;;17;12;17;180.89420434
6045909;1;3;1;90;2;;2;;2;;2;;2;;2;;2;;2;;2;;2;;17;12;17;180.89420434
6045910;1;1;1;90;2;;2;;2;;2;;2;;2;;2;;2;;2;;2;;17;12;17;210.30813664
6045910;1;2;1;90;2;;1;35;2;;2;;2;;2;;2;;2;;2;;2;;17;12;17;210.30813664
6045910;1;3;1;90;2;;2;;2;;2;;2;;2;;2;;2;;2;;2;;17;12;17;210.30813664
6045911;1;1;1;90;2;;1;20;2;;2;;2;;2;;2;;2;;2;;2;;17;12;17;205.23439607
6045911;1;3;1;90;2;;1;30;2;;2;;2;;2;;2;;2;;2;;2;;17;12;17;205.23439607
6045912;1;1;1;90;2;;1;20;2;;2;;2;;2;;2;;2;;2;;2;;17;12;17;234.42074558
6045912;1;2;1;90;2;;1;10;2;;2;;2;;2;;2;;2;;2;;2;;17;12;17;234.42074558
6045913;1;1;1;90;2;;1;14;2;;1;10;2;;2;;2;;2;;2;;2;;17;12;17;252.13697417
6045913;1;2;1;90;2;;1;20;2;;1;10;2;;2;;2;;2;;2;;2;;17;12;17;252.13697417
6045914;1;1;1;90;2;;2;;2;;2;;2;;2;;2;;2;;2;;2;;17;12;17;221.29987323
6045915;1;1;1;90;2;;1;40;2;;1;10;2;;2;;2;;2;;2;;2;;17;12;17;232.39213866
6045915;1;2;1;90;2;;1;6;2;;2;;2;;2;;2;;2;;2;;2;;17;12;17;232.39213866
6045916;1;1;1;90;2;;1;7;2;;2;;2;;2;;2;;2;;2;;1;4;17;12;17;187.51816749
6045916;1;2;1;90;2;;1;10;2;;2;;2;;2;;2;;2;;2;;2;;17;12;17;187.51816749
6045917;1;1;1;90;2;;1;20;2;;1;15;2;;2;;2;;2;;2;;2;;17;12;17;351.11703504
6045918;1;1;1;90;2;;1;10;2;;2;;2;;2;;2;;2;;2;;2;;17;12;17;216.93209979
6045918;1;2;1;90;2;;2;;2;;2;;2;;2;;2;;2;;2;;2;;17;12;17;216.93209979
6045919;1;1;1;90;2;;1;16;2;;2;;2;;2;;2;;2;;2;;2;;17;12;17;209.48306978
6045919;1;2;1;90;2;;1;3;2;;2;;2;;2;;2;;2;;2;;2;;17;12;17;209.48306978
6045919;1;3;1;90;2;;1;3;2;;2;;2;;2;;2;;2;;2;;2;;17;12;17;209.48306978
6045920;1;1;1;90;2;;1;20;2;;2;;2;;2;;2;;2;;2;;2;;17;12;17;203.81122744
6045921;1;1;1;90;2;;2;;2;;2;;2;;2;;2;;2;;2;;2;;17;12;17;187.51816749
6045921;1;2;1;90;2;;1;28;2;;2;;2;;2;;2;;2;;2;;2;;17;12;17;187.51816749
6045922;1;1;1;90;2;;1;30;2;;2;;2;;2;;2;;2;;2;;2;;17;12;17;216.93209979
6045922;1;2;1;90;2;;2;;2;;2;;2;;2;;2;;2;;2;;2;;17;12;17;216.93209979
6045923;1;1;1;90;2;;2;;2;;2;;2;;2;;2;;2;;2;;2;;17;12;17;242.34877764
6045923;1;2;1;90;2;;1;24;2;;2;;2;;2;;2;;2;;2;;2;;17;12;17;242.34877764
6045923;1;3;1;90;2;;2;;2;;2;;2;;2;;2;;2;;2;;2;;17;12;17;242.34877764
6045923;1;4;1;90;2;;2;;2;;2;;2;;2;;2;;2;;2;;2;;17;12;17;242.34877764
6045924;1;1;1;90;2;;1;14;2;;2;;2;;2;;2;;2;;2;;2;;17;12;17;203.81122744
6045925;1;1;1;90;2;;1;3;2;;2;;2;;2;;2;;2;;2;;2;;17;12;17;221.29987323
6045926;1;1;1;90;2;;1;7;2;;2;;2;;2;;2;;2;;2;;2;;17;12;17;239.01610182
6045927;1;1;1;90;2;;2;;2;;2;;2;;2;;2;;2;;2;;2;;17;12;17;167.08868522
6045927;1;2;1;90;2;;1;10;2;;2;;2;;2;;2;;2;;2;;2;;17;12;17;167.08868522
6045927;1;3;1;90;2;;1;7;2;;2;;2;;2;;2;;2;;2;;2;;17;12;17;167.08868522
6045927;1;4;1;90;2;;2;;2;;2;;2;;2;;2;;2;;2;;2;;17;12;17;167.08868522
6045928;1;1;1;90;2;;2;;2;;2;;2;;2;;2;;2;;2;;2;;17;12;17;399.44278177
6045928;1;2;1;90;2;;1;25;2;;2;;2;;2;;2;;2;;2;;2;;17;12;17;399.44278177
6045929;1;1;1;90;2;;1;20;2;;2;;2;;2;;2;;2;;2;;2;;17;12;17;135.19139798
6045929;1;2;1;90;2;;1;5;2;;2;;2;;2;;2;;2;;2;;2;;17;12;17;135.19139798
6045929;1;3;1;90;2;;1;35;2;;2;;2;;2;;2;;2;;2;;2;;17;12;17;135.19139798
6045930;1;1;1;90;2;;1;30;2;;2;;2;;2;;2;;2;;2;;2;;17;12;17;216.10703294
6045930;1;2;1;90;2;;2;;2;;2;;2;;2;;2;;2;;2;;2;;17;12;17;216.10703294
6045931;1;1;1;90;2;;2;;2;;2;;2;;2;;2;;2;;2;;2;;17;12;17;200.87039096
6045931;1;2;1;90;2;;1;50;2;;2;;2;;2;;2;;2;;2;;2;;17;12;17;200.87039096
6045931;1;3;1;90;2;;2;;2;;2;;2;;2;;2;;2;;2;;2;;17;12;17;200.87039096
6045932;1;1;1;90;2;;1;30;2;;2;;2;;2;;2;;2;;2;;2;;17;12;17;170.0295217
6045932;1;2;1;90;2;;2;;2;;2;;2;;2;;2;;2;;2;;2;;17;12;17;170.0295217
6045933;1;1;1;90;2;;2;;2;;2;;2;;2;;2;;2;;2;;2;;17;12;17;179.97820645
6045933;1;2;1;90;2;;1;45;2;;2;;2;;2;;2;;2;;2;;2;;17;12;17;179.97820645
6045933;1;3;1;90;2;;2;;2;;2;;2;;2;;2;;2;;2;;2;;17;12;17;179.97820645
6045933;1;4;1;90;2;;2;;2;;2;;2;;2;;2;;2;;2;;2;;17;12;17;179.97820645
6045933;1;5;1;90;2;;2;;2;;2;;2;;2;;2;;2;;2;;2;;17;12;17;179.97820645
6045934;1;1;1;90;2;;2;;2;;2;;2;;2;;2;;2;;2;;2;;17;12;17;188.57458546
6045934;1;2;1;90;2;;1;45;2;;2;;2;;2;;2;;2;;2;;2;;17;12;17;188.57458546
6045935;1;1;1;90;2;;1;20;2;;2;;2;;2;;2;;2;;2;;2;;17;12;17;221.29987323
6045936;1;1;1;90;2;;1;8;2;;2;;2;;2;;2;;2;;2;;2;;17;12;17;264.43277966
6045936;1;2;1;90;2;;2;;2;;2;;2;;2;;2;;2;;2;;2;;17;12;17;264.43277966
6045936;1;3;1;90;2;;2;;2;;2;;2;;2;;2;;2;;2;;2;;17;12;17;264.43277966
6045937;1;1;1;90;2;;2;;2;;2;;2;;2;;2;;2;;2;;2;;17;12;17;167.91375207
6045937;1;2;1;90;2;;1;30;2;;2;;2;;2;;2;;2;;2;;2;;17;12;17;167.91375207
6045937;1;3;1;90;2;;2;;2;;2;;2;;2;;2;;2;;2;;2;;17;12;17;167.91375207
6045937;1;4;1;90;2;;2;;2;;2;;2;;2;;2;;2;;2;;2;;17;12;17;167.91375207
6045938;1;1;1;90;2;;2;;2;;2;;2;;2;;2;;2;;2;;2;;17;12;17;181.95062231
6045938;1;2;1;90;2;;1;7;2;;2;;2;;2;;2;;2;;2;;2;;17;12;17;181.95062231
6045938;1;3;1;90;2;;2;;2;;2;;2;;2;;2;;2;;2;;2;;17;12;17;181.95062231
6045939;1;1;1;90;2;;1;7;2;;2;;2;;2;;2;;2;;2;;2;;17;12;17;208.05194692
6045939;1;2;1;90;2;;1;7;2;;2;;2;;2;;2;;2;;2;;2;;17;12;17;208.05194692
6045939;1;3;1;90;2;;2;;2;;2;;2;;2;;2;;2;;2;;2;;17;12;17;208.05194692
6046032;1;1;1;90;2;;1;35;2;;2;;2;;2;;2;;2;;2;;2;;54;12;54;431.60110883
6046032;1;2;1;90;2;;2;;2;;2;;2;;2;;2;;2;;2;;2;;54;12;54;431.60110883
6046032;1;3;1;90;2;;1;12;2;;2;;2;;2;;2;;2;;2;;2;;54;12;54;431.60110883
6046033;1;1;1;90;2;;2;;2;;2;;2;;2;;2;;2;;2;;2;;54;12;54;468.79303242
6046033;1;2;1;90;2;;1;14;2;;2;;2;;2;;2;;2;;2;;2;;54;12;54;468.79303242
6046033;1;3;1;90;2;;1;18;2;;2;;2;;2;;2;;2;;2;;2;;54;12;54;468.79303242
6046033;1;4;1;90;2;;1;14;2;;2;;2;;2;;2;;2;;2;;2;;54;12;54;468.79303242
6046034;1;1;1;90;2;;1;31;2;;1;6;2;;2;;2;;2;;2;;2;;54;12;54;451.26972564
6046034;1;2;1;90;2;;1;15;2;;1;2;2;;2;;2;;2;;2;;2;;54;12;54;451.26972564
6046034;1;3;1;90;2;;1;2;2;;2;;2;;2;;2;;2;;2;;2;;54;12;54;451.26972564
6046035;1;1;1;90;2;;1;6;2;;2;;2;;2;;2;;2;;2;;2;;54;12;54;431.81872299
6046035;1;2;1;90;2;;1;18;2;;2;;1;31;2;;2;;2;;2;;2;;54;12;54;431.81872299
6046035;1;3;1;90;2;;1;25;2;;2;;2;;2;;2;;2;;2;;2;;54;12;54;431.81872299
6046036;1;1;1;90;2;;2;;2;;1;6;2;;2;;2;;2;;2;;2;;54;12;54;456.09768513
6046036;1;2;1;90;2;;1;10;2;;1;15;2;;2;;2;;2;;2;;2;;54;12;54;456.09768513
6046036;1;3;1;90;2;;1;2;2;;1;2;2;;2;;2;;2;;2;;2;;54;12;54;456.09768513
6046037;1;1;1;90;2;;2;;2;;2;;2;;2;;2;;2;;2;;2;;54;12;54;495.89131811
6046037;1;2;1;90;2;;1;15;2;;2;;2;;2;;2;;2;;2;;2;;54;12;54;495.89131811
6046038;1;1;1;90;2;;1;12;2;;2;;2;;2;;2;;2;;2;;2;;54;12;54;417.08922736
6046038;1;2;1;90;2;;1;31;2;;2;;2;;2;;2;;2;;2;;2;;54;12;54;417.08922736
6046039;1;1;1;90;2;;1;1;2;;2;;2;;2;;2;;2;;2;;2;;54;12;54;479.37527843
6046039;1;2;1;90;2;;1;31;2;;1;15;2;;2;;2;;2;;2;;2;;54;12;54;479.37527843
6046039;1;3;1;90;2;;1;6;2;;2;;2;;2;;2;;2;;2;;2;;54;12;54;479.37527843
6046040;1;1;1;90;2;;1;35;2;;1;21;2;;2;;2;;2;;2;;2;;54;12;54;533.97722508
6046040;1;2;1;90;2;;1;3;2;;2;;2;;2;;2;;2;;2;;2;;54;12;54;533.97722508
6046041;1;1;1;90;2;;1;21;2;;1;28;2;;2;;2;;2;;2;;2;;54;12;54;458.69939451
6046042;1;1;1;90;2;;1;12;2;;2;;2;;2;;2;;2;;2;;2;;54;12;54;365.73749193
6046042;1;2;1;90;2;;1;2;2;;2;;2;;2;;2;;2;;2;;2;;54;12;54;365.73749193
6046043;1;1;1;90;2;;1;15;2;;2;;2;;2;;2;;2;;2;;2;;76;12;76;1155.5296163
6046043;1;2;1;90;2;;1;14;2;;2;;2;;2;;2;;2;;2;;2;;76;12;76;1155.5296163
6046043;1;3;1;90;2;;2;;2;;2;;2;;2;;2;;2;;2;;2;;76;12;76;1155.5296163
6046043;1;4;1;90;2;;2;;2;;2;;2;;2;;2;;2;;2;;2;;76;12;76;1155.5296163
6046044;1;1;1;90;2;;2;;2;;2;;2;;2;;2;;2;;2;;2;;76;12;76;828.81232141
6046044;1;2;1;90;2;;1;40;2;;2;;2;;2;;2;;2;;2;;2;;76;12;76;828.81232141
6046045;1;1;1;90;2;;2;;2;;2;;2;;2;;2;;2;;2;;2;;76;12;76;725.99903763
6046045;1;2;1;90;2;;2;;2;;2;;2;;2;;2;;2;;2;;2;;76;12;76;725.99903763
6046046;1;1;1;90;2;;1;7;2;;2;;2;;2;;2;;2;;2;;2;;76;12;76;1256.7501622
6046047;1;1;1;90;2;;1;20;2;;2;;1;30;2;;2;;2;;2;;2;;76;12;76;1067.9726714
6046047;1;2;1;90;2;;2;;2;;2;;2;;2;;2;;2;;2;;2;;76;12;76;1067.9726714
6046048;1;1;1;90;2;;1;3;2;;2;;2;;2;;1;6;2;;1;5;2;;76;12;76;1330.0930073
6046048;1;2;1;90;2;;1;6;2;;2;;2;;2;;1;2;2;;2;;2;;76;12;76;1330.0930073
6046049;1;1;1;90;2;;1;7;2;;1;21;2;;2;;2;;2;;2;;2;;76;12;76;1537.1384087
6046049;1;2;1;90;2;;1;14;2;;1;21;2;;2;;2;;2;;2;;2;;76;12;76;1537.1384087
6046050;1;1;1;90;2;;2;;2;;2;;2;;2;;2;;2;;2;;2;;76;12;76;1023.8693997
6046050;1;2;1;90;2;;1;21;2;;2;;1;21;2;;2;;2;;2;;2;;76;12;76;1023.8693997
6046051;1;1;1;90;2;;1;42;2;;1;21;2;;2;;2;;2;;2;;2;;76;12;76;732.27862516
6046051;1;2;1;90;2;;1;6;2;;1;6;2;;2;;2;;2;;2;;2;;76;12;76;732.27862516
6046051;1;3;1;90;2;;1;21;2;;2;;2;;2;;2;;2;;2;;2;;76;12;76;732.27862516
6046052;1;1;1;90;2;;1;4;2;;2;;2;;2;;2;;2;;2;;2;;76;12;76;1517.5219161
6046052;1;2;1;90;2;;1;3;2;;2;;2;;2;;2;;2;;2;;2;;76;12;76;1517.5219161
6046052;1;3;1;90;2;;1;5;2;;2;;2;;2;;2;;2;;2;;2;;76;12;76;1517.5219161
6046053;1;1;1;90;2;;1;14;2;;1;20;2;;2;;2;;2;;2;;2;;76;12;76;1620.4222412
6046053;1;2;1;90;2;;1;15;2;;2;;2;;2;;2;;2;;2;;2;;76;12;76;1620.4222412
6046054;1;1;1;90;2;;1;24;2;;2;;2;;2;;2;;2;;2;;2;;76;12;76;1330.0930073
6046054;1;2;1;90;2;;1;2;2;;2;;2;;2;;2;;2;;2;;2;;76;12;76;1330.0930073
6046055;1;1;1;90;2;;1;10;2;;2;;2;;2;;2;;2;;2;;2;;76;12;76;1256.7501622
6046056;1;1;1;90;1;3;1;4;2;;2;;2;;2;;2;;2;;2;;2;;76;12;76;828.81232141
6046056;2;1;2;90;2;;1;8;2;;2;;2;;2;;2;;2;;2;;2;;76;12;76;828.81232141
6047369;1;1;1;90;2;;1;14;2;;2;;2;;2;;2;;2;;2;;2;;05;12;05;1372.9049543
6047370;1;1;1;90;2;;1;30;2;;2;;2;;2;;2;;2;;2;;2;;05;12;05;1391.7844204
6047370;1;2;1;90;2;;1;10;2;;2;;2;;2;;2;;2;;2;;2;;05;12;05;1391.7844204
6047371;1;1;1;90;2;;1;12;2;;2;;2;;2;;2;;2;;2;;2;;05;12;05;1296.0920571
6047371;1;2;1;90;2;;1;20;2;;2;;2;;2;;2;;2;;2;;2;;05;12;05;1296.0920571
6047372;1;1;1;90;2;;2;;2;;2;;2;;2;;2;;2;;2;;2;;05;12;05;1219.2791599
6047372;1;2;1;90;2;;1;20;2;;2;;1;16;2;;2;;2;;2;;2;;05;12;05;1219.2791599
6047372;1;3;1;90;2;;1;10;2;;2;;2;;2;;2;;2;;2;;2;;05;12;05;1219.2791599
6047373;1;1;1;90;2;;1;12;2;;2;;2;;2;;2;;2;;2;;2;;05;12;05;1136.5227312
6047373;1;2;1;90;2;;1;8;2;;2;;2;;2;;2;;2;;2;;2;;05;12;05;1136.5227312
6047376;1;1;1;90;2;;1;10;2;;2;;2;;2;;2;;2;;2;;2;;05;12;05;1269.7689328
6047377;1;1;1;90;2;;1;14;2;;2;;2;;2;;2;;2;;2;;2;;05;12;05;1372.9049543
6047378;1;1;1;90;2;;1;35;2;;2;;2;;2;;2;;2;;2;;2;;05;12;05;1372.9049543
6047379;1;1;1;90;2;;1;28;2;;1;48;2;;2;;2;;2;;2;;2;;05;12;05;1274.7444141
6047379;1;2;1;90;2;;1;14;2;;1;24;2;;2;;2;;2;;2;;2;;05;12;05;1274.7444141
6047380;1;1;1;90;2;;1;20;2;;2;;2;;2;;2;;2;;2;;2;;05;12;05;1261.0063958
6047380;1;2;1;90;2;;1;20;2;;2;;2;;2;;2;;2;;2;;2;;05;12;05;1261.0063958
6047381;1;1;1;90;2;;1;14;2;;2;;2;;2;;1;2;2;;2;;2;;05;12;05;1369.0841052
6047381;1;2;1;90;2;;1;14;2;;2;;2;;2;;2;;2;;2;;2;;05;12;05;1369.0841052
6047381;1;3;1;90;2;;1;7;2;;2;;2;;2;;1;5;2;;2;;2;;05;12;05;1369.0841052
6047381;1;4;1;90;2;;1;7;2;;2;;2;;2;;2;;2;;2;;2;;05;12;05;1369.0841052
6047382;1;1;1;90;2;;1;30;2;;1;20;2;;2;;2;;2;;2;;2;;05;12;05;1458.4454525
6047382;1;2;1;90;2;;1;10;2;;2;;2;;2;;2;;2;;2;;2;;05;12;05;1458.4454525
6047382;1;3;1;90;2;;1;20;2;;1;30;2;;2;;2;;2;;2;;2;;05;12;05;1458.4454525
6047382;1;4;1;90;2;;1;20;2;;1;30;2;;2;;2;;2;;2;;2;;05;12;05;1458.4454525
6047382;1;6;1;90;2;;1;20;2;;2;;1;20;2;;2;;2;;2;;2;;05;12;05;1458.4454525
6047383;1;1;1;90;2;;1;30;2;;2;;2;;2;;2;;2;;2;;1;20;05;12;05;1418.1075447
6047383;1;2;1;90;2;;1;20;2;;2;;2;;2;;2;;2;;2;;2;;05;12;05;1418.1075447
6047383;1;3;1;90;2;;1;20;2;;2;;2;;2;;1;3;2;;2;;2;;05;12;05;1418.1075447
6047384;1;1;1;90;2;;1;30;2;;2;;2;;2;;2;;2;;2;;2;;05;12;05;912.72561408
6047384;1;2;1;90;2;;1;20;2;;2;;2;;2;;2;;2;;2;;2;;05;12;05;912.72561408
6047384;1;3;1;90;2;;1;30;2;;2;;2;;2;;2;;2;;2;;2;;05;12;05;912.72561408
6047384;1;4;1;90;2;;1;20;2;;2;;2;;2;;2;;2;;2;;2;;05;12;05;912.72561408
6047385;1;1;1;90;2;;1;6;2;;2;;2;;2;;2;;2;;2;;2;;05;12;05;1296.0920571
6047385;1;2;1;90;2;;1;24;2;;2;;2;;2;;2;;2;;2;;2;;05;12;05;1296.0920571
6047386;1;1;1;90;2;;1;7;2;;1;35;2;;2;;2;;2;;2;;2;;05;12;05;1452.4979229
6047387;1;1;1;90;2;;1;8;2;;1;28;1;14;2;;2;;2;;2;;2;;05;12;05;1373.2168486
6047387;1;2;1;90;2;;1;4;2;;1;24;2;;2;;2;;2;;2;;1;2;05;12;05;1373.2168486
6047387;1;3;1;90;2;;1;14;2;;1;21;2;;2;;2;;2;;2;;2;;05;12;05;1373.2168486
6047388;1;1;1;90;2;;1;28;2;;2;;2;;2;;2;;2;;2;;2;;05;12;05;1193.1034902
6047388;1;2;1;90;2;;1;14;2;;2;;2;;2;;2;;2;;2;;2;;05;12;05;1193.1034902
6047389;1;1;1;90;2;;1;12;2;;1;30;2;;2;;2;;2;;2;;2;;05;12;05;1710.0843326
6047389;1;2;1;90;2;;2;;2;;2;;2;;2;;2;;2;;2;;2;;05;12;05;1710.0843326
6047390;1;1;1;90;2;;1;20;2;;2;;2;;2;;2;;2;;2;;2;;05;12;05;1184.1934986
6047390;1;2;1;90;2;;2;;2;;2;;2;;2;;2;;2;;2;;2;;05;12;05;1184.1934986
6047390;1;3;1;90;2;;1;1;2;;2;;2;;2;;2;;2;;2;;2;;05;12;05;1184.1934986
6047391;1;1;1;90;2;;1;8;2;;2;;2;;2;;2;;2;;2;;2;;05;12;05;1234.6832715
6047392;1;1;1;90;2;;1;28;2;;1;28;2;;2;;2;;2;;2;;2;;05;12;05;1552.9831837
6047393;1;1;1;90;2;;2;;2;;2;;2;;2;;2;;2;;2;;2;;05;12;05;1038.3621909
6047393;1;2;1;90;2;;2;;2;;2;;2;;2;;2;;2;;2;;2;;05;12;05;1038.3621909
6047393;1;3;1;90;2;;1;10;2;;2;;2;;2;;2;;2;;2;;2;;05;12;05;1038.3621909
6047394;1;1;1;90;2;;1;1;2;;2;;2;;2;;2;;2;;2;;2;;05;12;05;1365.4612961
6047395;1;1;1;90;2;;1;10;2;;2;;2;;2;;2;;2;;2;;2;;05;12;05;1211.9829563
6047395;1;2;1;90;2;;1;10;2;;2;;2;;2;;2;;2;;2;;2;;05;12;05;1211.9829563
6047395;1;3;1;90;2;;2;;2;;2;;2;;2;;2;;2;;2;;2;;05;12;05;1211.9829563
6047396;1;1;1;90;2;;1;20;2;;2;;2;;2;;2;;2;;2;;2;;05;12;05;1418.1075447
6047396;1;2;1;90;2;;1;20;2;;2;;2;;2;;2;;2;;2;;2;;05;12;05;1418.1075447
6047396;1;3;1;90;2;;1;1;2;;2;;2;;2;;2;;2;;2;;2;;05;12;05;1418.1075447
6047397;1;1;1;90;2;;2;;2;;2;;2;;2;;2;;2;;2;;2;;05;12;05;1001.6104362
6047397;1;2;1;90;2;;1;7;2;;2;;2;;2;;2;;2;;2;;2;;05;12;05;1001.6104362
6047397;1;3;1;90;2;;1;24;2;;2;;2;;2;;2;;2;;2;;2;;05;12;05;1001.6104362
6047397;1;4;1;90;2;;1;5;2;;2;;2;;2;;2;;2;;2;;2;;05;12;05;1001.6104362
6047397;1;5;1;90;2;;1;3;2;;2;;2;;2;;2;;2;;2;;2;;05;12;05;1001.6104362
6047400;1;1;1;90;2;;2;;2;;2;;2;;2;;2;;2;;2;;2;;05;12;05;1112.3560826
6047400;1;2;1;90;2;;1;42;2;;2;;1;20;2;;2;;2;;2;;2;;05;12;05;1112.3560826
6047400;1;3;1;90;2;;1;7;2;;2;;2;;2;;1;6;2;;2;;2;;05;12;05;1112.3560826
6047400;1;4;1;90;2;;1;14;2;;2;;2;;2;;2;;2;;2;;2;;05;12;05;1112.3560826
6047400;1;5;1;90;2;;1;7;2;;2;;2;;2;;2;;2;;2;;2;;05;12;05;1112.3560826
6047401;1;1;1;90;2;;1;12;2;;2;;2;;2;;2;;2;;2;;2;;05;12;05;1296.0920571
6047401;1;2;1;90;2;;2;;2;;2;;2;;2;;2;;2;;2;;2;;05;12;05;1296.0920571
6047402;1;1;1;90;2;;1;3;2;;2;;2;;2;;2;;2;;2;;2;;05;12;05;1365.4612961
6047403;1;1;1;90;2;;1;5;2;;2;;2;;2;;2;;2;;2;;2;;05;12;05;1267.3007558
6047403;1;2;1;90;2;;1;1;2;;2;;2;;2;;2;;2;;2;;2;;05;12;05;1267.3007558
6047405;1;1;1;90;2;;2;;2;;2;;2;;2;;2;;2;;2;;2;;05;12;05;1261.31829
6047405;1;2;1;90;2;;1;54;2;;2;;2;;2;;2;;2;;2;;2;;05;12;05;1261.31829
6047405;1;3;1;90;2;;1;4;2;;1;72;2;;2;;2;;2;;2;;2;;05;12;05;1261.31829
6047405;1;5;1;90;2;;1;7;2;;2;;2;;2;;2;;2;;2;;2;;05;12;05;1261.31829
6047406;1;1;1;90;2;;1;35;2;;2;;1;89;2;;2;;2;;2;;2;;05;12;05;1399.2280787
6047406;1;2;1;90;2;;2;;2;;2;;2;;2;;2;;2;;2;;2;;05;12;05;1399.2280787
6047407;1;1;1;90;2;;1;21;2;;1;84;2;;2;;2;;2;;2;;2;;05;12;05;1571.8626497
6047407;1;2;1;90;2;;1;4;2;;1;70;2;;2;;2;;2;;2;;2;;05;12;05;1571.8626497
6047408;1;1;1;90;2;;1;10;2;;2;;2;;2;;2;;2;;2;;2;;05;12;05;1234.6832715
6047409;1;1;1;90;2;;1;7;2;;2;;2;;2;;2;;2;;2;;2;;05;12;05;1365.4612961
6047410;1;1;1;90;2;;2;;2;;2;;2;;2;;2;;2;;2;;2;;05;12;05;1176.7498403
6047410;1;2;1;90;2;;2;;2;;2;;2;;2;;2;;2;;2;;2;;05;12;05;1176.7498403
6047410;1;3;1;90;2;;2;;2;;2;;2;;2;;2;;2;;2;;2;;05;12;05;1176.7498403
6047412;1;1;1;90;2;;1;1;2;;2;;2;;2;;2;;2;;2;;2;;05;12;05;1269.7689328
6047413;1;1;1;90;2;;1;2;2;;2;;2;;2;;2;;2;;2;;2;;05;12;05;1269.7689328
6047415;1;1;1;90;2;;1;28;2;;2;;2;;2;;2;;2;;2;;2;;05;12;05;1296.0920571
6047415;1;2;1;90;2;;1;28;2;;2;;2;;2;;2;;2;;2;;2;;05;12;05;1296.0920571
6047416;1;1;1;90;2;;1;21;2;;2;;1;48;2;;1;5;2;;2;;2;;05;12;05;1372.9049543
6047417;1;1;1;90;2;;1;10;2;;2;;2;;2;;2;;2;;2;;2;;05;12;05;1571.8626497
6047417;1;2;1;90;2;;1;10;2;;2;;2;;2;;2;;2;;2;;2;;05;12;05;1571.8626497
6047418;1;1;1;90;2;;2;;2;;2;;2;;2;;2;;2;;2;;2;;05;12;05;1571.8626497
6047418;1;2;1;90;2;;1;3;2;;1;56;2;;2;;2;;2;;2;;2;;05;12;05;1571.8626497
6047419;1;1;1;90;2;;1;20;2;;2;;2;;2;;1;15;2;;2;;2;;05;12;05;1314.9715231
6047419;1;2;1;90;2;;1;30;2;;2;;2;;2;;2;;2;;2;;2;;05;12;05;1314.9715231
6047419;1;3;1;90;2;;1;2;2;;2;;2;;2;;1;10;2;;2;;2;;05;12;05;1314.9715231
6047420;1;1;1;90;2;;1;21;2;;2;;2;;2;;2;;2;;2;;2;;05;12;05;1322.4151814
6047420;1;2;1;90;2;;1;35;2;;2;;2;;2;;2;;2;;2;;2;;05;12;05;1322.4151814
6047420;1;3;1;90;2;;1;3;2;;2;;2;;1;21;1;3;2;;2;;2;;05;12;05;1322.4151814
6047421;1;1;1;90;2;;2;;2;;2;;2;;2;;2;;2;;2;;2;;05;12;05;1298.7653278
6047421;1;2;1;90;2;;2;;2;;2;;2;;2;;2;;2;;2;;2;;05;12;05;1298.7653278
6047421;1;3;1;90;2;;2;;2;;2;;2;;2;;2;;2;;2;;2;;05;12;05;1298.7653278
6047421;1;4;1;90;2;;2;;2;;2;;2;;2;;2;;2;;2;;2;;05;12;05;1298.7653278
6047422;1;1;1;90;2;;1;7;2;;1;14;2;;2;;2;;2;;2;;2;;05;12;05;1471.3773889
6047422;1;2;1;90;2;;1;42;2;;1;5;2;;2;;2;;2;;2;;2;;05;12;05;1471.3773889
6047423;1;1;1;90;2;;1;28;2;;2;;2;;2;;2;;2;;2;;1;20;05;12;05;1211.9829563
6047423;1;2;1;90;2;;1;28;2;;2;;2;;2;;2;;2;;2;;2;;05;12;05;1211.9829563
6047423;1;3;1;90;2;;1;14;2;;2;;2;;2;;2;;2;;2;;2;;05;12;05;1211.9829563
6047424;1;1;1;90;2;;1;20;2;;2;;2;;2;;2;;2;;2;;2;;05;12;05;1314.9715231
6047424;1;2;1;90;2;;1;20;2;;2;;2;;2;;2;;2;;2;;2;;05;12;05;1314.9715231
6047424;1;3;1;90;2;;2;;2;;2;;2;;2;;2;;2;;2;;2;;05;12;05;1314.9715231
6047425;1;1;1;90;2;;1;30;2;;2;;1;20;2;;2;;2;;2;;2;;05;12;05;1238.1586259
6047425;1;2;1;90;2;;2;;2;;2;;2;;2;;2;;2;;2;;2;;05;12;05;1238.1586259
6047425;1;3;1;90;2;;1;10;2;;2;;2;;2;;2;;2;;2;;2;;05;12;05;1238.1586259
6047425;1;4;1;90;2;;1;10;2;;2;;2;;2;;2;;2;;2;;2;;05;12;05;1238.1586259
6047426;1;1;1;90;2;;1;10;2;;2;;2;;2;;2;;2;;2;;2;;05;12;05;1038.3621909
6047426;1;2;1;90;2;;2;;2;;2;;2;;2;;2;;2;;2;;2;;05;12;05;1038.3621909
6047426;1;3;1;90;2;;1;10;2;;2;;2;;2;;1;10;2;;2;;2;;05;12;05;1038.3621909
6047427;1;1;1;90;2;;1;9;2;;2;;2;;2;;2;;2;;2;;2;;05;12;05;1233.1646328
6047427;1;2;1;90;2;;1;2;2;;2;;2;;2;;2;;2;;2;;2;;05;12;05;1233.1646328
6047427;1;3;1;90;2;;2;;2;;2;;2;;2;;2;;2;;2;;2;;05;12;05;1233.1646328
6047428;1;1;1;90;2;;1;14;2;;2;;2;;2;;2;;2;;2;;2;;05;12;05;1267.3007558
6047428;1;2;1;90;2;;1;14;2;;2;;2;;2;;2;;2;;2;;2;;05;12;05;1267.3007558
6047429;1;1;1;90;2;;1;7;2;;2;;2;;2;;2;;2;;2;;2;;05;12;05;1385.8019546
6047429;1;2;1;90;2;;1;20;2;;1;6;2;;2;;2;;2;;2;;2;;05;12;05;1385.8019546
6047429;1;3;1;90;2;;1;20;2;;1;20;2;;2;;2;;2;;2;;2;;05;12;05;1385.8019546
6047429;1;5;1;90;2;;2;;2;;2;;2;;2;;2;;2;;2;;2;;05;12;05;1385.8019546
6047430;1;1;1;90;2;;2;;2;;1;5;2;;2;;2;;2;;2;;2;;05;12;05;1748.0975199
6047430;1;4;1;90;2;;1;26;2;;1;15;2;;2;;2;;2;;2;;2;;05;12;05;1748.0975199
6047430;1;5;1;90;2;;1;3;2;;2;;2;;2;;2;;2;;2;;2;;05;12;05;1748.0975199
6047432;1;1;1;90;2;;1;20;2;;2;;2;;2;;2;;2;;2;;2;;05;12;05;1372.9049543
6047433;1;1;1;90;2;;1;10;2;;2;;2;;2;;2;;2;;2;;1;8;05;12;05;1314.9715231
6047433;1;2;1;90;2;;1;30;2;;2;;2;;2;;2;;2;;2;;2;;05;12;05;1314.9715231
6047433;1;3;1;90;2;;1;10;2;;2;;2;;2;;2;;2;;2;;2;;05;12;05;1314.9715231
6047436;1;1;1;90;2;;1;20;2;;2;;2;;2;;2;;2;;2;;2;;05;12;05;1296.0920571
6047436;1;2;1;90;2;;1;30;2;;2;;2;;2;;2;;2;;2;;1;3;05;12;05;1296.0920571
6047438;1;1;1;90;2;;1;20;2;;2;;1;50;2;;2;;2;;2;;2;;05;12;05;1322.4151814
6047438;1;2;1;90;2;;1;30;2;;2;;1;60;2;;2;;2;;2;;2;;05;12;05;1322.4151814
6047438;1;3;1;90;2;;2;;2;;2;;2;;2;;2;;2;;2;;2;;05;12;05;1322.4151814
6047439;1;1;1;90;2;;1;35;2;;2;;2;;2;;2;;2;;2;;2;;05;12;05;1094.94295
6047439;1;2;1;90;2;;1;7;2;;2;;2;;2;;2;;2;;2;;2;;05;12;05;1094.94295
6047439;1;3;1;90;2;;1;7;2;;2;;2;;2;;2;;2;;2;;2;;05;12;05;1094.94295
6047440;1;1;1;90;2;;2;;2;;2;;2;;2;;2;;2;;2;;2;;05;12;05;1372.9049543
6047441;1;1;1;90;2;;2;;2;;2;;2;;2;;2;;2;;2;;2;;05;12;05;1275.0563083
6047441;1;2;1;90;2;;1;20;2;;2;;2;;2;;2;;2;;2;;2;;05;12;05;1275.0563083
6047441;1;3;1;90;2;;1;21;2;;1;7;2;;2;;2;;2;;2;;2;;05;12;05;1275.0563083
6047441;1;4;1;90;2;;1;3;2;;1;3;2;;2;;2;;2;;2;;2;;05;12;05;1275.0563083
6047443;1;1;1;90;2;;1;20;2;;1;14;2;;2;;2;;2;;2;;2;;05;12;05;1410.9181416
6047443;1;2;1;90;2;;1;14;2;;2;;2;;2;;2;;2;;2;;2;;05;12;05;1410.9181416
6047445;1;1;1;90;2;;1;4;2;;2;;2;;2;;2;;2;;2;;2;;05;12;05;1072.29494
6047445;1;2;1;90;2;;1;35;2;;2;;2;;1;18;2;;2;;2;;2;;05;12;05;1072.29494
6047445;1;3;1;90;2;;1;2;2;;2;;2;;2;;2;;2;;2;;2;;05;12;05;1072.29494
6047445;1;4;1;90;2;;2;;2;;2;;2;;2;;2;;2;;2;;2;;05;12;05;1072.29494
6047446;1;1;1;90;2;;1;14;2;;2;;2;;2;;2;;2;;2;;2;;05;12;05;913.62284719
6047446;1;2;1;90;2;;1;10;2;;2;;2;;2;;2;;2;;2;;2;;05;12;05;913.62284719
6047446;1;3;1;90;2;;1;21;2;;2;;2;;2;;2;;2;;2;;2;;05;12;05;913.62284719
6047446;1;4;1;90;2;;1;14;2;;2;;2;;2;;2;;2;;2;;1;14;05;12;05;913.62284719
6047446;1;5;1;90;2;;1;2;2;;2;;2;;2;;2;;2;;2;;2;;05;12;05;913.62284719
6047446;1;6;1;90;2;;1;6;2;;2;;2;;2;;2;;2;;2;;2;;05;12;05;913.62284719
6047447;1;1;1;90;2;;1;7;2;;2;;2;;2;;2;;2;;2;;2;;05;12;05;1064.8512817
6047447;1;2;1;90;2;;1;21;2;;2;;2;;2;;2;;2;;2;;2;;05;12;05;1064.8512817
6047447;1;3;1;90;2;;1;14;2;;2;;2;;2;;2;;2;;2;;2;;05;12;05;1064.8512817
6047447;1;4;1;90;2;;1;7;2;;2;;2;;2;;2;;2;;2;;2;;05;12;05;1064.8512817
6047448;1;1;1;90;2;;1;20;2;;2;;2;;2;;2;;2;;2;;2;;05;12;05;1444.430669
6047448;1;2;1;90;2;;1;20;2;;2;;2;;2;;2;;2;;2;;2;;05;12;05;1444.430669
6047448;1;3;1;90;2;;1;28;2;;2;;2;;2;;2;;2;;2;;2;;05;12;05;1444.430669
6047448;1;4;1;90;2;;1;10;2;;2;;2;;2;;2;;2;;2;;2;;05;12;05;1444.430669
6047449;1;1;1;90;2;;2;;2;;2;;2;;2;;2;;2;;2;;2;;05;12;05;1238.1586259
6047449;1;2;1;90;2;;1;20;2;;2;;2;;2;;2;;2;;2;;2;;05;12;05;1238.1586259
6047449;1;3;1;90;2;;1;14;2;;2;;2;;2;;2;;2;;2;;2;;05;12;05;1238.1586259
6047449;1;4;1;90;2;;1;10;2;;2;;2;;2;;2;;2;;2;;2;;05;12;05;1238.1586259
6047450;1;1;1;90;2;;1;10;2;;2;;2;;2;;2;;2;;2;;2;;05;12;05;1296.0920571
6047450;1;2;1;90;2;;1;20;2;;2;;2;;2;;2;;2;;2;;2;;05;12;05;1296.0920571
6047451;1;1;1;90;2;;1;16;2;;2;;2;;2;;2;;2;;2;;2;;05;12;05;1193.1034902
6047451;1;2;1;90;2;;1;12;2;;2;;2;;2;;2;;2;;2;;2;;05;12;05;1193.1034902
6047452;1;1;1;90;2;;1;14;2;;1;48;2;;2;;2;;2;;2;;2;;05;12;05;1391.7844204
6047452;1;2;1;90;2;;1;7;2;;2;;2;;2;;2;;2;;2;;2;;05;12;05;1391.7844204
6047453;1;1;1;90;2;;1;10;2;;2;;2;;2;;2;;2;;2;;2;;05;12;05;1253.5627375
6047453;1;2;1;90;2;;1;12;2;;2;;2;;2;;2;;2;;2;;2;;05;12;05;1253.5627375
6047456;1;1;1;90;2;;1;35;2;;1;60;1;24;2;;2;;2;;2;;2;;05;12;05;2064.9536087
6047456;1;2;1;90;2;;1;12;2;;2;;2;;2;;2;;2;;2;;2;;05;12;05;2064.9536087
6047456;1;4;1;90;2;;1;3;2;;1;21;2;;2;;2;;2;;2;;2;;05;12;05;2064.9536087
6047456;1;5;1;90;2;;1;24;2;;1;70;2;;2;;2;;2;;2;;2;;05;12;05;2064.9536087
6047456;1;8;1;90;2;;1;2;2;;2;;2;;2;;2;;2;;2;;2;;05;12;05;2064.9536087
6047456;1;9;1;90;2;;1;21;2;;1;14;2;;2;;2;;2;;2;;2;;05;12;05;2064.9536087
6047457;1;1;1;90;2;;1;30;2;;2;;2;;2;;2;;2;;2;;2;;05;12;05;1074.7108118
6047457;1;2;1;90;2;;1;4;2;;2;;2;;2;;2;;2;;2;;2;;05;12;05;1074.7108118
6047457;1;3;1;90;2;;1;10;2;;2;;2;;2;;2;;2;;2;;2;;05;12;05;1074.7108118
6047457;1;4;1;90;2;;1;12;2;;2;;2;;2;;2;;2;;2;;2;;05;12;05;1074.7108118
6047459;1;1;1;90;2;;1;2;2;;2;;2;;2;;2;;2;;2;;2;;05;12;05;1429.7976077
6047459;1;2;1;90;2;;1;28;2;;1;5;2;;2;;2;;2;;2;;2;;05;12;05;1429.7976077
6047459;1;3;1;90;2;;1;10;2;;2;;2;;2;;2;;2;;2;;2;;05;12;05;1429.7976077
6047460;1;1;1;90;2;;1;5;2;;2;;2;;2;;2;;1;5;2;;2;;05;12;05;1323.8815148
6047460;1;2;1;90;2;;1;14;2;;2;;2;;2;;2;;2;;2;;1;8;05;12;05;1323.8815148
6047461;1;1;1;90;2;;2;;1;20;2;;2;;2;;2;;2;;2;;2;;05;12;05;1372.9049543
6047462;1;1;1;90;2;;1;20;2;;2;;2;;2;;2;;2;;2;;2;;05;12;05;1059.7098339
6047462;1;2;1;90;2;;1;10;2;;2;;2;;2;;2;;2;;2;;2;;05;12;05;1059.7098339
6047462;1;3;1;90;2;;2;;2;;2;;2;;2;;2;;2;;2;;2;;05;12;05;1059.7098339
6047463;1;1;1;90;2;;1;14;2;;2;;2;;2;;2;;2;;2;;2;;05;12;05;1269.7689328
6047464;1;1;1;90;2;;1;2;2;;2;;2;;2;;2;;2;;2;;2;;05;12;05;1296.0920571
6047464;1;2;1;90;2;;1;20;2;;2;;2;;2;;2;;2;;2;;2;;05;12;05;1296.0920571
6047465;1;1;1;90;2;;1;3;2;;1;1;2;;2;;2;;2;;2;;2;;05;12;05;1299.0195831
6047465;1;3;1;90;2;;1;14;2;;1;2;2;;2;;2;;2;;2;;2;;05;12;05;1299.0195831
6047465;1;4;1;90;2;;2;;1;3;2;;2;;2;;2;;2;;2;;2;;05;12;05;1299.0195831
6047466;1;1;1;90;2;;1;14;2;;2;;2;;2;;2;;2;;2;;2;;05;12;05;1372.9049543
6047467;1;1;1;90;2;;1;18;2;;2;;2;;2;;2;;2;;2;;2;;05;12;05;1296.0920571
6047467;1;2;1;90;2;;1;30;2;;2;;2;;2;;2;;2;;2;;2;;05;12;05;1296.0920571
6047468;1;1;1;90;2;;1;30;2;;2;;2;;2;;2;;2;;2;;2;;05;12;05;1287.6414144
6047468;1;2;1;90;2;;1;10;2;;2;;2;;2;;2;;2;;2;;2;;05;12;05;1287.6414144
6047468;1;4;1;90;2;;1;10;2;;2;;2;;2;;2;;2;;2;;2;;05;12;05;1287.6414144
6047468;1;5;1;90;2;;2;;2;;2;;2;;2;;2;;2;;2;;2;;05;12;05;1287.6414144
6047468;1;6;1;90;2;;1;1;2;;2;;2;;2;;2;;2;;2;;2;;05;12;05;1287.6414144
6047469;1;1;1;90;2;;1;30;2;;2;;1;30;2;;2;;2;;2;;2;;05;12;05;934.07325713
6047469;1;2;1;90;2;;1;14;2;;2;;2;;2;;2;;2;;2;;2;;05;12;05;934.07325713
6047469;1;3;1;90;2;;1;20;2;;2;;2;;2;;2;;2;;2;;2;;05;12;05;934.07325713
6047469;1;4;1;90;2;;2;;2;;2;;2;;2;;2;;2;;2;;2;;05;12;05;934.07325713
6047470;1;1;1;90;2;;1;21;2;;2;;2;;2;;2;;2;;2;;2;;05;12;05;1410.6638864
6047470;1;2;1;90;2;;1;14;2;;2;;2;;2;;2;;2;;2;;2;;05;12;05;1410.6638864
6047470;1;3;1;90;2;;1;7;2;;2;;2;;2;;2;;2;;2;;2;;05;12;05;1410.6638864
6047471;1;1;1;90;2;;1;10;2;;2;;2;;2;;2;;2;;2;;2;;05;12;05;1365.4612961
6047472;1;1;1;90;2;;2;;2;;2;;2;;2;;2;;2;;2;;2;;05;12;05;1593.0443263
6047472;1;2;1;90;2;;2;;2;;2;;2;;2;;2;;2;;2;;2;;05;12;05;1593.0443263
6047475;1;1;1;90;2;;2;;2;;2;;2;;2;;2;;2;;2;;2;;05;12;05;1497.7005132
6047475;1;2;1;90;2;;2;;2;;2;;2;;2;;2;;2;;2;;2;;05;12;05;1497.7005132
6047475;1;4;1;90;2;;1;16;2;;1;5;2;;2;;2;;2;;2;;2;;05;12;05;1497.7005132
6047476;1;1;1;90;2;;2;;2;;2;;2;;2;;2;;2;;2;;2;;05;12;05;1314.9715231
6047476;1;2;1;90;2;;1;8;1;3;2;;1;18;2;;2;;2;;2;;2;;05;12;05;1314.9715231
6047476;1;3;1;90;2;;1;5;2;;2;;2;;2;;2;;2;;2;;2;;05;12;05;1314.9715231
6047477;1;1;1;90;2;;1;4;2;;2;;2;;2;;2;;2;;2;;2;;05;12;05;1184.1934986
6047477;1;2;1;90;2;;1;21;2;;1;20;2;;2;;2;;2;;2;;2;;05;12;05;1184.1934986
6047477;1;3;1;90;2;;1;3;2;;2;;2;;2;;2;;2;;2;;2;;05;12;05;1184.1934986
6047478;1;1;1;90;2;;1;28;2;;1;12;2;;2;;2;;2;;2;;2;;05;12;05;1834.8798914
6047478;1;2;1;90;2;;1;10;2;;1;11;2;;2;;2;;2;;2;;2;;05;12;05;1834.8798914
6047478;1;3;1;90;2;;1;10;2;;1;22;2;;2;;2;;2;;2;;2;;05;12;05;1834.8798914
6047478;1;4;1;90;2;;1;2;2;;1;20;2;;2;;2;;2;;2;;2;;05;12;05;1834.8798914
6047479;1;1;1;90;2;;1;1;2;;1;6;2;;2;;2;;2;;2;;2;;05;12;05;1193.1034902
6047479;1;2;1;90;2;;1;2;2;;1;12;2;;2;;2;;2;;2;;2;;05;12;05;1193.1034902
6047480;1;1;1;90;2;;1;6;2;;2;;2;;2;;2;;2;;2;;2;;05;12;05;1365.4612961
6047482;1;1;1;90;2;;1;24;2;;2;;2;;2;;2;;2;;2;;2;;05;12;05;1234.6832715
6047484;1;1;1;90;2;;1;7;2;;2;;2;;2;;2;;2;;2;;2;;05;12;05;1267.3007558
6047484;1;2;1;90;2;;1;7;2;;2;;2;;2;;2;;2;;2;;2;;05;12;05;1267.3007558
6047485;1;1;1;90;2;;2;;2;;2;;2;;2;;2;;2;;2;;2;;05;12;05;1245.6022842
6047485;1;2;1;90;2;;2;;2;;2;;2;;2;;2;;2;;2;;2;;05;12;05;1245.6022842
6047485;1;3;1;90;2;;1;35;2;;2;;2;;2;;2;;2;;2;;2;;05;12;05;1245.6022842
6047485;1;4;1;90;2;;1;10;2;;2;;2;;2;;2;;2;;2;;2;;05;12;05;1245.6022842
6047486;1;1;1;90;2;;1;21;2;;2;;2;;2;;2;;2;;2;;2;;05;12;05;1234.6832715
6047487;1;1;1;90;2;;1;28;2;;2;;2;;2;;2;;2;;2;;2;;05;12;05;1269.7689328
6047488;1;1;1;90;2;;1;56;2;;2;;2;;2;;2;;2;;2;;2;;05;12;05;1211.9829563
6047488;1;2;1;90;2;;1;5;2;;2;;2;;2;;2;;2;;2;;2;;05;12;05;1211.9829563
6047488;1;3;1;90;2;;2;;2;;2;;2;;2;;2;;2;;2;;2;;05;12;05;1211.9829563
6047489;1;1;1;90;2;;1;5;2;;2;;2;;2;;2;;2;;2;;2;;05;12;05;1195.4633398
6047489;1;2;1;90;2;;1;28;2;;2;;2;;2;;2;;2;;2;;2;;05;12;05;1195.4633398
6047489;1;3;1;90;2;;1;7;2;;2;;2;;2;;2;;2;;2;;2;;05;12;05;1195.4633398
6047489;1;4;1;90;2;;1;1;2;;2;;2;;2;;2;;2;;2;;2;;05;12;05;1195.4633398
6047490;1;1;1;90;2;;1;14;2;;2;;2;;2;;2;;2;;2;;1;2;05;12;05;1269.7689328
6047491;1;1;1;90;2;;1;6;2;;1;89;2;;2;;2;;2;;2;;2;;05;12;05;1562.7546179
6047491;1;2;1;90;2;;1;3;2;;1;89;2;;2;;1;2;2;;2;;2;;05;12;05;1562.7546179
6047491;1;4;1;90;2;;2;;2;;2;;2;;2;;2;;2;;2;;2;;05;12;05;1562.7546179
6047491;1;5;1;90;2;;1;36;2;;1;36;2;;2;;2;;2;;2;;2;;05;12;05;1562.7546179
6047491;1;6;1;90;2;;2;;2;;2;;2;;2;;2;;2;;2;;2;;05;12;05;1562.7546179
6047491;1;7;1;90;2;;1;21;2;;1;7;2;;2;;2;;2;;2;;2;;05;12;05;1562.7546179
6047491;1;8;1;90;2;;2;;2;;2;;2;;2;;2;;2;;2;;2;;05;12;05;1562.7546179
6047491;1;9;1;90;2;;2;;1;84;2;;2;;2;;2;;2;;2;;2;;05;12;05;1562.7546179
6047491;1;10;1;90;2;;2;;2;;2;;2;;2;;2;;2;;2;;2;;05;12;05;1562.7546179
6047492;1;1;1;90;2;;1;20;2;;2;;2;;2;;2;;1;30;2;;2;;05;12;05;1167.9506473
6047492;1;2;1;90;2;;1;20;2;;2;;2;;2;;2;;2;;2;;2;;05;12;05;1167.9506473
6047492;1;3;1;90;2;;2;;2;;2;;2;;2;;2;;2;;2;;2;;05;12;05;1167.9506473
6047492;1;5;1;90;2;;2;;2;;2;;2;;2;;2;;2;;2;;2;;05;12;05;1167.9506473
6047492;1;6;1;90;2;;1;14;2;;2;;2;;2;;2;;2;;2;;2;;05;12;05;1167.9506473
6047494;1;1;1;90;2;;1;20;2;;2;;1;14;2;;2;;2;;2;;2;;05;12;05;1038.3621909
6047494;1;2;1;90;2;;1;7;2;;2;;2;;2;;2;;2;;2;;2;;05;12;05;1038.3621909
6047494;1;3;1;90;2;;1;7;2;;2;;2;;2;;2;;2;;2;;2;;05;12;05;1038.3621909
6047496;1;1;1;90;2;;2;;2;;2;;2;;2;;2;;2;;2;;2;;05;12;05;1380.6830169
6047496;1;2;1;90;2;;1;14;2;;2;;2;;2;;2;;2;;2;;2;;05;12;05;1380.6830169
6047496;1;3;1;90;2;;2;;2;;2;;2;;2;;2;;2;;2;;2;;05;12;05;1380.6830169
6047496;1;4;1;90;2;;1;35;2;;1;10;2;;2;;2;;2;;2;;2;;05;12;05;1380.6830169
6047496;1;5;1;90;2;;2;;2;;2;;2;;2;;2;;2;;2;;2;;05;12;05;1380.6830169
6047498;1;1;1;90;2;;1;3;2;;1;75;2;;2;;2;;2;;2;;2;;05;12;05;1471.3773889
6047498;1;2;1;90;2;;1;21;2;;1;56;2;;2;;2;;2;;2;;2;;05;12;05;1471.3773889
6047500;1;1;1;90;2;;1;21;2;;2;;2;;2;;2;;2;;2;;2;;05;12;05;1136.5227312
6047500;1;2;1;90;2;;2;;2;;2;;2;;2;;2;;2;;2;;2;;05;12;05;1136.5227312
6047501;1;1;1;90;2;;1;21;2;;2;;2;;2;;2;;2;;2;;2;;05;12;05;1269.7689328
6047502;1;1;1;90;2;;1;7;2;;2;;2;;2;;2;;2;;2;;2;;05;12;05;1176.7498403
6047502;1;2;1;90;2;;1;21;2;;2;;2;;2;;2;;2;;2;;2;;05;12;05;1176.7498403
6047502;1;3;1;90;2;;1;6;2;;2;;2;;2;;2;;2;;2;;2;;05;12;05;1176.7498403
6047503;1;1;1;90;2;;1;14;2;;2;;2;;2;;2;;2;;2;;2;;05;12;05;1170.403175
6047503;1;2;1;90;2;;1;6;2;;2;;2;;2;;2;;2;;2;;2;;05;12;05;1170.403175
6047503;1;3;1;90;2;;1;7;2;;2;;2;;2;;2;;2;;2;;2;;05;12;05;1170.403175
6047503;1;4;1;90;2;;2;;2;;2;;2;;2;;1;15;2;;2;;2;;05;12;05;1170.403175
6047506;1;1;1;90;2;;1;20;2;;2;;2;;2;;2;;2;;2;;2;;05;12;05;1323.8815148
6047506;1;2;1;90;2;;2;;1;10;2;;2;;2;;2;;2;;2;;2;;05;12;05;1323.8815148
6047507;1;1;1;90;2;;1;30;2;;2;;2;;2;;2;;2;;2;;2;;05;12;05;996.78240965
6047507;1;2;1;90;2;;1;10;2;;2;;2;;2;;2;;2;;2;;2;;05;12;05;996.78240965
6047507;1;3;1;90;2;;1;20;2;;2;;2;;2;;2;;2;;2;;2;;05;12;05;996.78240965
6047507;1;4;1;90;2;;1;20;2;;2;;2;;2;;2;;2;;2;;2;;05;12;05;996.78240965
6047508;1;1;1;90;2;;1;30;2;;2;;2;;2;;2;;2;;2;;2;;05;12;05;1261.0063958
6047508;1;2;1;90;2;;1;20;2;;2;;2;;2;;2;;2;;2;;2;;05;12;05;1261.0063958
6047509;1;1;1;90;2;;1;30;2;;2;;2;;2;;2;;2;;2;;2;;05;12;05;1219.4266146
6047509;1;2;1;90;2;;2;;2;;2;;2;;2;;1;8;2;;2;;2;;05;12;05;1219.4266146
6047509;1;3;1;90;2;;2;;2;;2;;2;;2;;2;;2;;2;;2;;05;12;05;1219.4266146
6047510;1;1;1;90;2;;1;5;2;;2;;2;;2;;2;;2;;2;;1;2;05;12;05;1391.7844204
6047510;1;2;1;90;2;;2;;2;;2;;2;;2;;2;;2;;2;;2;;05;12;05;1391.7844204
6047511;1;1;1;90;2;;1;30;2;;2;;2;;2;;2;;2;;2;;2;;05;12;05;1322.4151814
6047511;1;2;1;90;2;;1;20;2;;2;;2;;2;;2;;2;;2;;2;;05;12;05;1322.4151814
6047511;1;3;1;90;2;;1;30;2;;2;;2;;2;;2;;2;;2;;2;;05;12;05;1322.4151814
6047512;1;1;1;90;2;;2;;2;;2;;2;;2;;2;;2;;2;;2;;05;12;05;1296.0920571
6047512;1;2;1;90;2;;1;72;2;;2;;2;;2;;2;;2;;2;;2;;05;12;05;1296.0920571
6047517;1;1;1;90;2;;1;5;2;;2;;2;;2;;2;;2;;2;;2;;05;12;05;1269.7689328
6047518;1;1;1;90;2;;1;12;2;;1;15;2;;2;;2;;2;;2;;2;;05;12;05;1689.1920403
6047518;1;2;1;90;2;;1;24;2;;1;30;2;;2;;2;;2;;2;;2;;05;12;05;1689.1920403
6047520;1;1;1;90;2;;1;10;2;;2;;2;;2;;2;;2;;2;;2;;05;12;05;1234.6832715
6047521;1;1;1;90;2;;1;6;2;;2;;2;;2;;2;;2;;2;;2;;05;12;05;1372.9049543
6047523;1;1;1;90;2;;2;;2;;2;;2;;2;;2;;2;;2;;2;;05;12;05;1253.5627375
6047523;1;2;1;90;2;;2;;2;;2;;2;;2;;2;;2;;2;;2;;05;12;05;1253.5627375
6047524;1;1;1;90;2;;1;11;2;;2;;2;;2;;2;;2;;2;;2;;05;12;05;1234.6832715
6047529;1;1;1;90;2;;2;;2;;2;;2;;2;;2;;2;;2;;2;;05;12;05;1471.3773889
6047529;1;2;1;90;2;;1;12;2;;2;;2;;2;;2;;2;;2;;2;;05;12;05;1471.3773889
6047531;1;1;1;90;2;;1;20;2;;2;;2;;2;;2;;2;;2;;2;;05;12;05;1365.4612961
6047533;1;1;1;90;2;;1;7;2;;2;;2;;2;;2;;2;;2;;2;;05;12;05;1189.2826411
6047533;1;2;1;90;2;;1;42;2;;2;;2;;2;;2;;2;;2;;2;;05;12;05;1189.2826411
6047533;1;3;1;90;2;;1;7;2;;2;;2;;2;;2;;2;;2;;2;;05;12;05;1189.2826411
6047533;1;4;1;90;2;;1;6;2;;2;;2;;2;;2;;2;;2;;2;;05;12;05;1189.2826411
6047533;1;5;1;90;2;;1;14;2;;2;;2;;2;;2;;2;;2;;2;;05;12;05;1189.2826411
6047534;1;1;1;90;2;;1;7;2;;1;20;2;;2;;2;;2;;2;;2;;05;12;05;1689.1920403
6047534;1;2;1;90;2;;1;20;2;;1;40;2;;2;;2;;2;;2;;2;;05;12;05;1689.1920403
6047535;1;1;1;90;2;;1;7;2;;2;;2;;2;;2;;2;;2;;2;;05;12;05;1170.403175
6047535;1;2;1;90;2;;1;35;2;;2;;2;;2;;2;;2;;2;;2;;05;12;05;1170.403175
6047535;1;3;1;90;2;;1;7;2;;2;;2;;2;;2;;2;;2;;2;;05;12;05;1170.403175
6047535;1;4;1;90;2;;1;7;2;;2;;2;;2;;1;3;2;;2;;2;;05;12;05;1170.403175
6047536;1;1;1;90;2;;2;;2;;2;;2;;2;;2;;2;;2;;2;;05;12;05;1314.9715231
6047536;1;2;1;90;2;;1;35;2;;2;;2;;2;;2;;2;;2;;2;;05;12;05;1314.9715231
6047536;1;3;1;90;2;;2;;2;;2;;2;;2;;2;;2;;2;;2;;05;12;05;1314.9715231
6047537;1;1;1;90;2;;1;14;2;;2;;2;;2;;2;;2;;2;;2;;05;12;05;1057.2416569
6047537;1;2;1;90;2;;1;14;2;;2;;2;;2;;2;;2;;2;;2;;05;12;05;1057.2416569
6047537;1;3;1;90;2;;1;14;2;;2;;2;;2;;2;;2;;2;;2;;05;12;05;1057.2416569
6047537;1;4;1;90;2;;1;7;2;;2;;2;;2;;2;;2;;2;;2;;05;12;05;1057.2416569
6047538;1;1;1;90;2;;1;18;2;;2;;2;;2;;2;;2;;2;;2;;05;12;05;1365.4612961
6047539;1;1;1;90;2;;1;6;2;;2;;2;;2;;2;;2;;2;;2;;05;12;05;1473.7021094
6047539;1;2;1;90;2;;1;21;2;;2;;2;;2;;2;;2;;2;;2;;05;12;05;1473.7021094
6047539;1;3;1;90;2;;1;14;2;;2;;2;;2;;2;;2;;2;;2;;05;12;05;1473.7021094
6047540;1;1;1;90;2;;1;4;2;;2;;2;;2;;2;;2;;2;;2;;05;12;05;1257.0380919
6047540;1;2;1;90;2;;1;20;2;;2;;2;;2;;2;;2;;2;;2;;05;12;05;1257.0380919
6047540;1;3;1;90;2;;1;10;2;;2;;2;;2;;2;;2;;2;;2;;05;12;05;1257.0380919
6047540;1;4;1;90;2;;1;2;2;;2;;2;;2;;2;;2;;2;;2;;05;12;05;1257.0380919
6047540;1;5;1;90;2;;2;;2;;2;;2;;2;;2;;2;;2;;2;;05;12;05;1257.0380919
6047541;1;1;1;90;2;;1;2;2;;2;;2;;2;;2;;2;;2;;2;;05;12;05;1391.7844204
6047541;1;2;1;90;2;;1;7;2;;2;;1;1;2;;2;;2;;2;;2;;05;12;05;1391.7844204
6047542;1;1;1;90;2;;1;1;2;;2;;1;2;2;;1;4;2;;2;;2;;05;12;05;1133.7037256
6047542;1;2;1;90;2;;1;12;2;;2;;2;;2;;2;;2;;2;;2;;05;12;05;1133.7037256
6047542;1;3;1;90;2;;2;;2;;2;;2;;2;;2;;2;;2;;2;;05;12;05;1133.7037256
6047542;1;4;1;90;2;;1;40;2;;2;;1;12;2;;2;;2;;2;;2;;05;12;05;1133.7037256
6047542;1;5;1;90;2;;2;;2;;2;;2;;2;;2;;2;;2;;2;;05;12;05;1133.7037256
6047544;1;1;1;90;2;;1;4;2;;2;;2;;2;;2;;2;;2;;2;;05;12;05;1234.6832715
6047547;1;1;1;90;2;;1;1;2;;2;;2;;2;;2;;2;;2;;2;;05;12;05;1267.3007558
6047547;1;2;1;90;2;;1;12;2;;2;;2;;2;;2;;2;;2;;2;;05;12;05;1267.3007558
6047550;1;1;1;90;2;;1;7;2;;1;50;2;;2;;2;;2;;2;;2;;05;12;05;1373.2168486
6047550;1;2;1;90;2;;1;56;2;;1;50;2;;2;;2;;2;;2;;2;;05;12;05;1373.2168486
6047550;1;3;1;90;2;;1;21;2;;1;14;2;;2;;2;;2;;2;;2;;05;12;05;1373.2168486
6047552;1;1;1;90;2;;1;30;2;;1;7;2;;2;;2;;2;;2;;2;;05;12;05;1248.5298102
6047552;1;2;1;90;2;;1;3;2;;2;;2;;2;;2;;2;;2;;2;;05;12;05;1248.5298102
6047552;1;3;1;90;2;;2;;2;;2;;2;;2;;2;;2;;2;;2;;05;12;05;1248.5298102
6047552;1;4;1;90;2;;1;4;2;;1;6;2;;2;;2;;2;;2;;2;;05;12;05;1248.5298102
6047552;1;6;1;90;2;;2;;2;;2;;2;;2;;2;;2;;2;;2;;05;12;05;1248.5298102
6047553;1;1;1;90;2;;1;14;2;;2;;2;;2;;2;;2;;2;;2;;05;12;05;1151.523709
6047553;1;2;1;90;2;;1;1;2;;2;;2;;2;;2;;2;;2;;2;;05;12;05;1151.523709
6047553;1;3;1;90;2;;1;3;2;;2;;2;;2;;2;;2;;2;;2;;05;12;05;1151.523709
6047554;1;1;1;90;2;;1;20;2;;2;;2;;2;;2;;2;;2;;2;;05;12;05;1225.7209745
6047554;1;2;1;90;2;;1;8;2;;2;;2;;2;;2;;2;;2;;2;;05;12;05;1225.7209745
6047554;1;3;1;90;2;;1;3;2;;2;;2;;2;;1;6;2;;2;;2;;05;12;05;1225.7209745
6047555;1;1;1;90;2;;1;30;2;;1;70;2;;2;;2;;1;8;2;;2;;05;12;05;1155.4021972
6047555;1;2;1;90;2;;1;10;2;;1;40;2;;2;;2;;2;;2;;2;;05;12;05;1155.4021972
6047555;1;3;1;90;2;;1;8;2;;2;;2;;2;;2;;1;10;2;;2;;05;12;05;1155.4021972
6047556;1;1;1;90;2;;1;14;2;;2;;2;;2;;2;;2;;2;;2;;05;12;05;1365.4612961
6047557;1;1;1;90;2;;1;7;2;;2;;2;;2;;2;;2;;2;;2;;05;12;05;1365.4612961
6047559;1;1;1;90;2;;1;7;2;;2;;2;;2;;2;;2;;2;;2;;05;12;05;1193.1034902
6047559;1;2;1;90;2;;1;1;2;;2;;2;;2;;2;;2;;2;;2;;05;12;05;1193.1034902
6047560;1;1;1;90;2;;1;20;2;;2;;2;;2;;2;;2;;2;;2;;05;12;05;1372.9049543
6047564;1;1;1;90;2;;1;14;2;;2;;2;;2;;2;;2;;2;;2;;05;12;05;1369.0841052
6047564;1;2;1;90;2;;1;14;2;;2;;2;;2;;2;;2;;2;;1;14;05;12;05;1369.0841052
6047564;1;3;1;90;2;;1;14;2;;2;;2;;2;;2;;2;;2;;2;;05;12;05;1369.0841052
6047564;1;4;1;90;2;;1;14;2;;2;;2;;2;;2;;2;;2;;2;;05;12;05;1369.0841052
6047565;1;1;1;90;2;;1;5;2;;2;;2;;2;;2;;2;;2;;2;;05;12;05;1104.9124243
6047565;1;2;1;90;2;;2;;2;;2;;2;;2;;2;;2;;2;;2;;05;12;05;1104.9124243
6047565;1;3;1;90;2;;1;35;2;;2;;2;;2;;2;;2;;2;;2;;05;12;05;1104.9124243
6047565;1;4;1;90;2;;2;;2;;2;;2;;2;;2;;2;;2;;2;;05;12;05;1104.9124243
6047565;1;5;1;90;2;;1;3;2;;2;;2;;2;;2;;2;;2;;2;;05;12;05;1104.9124243
6047566;1;1;1;90;2;;1;7;2;;2;;2;;2;;2;;2;;2;;2;;05;12;05;1057.2416569
6047566;1;2;1;90;2;;1;15;2;;2;;2;;2;;2;;2;;2;;2;;05;12;05;1057.2416569
6047566;1;3;1;90;2;;1;3;2;;2;;2;;2;;2;;2;;2;;2;;05;12;05;1057.2416569
6047566;1;4;1;90;2;;1;3;2;;2;;2;;2;;2;;2;;2;;2;;05;12;05;1057.2416569
6047575;1;1;1;90;2;;1;25;2;;2;;1;35;2;;2;;2;;2;;2;;08;12;08;511.42576174
6047575;1;2;1;90;2;;1;14;2;;2;;2;;2;;2;;2;;2;;2;;08;12;08;511.42576174
6047576;1;1;1;90;2;;1;24;2;;1;18;2;;2;;2;;2;;2;;2;;08;12;08;751.1777393
6047576;1;2;1;90;2;;1;12;2;;2;;2;;2;;2;;2;;2;;2;;08;12;08;751.1777393
6047576;1;3;1;90;2;;1;8;2;;2;;2;;2;;2;;2;;2;;2;;08;12;08;751.1777393
6047576;1;4;1;90;2;;1;12;2;;2;;2;;2;;2;;2;;2;;2;;08;12;08;751.1777393
6047577;1;1;1;90;2;;2;;2;;2;;2;;2;;2;;2;;2;;2;;08;12;08;620.49619231
6047577;1;2;1;90;2;;1;21;2;;2;;2;;2;;2;;2;;2;;2;;08;12;08;620.49619231
6047577;1;3;1;90;2;;1;21;2;;2;;2;;2;;2;;2;;2;;2;;08;12;08;620.49619231
6047577;1;4;1;90;2;;2;;2;;2;;2;;2;;2;;2;;2;;2;;08;12;08;620.49619231
6047577;1;5;1;90;2;;1;4;2;;2;;2;;2;;2;;2;;2;;2;;08;12;08;620.49619231
6047578;1;1;1;90;2;;1;35;2;;2;;2;;2;;2;;2;;2;;2;;08;12;08;650.10589137
6047578;1;2;1;90;2;;1;14;2;;2;;2;;2;;2;;2;;2;;2;;08;12;08;650.10589137
6047578;1;3;1;90;2;;1;21;2;;1;4;2;;2;;2;;2;;2;;2;;08;12;08;650.10589137
6047578;1;4;1;90;2;;1;14;2;;2;;2;;2;;2;;2;;2;;2;;08;12;08;650.10589137
6047579;1;1;1;90;2;;1;12;2;;2;;2;;2;;2;;2;;2;;2;;08;12;08;647.94934305
6047579;1;2;1;90;2;;1;24;2;;2;;2;;2;;2;;2;;2;;2;;08;12;08;647.94934305
6047580;1;1;1;90;2;;1;12;2;;2;;2;;2;;2;;2;;2;;2;;08;12;08;694.40500627
6047581;1;1;1;90;2;;2;;2;;2;;2;;2;;2;;2;;2;;2;;08;12;08;697.76771135
6047581;1;2;1;90;2;;1;10;2;;1;14;2;;2;;2;;2;;2;;2;;08;12;08;697.76771135
6047581;1;3;1;90;2;;1;14;2;;2;;2;;2;;2;;2;;2;;2;;08;12;08;697.76771135
6047581;1;4;1;90;2;;1;25;2;;1;40;2;;2;;2;;2;;2;;2;;08;12;08;697.76771135
6047581;1;5;1;90;2;;2;;2;;2;;2;;2;;2;;2;;2;;2;;08;12;08;697.76771135
6047582;1;1;1;90;2;;1;10;2;;2;;2;;2;;2;;2;;2;;2;;08;12;08;575.10796061
6047582;1;2;1;90;2;;1;15;2;;2;;2;;2;;2;;2;;2;;2;;08;12;08;575.10796061
6047582;1;3;1;90;2;;1;5;2;;2;;2;;2;;2;;2;;2;;2;;08;12;08;575.10796061
6047582;1;4;1;90;2;;1;14;2;;2;;2;;2;;2;;2;;2;;2;;08;12;08;575.10796061
6047582;1;5;1;90;2;;1;10;2;;2;;2;;2;;2;;2;;2;;2;;08;12;08;575.10796061
6047582;1;6;1;90;2;;2;;2;;2;;2;;2;;2;;2;;2;;2;;08;12;08;575.10796061
6047583;1;1;1;90;2;;2;;2;;2;;2;;2;;2;;2;;2;;2;;08;12;08;607.92662456
6047583;1;2;1;90;2;;1;21;2;;2;;1;14;2;;2;;2;;2;;2;;08;12;08;607.92662456
6047583;1;3;1;90;2;;2;;2;;2;;2;;2;;2;;2;;2;;2;;08;12;08;607.92662456
6047583;1;4;1;90;2;;1;21;2;;1;40;2;;2;;2;;2;;2;;2;;08;12;08;607.92662456
6047585;1;1;1;90;2;;1;1;2;;2;;2;;2;;2;;2;;2;;2;;08;12;08;705.06842462
6047585;1;2;1;90;2;;1;24;2;;2;;2;;2;;2;;2;;2;;2;;08;12;08;705.06842462
6047585;1;3;1;90;2;;1;12;2;;2;;2;;2;;2;;2;;2;;2;;08;12;08;705.06842462
6047585;1;4;1;90;2;;1;3;2;;2;;2;;2;;2;;2;;2;;2;;08;12;08;705.06842462
6047585;1;5;1;90;2;;1;12;2;;2;;2;;2;;2;;2;;2;;2;;08;12;08;705.06842462
6047586;1;1;1;90;2;;1;10;2;;2;;2;;2;;1;2;2;;2;;2;;08;12;08;647.94934305
6047586;1;2;1;90;2;;1;5;2;;2;;2;;2;;2;;2;;2;;2;;08;12;08;647.94934305
6047587;1;1;1;90;2;;1;14;2;;2;;2;;2;;2;;2;;2;;2;;08;12;08;528.2717259
6047587;1;2;1;90;2;;1;35;2;;2;;2;;2;;2;;2;;2;;2;;08;12;08;528.2717259
6047588;1;1;1;90;2;;1;15;2;;2;;2;;2;;2;;2;;2;;2;;08;12;08;506.3809062
6047588;1;2;1;90;2;;1;4;2;;2;;2;;2;;2;;2;;2;;2;;08;12;08;506.3809062
6047588;2;1;2;90;2;;1;3;2;;2;;2;;2;;2;;2;;2;;2;;08;12;08;506.3809062
6047588;3;1;3;90;2;;1;10;2;;2;;2;;2;;2;;2;;2;;2;;08;12;08;506.3809062
6047589;1;1;1;90;2;;1;15;2;;2;;2;;2;;2;;2;;2;;2;;08;12;08;567.69719102
6047591;1;1;1;90;2;;1;20;2;;2;;2;;2;;2;;2;;2;;2;;08;12;08;466.03753005
6047591;1;2;1;90;2;;1;6;2;;2;;2;;2;;2;;2;;2;;2;;08;12;08;466.03753005
6047591;1;3;1;90;2;;1;6;2;;2;;2;;2;;2;;2;;2;;2;;08;12;08;466.03753005
6047592;1;1;1;90;2;;1;15;2;;2;;2;;2;;2;;2;;2;;2;;08;12;08;585.11110419
6047592;1;2;1;90;2;;1;10;2;;2;;2;;2;;2;;2;;2;;2;;08;12;08;585.11110419
6047592;1;3;1;90;2;;1;10;2;;2;;2;;2;;2;;2;;2;;2;;08;12;08;585.11110419
6047593;1;1;1;90;2;;2;;2;;2;;2;;2;;2;;2;;2;;2;;08;12;08;540.24404028
6047593;1;2;1;90;2;;1;20;2;;2;;2;;2;;2;;2;;2;;2;;08;12;08;540.24404028
6047593;1;3;1;90;2;;1;3;2;;2;;2;;2;;1;20;2;;2;;2;;08;12;08;540.24404028
6047593;1;4;1;90;2;;1;8;2;;2;;2;;2;;2;;2;;2;;2;;08;12;08;540.24404028
6047594;1;1;1;90;2;;1;2;2;;2;;2;;2;;2;;2;;2;;2;;08;12;08;432.5748315
6047594;1;2;1;90;2;;2;;2;;2;;2;;2;;2;;2;;2;;2;;08;12;08;432.5748315
6047594;1;3;1;90;2;;2;;2;;2;;2;;2;;2;;2;;2;;2;;08;12;08;432.5748315
6047594;1;4;1;90;2;;1;10;2;;2;;2;;2;;2;;2;;2;;2;;08;12;08;432.5748315
6047595;1;1;1;90;2;;1;35;2;;2;;2;;2;;2;;2;;2;;2;;08;12;08;559.97132801
6047595;1;2;1;90;2;;1;21;2;;2;;2;;2;;2;;2;;2;;2;;08;12;08;559.97132801
6047595;1;3;1;90;2;;1;35;2;;1;35;2;;2;;2;;2;;2;;2;;08;12;08;559.97132801
6047595;1;4;1;90;2;;1;14;2;;1;21;2;;2;;2;;2;;2;;2;;08;12;08;559.97132801
6047595;1;5;1;90;2;;1;14;2;;1;28;2;;2;;2;;2;;2;;2;;08;12;08;559.97132801
6047596;1;1;1;90;2;;1;12;2;;2;;2;;2;;2;;2;;2;;2;;08;12;08;528.2717259
6047596;1;2;1;90;2;;1;18;2;;2;;2;;2;;2;;2;;2;;2;;08;12;08;528.2717259
6047597;1;1;1;90;2;;2;;2;;2;;2;;2;;2;;2;;2;;2;;08;12;08;510.13982711
6047597;1;2;1;90;2;;2;;2;;2;;2;;2;;2;;2;;2;;2;;08;12;08;510.13982711
6047598;1;1;1;90;2;;1;20;2;;1;20;2;;2;;2;;2;;2;;2;;08;12;08;640.503824
6047598;1;2;1;90;2;;2;;2;;1;15;2;;2;;2;;2;;2;;2;;08;12;08;640.503824
6047598;1;3;1;90;2;;1;3;2;;2;;2;;2;;2;;2;;2;;2;;08;12;08;640.503824
6047598;1;6;1;90;2;;2;;2;;2;;2;;2;;2;;2;;2;;2;;08;12;08;640.503824
6047599;1;1;1;90;2;;1;12;2;;2;;2;;2;;2;;2;;2;;2;;08;12;08;528.2717259
6047599;1;2;1;90;2;;1;14;2;;2;;2;;2;;2;;2;;2;;2;;08;12;08;528.2717259
6047600;1;1;1;90;2;;1;2;2;;2;;2;;2;;2;;2;;2;;2;;08;12;08;528.2717259
6047600;1;2;1;90;2;;1;15;2;;2;;2;;2;;2;;2;;2;;2;;08;12;08;528.2717259
6047601;1;1;1;90;2;;1;15;2;;2;;1;25;2;;2;;2;;2;;2;;08;12;08;545.68563907
6047601;1;2;1;90;2;;1;10;2;;2;;1;25;2;;2;;2;;2;;2;;08;12;08;545.68563907
6047601;1;3;1;90;2;;2;;2;;2;;2;;2;;2;;2;;2;;2;;08;12;08;545.68563907
6047601;1;4;1;90;2;;2;;2;;2;;2;;2;;2;;2;;2;;2;;08;12;08;545.68563907
6047603;1;1;1;90;2;;2;;2;;2;;2;;2;;2;;2;;2;;2;;08;12;08;528.2717259
6047603;1;2;1;90;2;;1;20;2;;2;;2;;2;;2;;2;;2;;2;;08;12;08;528.2717259
6047604;1;1;1;90;2;;1;12;2;;2;;2;;2;;2;;2;;2;;2;;08;12;08;784.47292436
6047604;1;2;1;90;2;;1;14;2;;2;;2;;2;;1;16;2;;2;;2;;08;12;08;784.47292436
6047605;1;1;1;90;2;;1;10;2;;1;5;2;;2;;2;;2;;2;;2;;08;12;08;693.8077529
6047605;1;2;1;90;2;;1;25;2;;1;40;2;;2;;2;;2;;2;;2;;08;12;08;693.8077529
6047606;1;1;1;90;2;;2;;2;;2;;2;;2;;2;;2;;2;;2;;08;12;08;472.00029662
6047606;1;2;1;90;2;;1;21;2;;2;;1;24;2;;2;;2;;2;;2;;08;12;08;472.00029662
6047606;1;3;1;90;2;;2;;2;;2;;2;;2;;2;;2;;2;;2;;08;12;08;472.00029662
6047607;1;1;1;90;2;;1;20;2;;2;;2;;2;;2;;2;;2;;2;;08;12;08;539.84360475
6047607;1;2;1;90;2;;1;10;2;;2;;2;;2;;2;;2;;2;;2;;08;12;08;539.84360475
6047607;1;3;1;90;2;;1;12;2;;2;;2;;2;;2;;2;;2;;2;;08;12;08;539.84360475
6047608;1;1;1;90;2;;2;;2;;2;;2;;2;;2;;2;;2;;2;;08;12;08;602.0778006
6047608;1;2;1;90;2;;1;15;2;;2;;2;;2;;2;;2;;2;;2;;08;12;08;602.0778006
6047611;1;1;1;90;2;;1;8;2;;2;;2;;2;;2;;2;;2;;2;;08;12;08;703.02626559
6047611;1;2;1;90;2;;1;14;2;;1;14;2;;2;;2;;2;;2;;2;;08;12;08;703.02626559
6047611;1;5;1;90;2;;1;20;2;;1;48;2;;2;;2;;2;;2;;2;;08;12;08;703.02626559
6047612;1;1;1;90;2;;1;15;2;;2;;2;;2;;2;;2;;2;;2;;08;12;08;647.94934305
6047612;1;2;1;90;2;;2;;2;;2;;2;;2;;2;;2;;2;;2;;08;12;08;647.94934305
6047613;1;1;1;90;2;;2;;2;;2;;2;;2;;2;;2;;2;;2;;08;12;08;608.52387793
6047613;1;2;1;90;2;;1;15;2;;2;;2;;2;;2;;2;;2;;2;;08;12;08;608.52387793
6047613;1;3;1;90;2;;2;;2;;2;;2;;2;;2;;2;;2;;2;;08;12;08;608.52387793
6047616;1;1;1;90;2;;1;12;2;;1;25;2;;2;;2;;2;;2;;2;;08;12;08;579.6695054
6047616;1;2;1;90;2;;2;;2;;2;;2;;2;;2;;2;;2;;2;;08;12;08;579.6695054
6047616;1;3;1;90;2;;1;12;2;;1;25;2;;2;;2;;2;;2;;2;;08;12;08;579.6695054
6047617;1;1;1;90;2;;1;10;2;;2;;2;;2;;2;;2;;2;;2;;08;12;08;557.28417159
6047617;1;2;1;90;2;;1;15;2;;1;40;1;60;2;;2;;2;;2;;2;;08;12;08;557.28417159
6047620;1;1;1;90;2;;1;10;2;;2;;2;;2;;2;;2;;2;;2;;08;12;08;704.22077233
6047621;1;1;1;90;2;;1;21;2;;2;;2;;2;;2;;2;;2;;2;;08;12;08;711.93965169
6047621;1;2;1;90;2;;1;21;2;;1;24;2;;2;;2;;2;;2;;2;;08;12;08;711.93965169
6047622;1;1;1;90;2;;2;;2;;2;;2;;2;;2;;2;;2;;2;;08;12;08;545.80637132
6047622;1;2;1;90;2;;1;15;2;;2;;1;40;2;;2;;2;;2;;2;;08;12;08;545.80637132
6047622;1;3;1;90;2;;2;;2;;2;;2;;2;;2;;2;;2;;2;;08;12;08;545.80637132
6047623;1;1;1;90;2;;1;20;2;;1;20;2;;2;;2;;2;;2;;2;;08;12;08;572.54153645
6047623;1;2;1;90;2;;1;5;2;;2;;2;;2;;1;20;2;;2;;2;;08;12;08;572.54153645
6047624;1;1;1;90;2;;1;5;2;;2;;2;;2;;2;;2;;2;;2;;08;12;08;528.2717259
6047624;1;2;1;90;2;;1;15;2;;2;;2;;2;;2;;2;;2;;2;;08;12;08;528.2717259
6047625;1;1;1;90;2;;2;;2;;2;;2;;2;;2;;2;;2;;2;;08;12;08;705.06842462
6047625;1;2;1;90;2;;1;24;2;;1;42;2;;2;;2;;2;;2;;2;;08;12;08;705.06842462
6047625;1;3;1;90;2;;1;7;2;;2;;2;;2;;2;;2;;2;;2;;08;12;08;705.06842462
6047625;1;4;1;90;2;;1;5;2;;2;;2;;2;;2;;2;;2;;2;;08;12;08;705.06842462
6047625;1;5;1;90;2;;1;7;2;;2;;2;;2;;2;;2;;2;;2;;08;12;08;705.06842462
6047626;1;1;1;90;2;;1;12;2;;2;;2;;2;;2;;2;;2;;2;;08;12;08;719.94502397
6047626;1;2;1;90;2;;2;;2;;2;;2;;2;;2;;2;;2;;2;;08;12;08;719.94502397
6047626;1;3;1;90;2;;1;15;2;;1;35;2;;2;;2;;2;;2;;2;;08;12;08;719.94502397
6047626;1;4;1;90;2;;2;;2;;2;;2;;2;;2;;2;;2;;2;;08;12;08;719.94502397
6047626;1;7;1;90;2;;2;;2;;2;;2;;2;;2;;2;;2;;2;;08;12;08;719.94502397
6047626;1;8;1;90;2;;1;18;2;;1;25;2;;2;;2;;2;;2;;2;;08;12;08;719.94502397
6047627;1;1;1;90;2;;1;10;2;;1;15;2;;2;;2;;2;;2;;2;;08;12;08;703.62351896
6047627;1;2;1;90;2;;1;15;2;;1;20;2;;2;;2;;2;;2;;2;;08;12;08;703.62351896
6047628;1;1;1;90;2;;1;8;2;;2;;2;;2;;2;;2;;2;;2;;08;12;08;620.09575678
6047628;1;2;1;90;2;;1;28;2;;2;;2;;2;;2;;2;;2;;2;;08;12;08;620.09575678
6047628;1;3;1;90;2;;1;8;2;;2;;2;;2;;2;;2;;2;;2;;08;12;08;620.09575678
6047628;1;4;1;90;2;;1;7;2;;2;;2;;2;;2;;2;;2;;2;;08;12;08;620.09575678
6047630;1;1;1;90;2;;2;;2;;2;;2;;2;;2;;2;;2;;2;;08;12;08;492.69660958
6047630;1;2;1;90;2;;1;15;2;;1;25;1;15;2;;2;;2;;2;;2;;08;12;08;492.69660958
6047630;1;3;1;90;2;;1;15;2;;1;20;2;;2;;2;;2;;2;;2;;08;12;08;492.69660958
6047631;1;1;1;90;2;;2;;2;;1;14;2;;2;;2;;2;;2;;2;;08;12;08;642.97792241
6047631;1;2;1;90;2;;1;21;2;;1;21;2;;2;;2;;2;;2;;2;;08;12;08;642.97792241
6047631;1;3;1;90;2;;1;10;2;;1;20;2;;2;;2;;2;;2;;2;;08;12;08;642.97792241
6047632;1;1;1;90;2;;1;35;2;;1;35;2;;2;;2;;2;;2;;2;;08;12;08;545.69242871
6047632;1;2;1;90;2;;1;28;2;;1;28;2;;2;;2;;2;;2;;2;;08;12;08;545.69242871
6047632;1;3;1;90;2;;1;14;2;;1;21;2;;2;;2;;2;;2;;2;;08;12;08;545.69242871
6047632;1;4;1;90;2;;1;28;2;;1;21;2;;2;;2;;2;;2;;2;;08;12;08;545.69242871
6047632;1;5;1;90;2;;2;;2;;2;;2;;2;;2;;2;;2;;2;;08;12;08;545.69242871
6047633;1;1;1;90;2;;2;;2;;2;;2;;2;;2;;2;;2;;2;;08;12;08;651.29405514
6047633;1;2;1;90;2;;1;21;2;;1;43;2;;2;;2;;2;;2;;2;;08;12;08;651.29405514
6047633;1;3;1;90;2;;1;21;2;;1;40;2;;2;;2;;2;;2;;2;;08;12;08;651.29405514
6047634;1;1;1;90;2;;1;4;2;;2;;2;;2;;2;;2;;2;;2;;08;12;08;489.41420979
6047634;1;2;1;90;2;;1;36;2;;2;;2;;2;;2;;2;;2;;2;;08;12;08;489.41420979
6047634;1;3;1;90;2;;1;36;2;;2;;2;;2;;2;;2;;2;;2;;08;12;08;489.41420979
6047634;1;4;1;90;2;;1;2;2;;2;;2;;2;;2;;2;;2;;2;;08;12;08;489.41420979
6047634;1;5;1;90;2;;1;10;2;;2;;2;;2;;2;;2;;2;;2;;08;12;08;489.41420979
6047635;1;1;1;90;2;;2;;2;;2;;2;;2;;2;;2;;2;;2;;08;12;08;690.04883199
6047635;1;2;1;90;2;;1;15;2;;2;;2;;2;;2;;2;;2;;2;;08;12;08;690.04883199
6047635;1;3;1;90;2;;2;;2;;2;;2;;2;;2;;2;;2;;2;;08;12;08;690.04883199
6047635;2;1;2;90;2;;1;12;2;;2;;2;;2;;2;;2;;2;;2;;08;12;08;690.04883199
6047636;1;1;1;90;2;;1;5;2;;2;;2;;2;;2;;2;;2;;2;;08;12;08;620.09575678
6047636;1;2;1;90;2;;1;15;2;;1;5;2;;2;;2;;2;;2;;2;;08;12;08;620.09575678
6047636;1;3;1;90;2;;1;10;2;;2;;2;;2;;2;;2;;2;;2;;08;12;08;620.09575678
6047636;1;4;1;90;2;;1;10;2;;2;;2;;2;;2;;2;;2;;2;;08;12;08;620.09575678
6047637;1;1;1;90;2;;2;;2;;2;;2;;2;;2;;2;;2;;2;;08;12;08;632.46850668
6047637;1;2;1;90;2;;1;21;2;;1;14;1;25;2;;2;;2;;2;;2;;08;12;08;632.46850668
6047637;1;3;1;90;2;;1;21;2;;2;;2;;2;;2;;2;;2;;2;;08;12;08;632.46850668
6047637;1;4;1;90;2;;2;;2;;1;4;2;;2;;2;;2;;2;;2;;08;12;08;632.46850668
6047637;1;5;1;90;2;;2;;2;;2;;2;;2;;2;;2;;2;;2;;08;12;08;632.46850668
6047637;1;6;1;90;2;;1;14;2;;2;;2;;2;;2;;2;;2;;2;;08;12;08;632.46850668
6047637;1;7;1;90;2;;2;;2;;2;;2;;2;;1;30;2;;2;;2;;08;12;08;632.46850668
6047638;1;1;1;90;2;;1;3;2;;2;;2;;2;;2;;2;;2;;2;;08;12;08;646.06615505
6047638;1;2;1;90;2;;1;7;2;;1;5;2;;2;;2;;2;;2;;2;;08;12;08;646.06615505
6047638;1;5;1;90;2;;2;;2;;2;;2;;2;;2;;2;;2;;2;;08;12;08;646.06615505
6047639;1;1;1;90;2;;2;;2;;2;;2;;2;;2;;2;;2;;2;;08;12;08;703.02626559
6047639;1;2;1;90;2;;1;24;2;;1;35;2;;2;;2;;2;;2;;2;;08;12;08;703.02626559
6047639;1;5;1;90;2;;1;15;2;;1;18;2;;2;;2;;2;;2;;2;;08;12;08;703.02626559
6047640;1;1;1;90;2;;2;;2;;2;;2;;2;;2;;2;;2;;2;;08;12;08;491.29105483
6047640;1;2;1;90;2;;1;30;2;;2;;1;12;2;;2;;2;;2;;2;;08;12;08;491.29105483
6047640;1;3;1;90;2;;1;12;2;;2;;2;;2;;2;;2;;2;;2;;08;12;08;491.29105483
6047640;1;4;1;90;2;;1;12;2;;2;;2;;2;;1;20;2;;2;;2;;08;12;08;491.29105483
6047640;1;6;1;90;2;;1;10;2;;2;;2;;2;;2;;2;;2;;2;;08;12;08;491.29105483
6047641;1;1;1;90;2;;1;6;2;;1;20;2;;2;;2;;2;;2;;2;;08;12;08;711.93965169
6047641;1;2;1;90;2;;1;20;2;;1;20;2;;2;;2;;2;;2;;2;;08;12;08;711.93965169
6047642;1;1;1;90;2;;1;17;2;;1;10;2;;2;;2;;2;;2;;2;;08;12;08;645.25520298
6047642;1;2;1;90;2;;1;12;2;;1;21;2;;2;;2;;2;;2;;2;;08;12;08;645.25520298
6047642;1;4;1;90;2;;1;7;2;;1;14;2;;2;;2;;2;;2;;2;;08;12;08;645.25520298
6047642;1;5;1;90;2;;1;17;2;;1;45;2;;2;;2;;2;;2;;2;;08;12;08;645.25520298
6047643;1;1;1;90;2;;1;21;2;;2;;2;;2;;2;;2;;2;;2;;08;12;08;585.11110419
6047643;1;2;1;90;2;;1;14;2;;2;;2;;2;;2;;2;;2;;2;;08;12;08;585.11110419
6047643;1;3;1;90;2;;2;;2;;2;;2;;2;;2;;2;;2;;2;;08;12;08;585.11110419
6047644;1;1;1;90;2;;1;21;2;;2;;2;;2;;2;;2;;2;;2;;08;12;08;608.52387793
6047644;1;2;1;90;2;;1;38;2;;2;;2;;2;;2;;2;;2;;2;;08;12;08;608.52387793
6047644;1;3;1;90;2;;1;4;2;;2;;2;;2;;2;;2;;2;;2;;08;12;08;608.52387793
6047645;1;1;1;90;2;;2;;2;;2;;2;;2;;2;;2;;2;;2;;08;12;08;545.80637132
6047645;1;2;1;90;2;;1;20;2;;2;;1;25;2;;2;;2;;2;;2;;08;12;08;545.80637132
6047645;1;3;1;90;2;;1;3;2;;2;;2;;2;;2;;2;;2;;2;;08;12;08;545.80637132
6047646;1;1;1;90;2;;2;;2;;2;;2;;2;;2;;2;;2;;2;;08;12;08;647.23135743
6047646;1;2;1;90;2;;1;21;2;;1;21;2;;2;;2;;2;;2;;2;;08;12;08;647.23135743
6047646;1;3;1;90;2;;2;;2;;2;;2;;2;;2;;2;;2;;2;;08;12;08;647.23135743
6047646;1;4;1;90;2;;1;4;2;;2;;2;;2;;2;;2;;2;;2;;08;12;08;647.23135743
6047648;1;1;1;90;2;;1;21;2;;2;;2;;2;;2;;2;;2;;2;;08;12;08;567.69719102
6047649;1;1;1;90;2;;1;15;2;;2;;2;;2;;2;;2;;2;;2;;08;12;08;630.37860364
6047649;1;2;1;90;2;;1;6;2;;2;;2;;2;;2;;2;;2;;2;;08;12;08;630.37860364
6047649;1;3;1;90;2;;1;12;2;;2;;2;;2;;2;;2;;2;;2;;08;12;08;630.37860364
6047651;1;1;1;90;2;;1;15;2;;2;;1;15;2;;2;;2;;2;;2;;08;12;08;507.55289822
6047651;1;2;1;90;2;;1;15;2;;2;;1;25;2;;2;;2;;2;;2;;08;12;08;507.55289822
6047651;1;3;1;90;2;;1;18;2;;2;;2;;2;;2;;2;;2;;2;;08;12;08;507.55289822
6047651;1;4;1;90;2;;1;15;2;;2;;2;;2;;2;;2;;2;;2;;08;12;08;507.55289822
6047651;1;5;1;90;2;;1;10;2;;2;;2;;2;;2;;2;;2;;2;;08;12;08;507.55289822
6047651;1;6;1;90;2;;2;;2;;2;;2;;2;;2;;2;;2;;2;;08;12;08;507.55289822
6047652;1;1;1;90;2;;2;;2;;2;;2;;2;;2;;2;;2;;2;;08;12;08;661.10982121
6047652;1;2;1;90;2;;1;30;2;;2;;2;;2;;2;;2;;2;;2;;08;12;08;661.10982121
6047652;1;3;1;90;2;;1;5;2;;2;;2;;2;;2;;2;;2;;2;;08;12;08;661.10982121
6047653;1;1;1;90;2;;1;21;2;;2;;2;;2;;2;;2;;2;;2;;08;12;08;608.52387793
6047653;1;2;1;90;2;;1;21;2;;2;;2;;2;;2;;2;;2;;2;;08;12;08;608.52387793
6047653;1;3;1;90;2;;1;21;2;;2;;2;;2;;2;;2;;2;;2;;08;12;08;608.52387793
6047654;1;1;1;90;2;;1;21;2;;2;;2;;2;;2;;2;;2;;2;;08;12;08;641.50326572
6047655;1;1;1;90;2;;1;7;2;;2;;2;;2;;2;;2;;2;;2;;08;12;08;545.11769006
6047655;1;2;1;90;2;;1;12;2;;2;;2;;2;;2;;2;;2;;2;;08;12;08;545.11769006
6047657;1;1;1;90;2;;2;;2;;2;;2;;2;;2;;2;;2;;2;;08;12;08;479.71917598
6047657;1;2;1;90;2;;2;;2;;2;;2;;2;;2;;2;;2;;2;;08;12;08;479.71917598
6047657;1;3;1;90;2;;1;21;2;;2;;1;40;2;;2;;2;;2;;2;;08;12;08;479.71917598
6047657;1;4;1;90;2;;1;14;2;;1;25;2;;2;;2;;2;;2;;2;;08;12;08;479.71917598
6047658;1;1;1;90;2;;1;15;2;;1;20;2;;2;;2;;2;;2;;2;;08;12;08;528.1216893
6047658;1;2;1;90;2;;2;;2;;2;;2;;2;;2;;2;;2;;2;;08;12;08;528.1216893
6047658;1;3;1;90;2;;1;4;2;;2;;2;;2;;2;;2;;2;;2;;08;12;08;528.1216893
6047658;1;4;1;90;2;;1;12;2;;1;45;2;;2;;2;;2;;2;;2;;08;12;08;528.1216893
6047658;1;6;1;90;2;;1;15;2;;2;;2;;2;;2;;2;;2;;2;;08;12;08;528.1216893
6047658;1;7;1;90;2;;2;;2;;2;;2;;2;;2;;2;;2;;2;;08;12;08;528.1216893
6047659;1;1;1;90;2;;1;14;2;;2;;2;;2;;2;;2;;2;;2;;08;12;08;590.67343524
6047659;1;2;1;90;2;;1;12;2;;2;;2;;2;;2;;2;;2;;2;;08;12;08;590.67343524
6047660;1;1;1;90;2;;1;4;2;;2;;2;;2;;2;;2;;2;;2;;08;12;08;683.01863389
6047660;1;2;1;90;2;;1;36;2;;2;;1;36;2;;2;;2;;2;;2;;08;12;08;683.01863389
6047660;1;3;1;90;2;;2;;2;;2;;2;;2;;2;;2;;2;;2;;08;12;08;683.01863389
6047660;1;4;1;90;2;;1;21;2;;2;;2;;2;;2;;2;;2;;2;;08;12;08;683.01863389
6047661;1;1;1;90;2;;1;7;2;;2;;2;;2;;2;;2;;2;;2;;08;12;08;602.96154688
6047661;1;2;1;90;2;;1;35;2;;1;21;2;;2;;2;;2;;2;;2;;08;12;08;602.96154688
6047661;1;3;1;90;2;;1;14;2;;2;;2;;2;;2;;2;;2;;2;;08;12;08;602.96154688
6047661;1;4;1;90;2;;2;;2;;2;;2;;2;;2;;2;;2;;2;;08;12;08;602.96154688
6047662;1;1;1;90;2;;1;12;2;;2;;2;;2;;2;;2;;2;;2;;08;12;08;688.77602996
6047662;1;2;1;90;2;;1;14;2;;2;;2;;2;;2;;2;;2;;2;;08;12;08;688.77602996
6047662;1;3;1;90;2;;1;7;2;;2;;2;;2;;2;;2;;2;;2;;08;12;08;688.77602996
6047662;1;4;1;90;2;;1;10;2;;2;;2;;2;;2;;2;;2;;2;;08;12;08;688.77602996
6047663;1;1;1;90;2;;1;7;2;;2;;2;;2;;2;;2;;2;;2;;08;12;08;522.58866261
6047663;1;2;1;90;2;;2;;2;;2;;2;;2;;2;;2;;2;;2;;08;12;08;522.58866261
6047663;1;3;1;90;2;;1;4;2;;2;;2;;2;;2;;2;;2;;2;;08;12;08;522.58866261
6047663;1;4;1;90;2;;2;;2;;2;;2;;2;;2;;2;;2;;2;;08;12;08;522.58866261
6047664;1;1;1;90;2;;2;;2;;2;;2;;2;;2;;2;;2;;2;;08;12;08;665.36325622
6047664;1;2;1;90;2;;1;24;2;;2;;1;10;2;;2;;2;;2;;2;;08;12;08;665.36325622
6047664;1;3;1;90;2;;1;24;2;;2;;2;;2;;2;;2;;2;;2;;08;12;08;665.36325622
6047664;1;4;1;90;2;;1;12;2;;2;;2;;2;;2;;2;;2;;2;;08;12;08;665.36325622
6047665;1;1;1;90;2;;1;15;2;;1;15;2;;2;;2;;2;;2;;2;;08;12;08;661.10982121
6047665;1;2;1;90;2;;1;15;2;;1;15;2;;2;;2;;2;;2;;2;;08;12;08;661.10982121
6047665;1;3;1;90;2;;1;3;2;;2;;2;;2;;2;;2;;2;;2;;08;12;08;661.10982121
6047666;1;1;1;90;2;;1;17;2;;1;25;1;40;2;;2;;2;;2;;2;;08;12;08;585.23183644
6047666;1;2;1;90;2;;2;;2;;2;;2;;2;;2;;2;;2;;2;;08;12;08;585.23183644
6047667;1;1;1;90;2;;1;3;2;;2;;2;;2;;2;;2;;2;;2;;08;12;08;652.79368848
6047667;1;2;1;90;2;;1;20;2;;2;;2;;2;;2;;2;;2;;2;;08;12;08;652.79368848
6047667;1;3;1;90;2;;1;4;2;;2;;2;;2;;2;;2;;2;;2;;08;12;08;652.79368848
6047668;1;1;1;90;2;;1;4;2;;2;;2;;2;;2;;2;;2;;2;;08;12;08;716.19308671
6047668;1;2;1;90;2;;1;12;2;;2;;2;;2;;2;;2;;2;;2;;08;12;08;716.19308671
6047668;1;3;1;90;2;;1;6;2;;2;;2;;2;;2;;2;;2;;2;;08;12;08;716.19308671
6047669;1;1;1;90;2;;1;21;2;;2;;2;;2;;2;;2;;2;;2;;08;12;08;721.75541775
6047669;1;2;1;90;2;;1;4;2;;2;;2;;2;;2;;2;;2;;2;;08;12;08;721.75541775
6047674;1;1;1;90;2;;1;28;2;;1;28;1;28;2;;2;;2;;2;;2;;08;12;08;622.65274062
6047674;1;2;1;90;2;;2;;2;;2;;2;;2;;2;;2;;2;;2;;08;12;08;622.65274062
6047674;1;3;1;90;2;;1;14;2;;2;;2;;2;;2;;2;;2;;2;;08;12;08;622.65274062
6047674;1;4;1;90;2;;1;21;2;;2;;2;;2;;2;;2;;2;;2;;08;12;08;622.65274062
6047674;1;5;1;90;2;;1;14;2;;2;;2;;2;;2;;2;;2;;2;;08;12;08;622.65274062
6047674;1;6;1;90;2;;1;14;2;;2;;2;;2;;2;;2;;2;;2;;08;12;08;622.65274062
6047674;1;7;1;90;2;;1;21;2;;1;28;2;;2;;2;;2;;2;;2;;08;12;08;622.65274062
6047675;1;1;1;90;2;;1;14;2;;2;;2;;2;;2;;2;;2;;2;;08;12;08;807.85639374
6047675;1;2;1;90;2;;1;18;2;;2;;2;;2;;2;;2;;2;;2;;08;12;08;807.85639374
6047675;1;3;1;90;2;;2;;2;;2;;2;;2;;2;;2;;2;;2;;08;12;08;807.85639374
6047675;1;5;1;90;2;;1;7;2;;2;;2;;2;;2;;2;;2;;2;;08;12;08;807.85639374
6047675;1;6;1;90;2;;1;14;2;;2;;2;;2;;2;;2;;2;;2;;08;12;08;807.85639374
6047676;1;1;1;90;2;;1;15;2;;2;;2;;2;;2;;2;;2;;2;;08;12;08;528.2717259
6047676;1;2;1;90;2;;1;5;2;;2;;2;;2;;2;;2;;2;;2;;08;12;08;528.2717259
6047677;1;1;1;90;2;;2;;2;;2;;2;;2;;2;;2;;2;;2;;08;12;08;665.77048139
6047677;1;2;1;90;2;;1;4;2;;2;;2;;2;;2;;2;;2;;2;;08;12;08;665.77048139
6047677;1;3;1;90;2;;1;38;2;;2;;2;;2;;2;;2;;2;;2;;08;12;08;665.77048139
6047677;1;5;1;90;2;;2;;2;;2;;2;;2;;2;;2;;2;;2;;08;12;08;665.77048139
6047677;1;6;1;90;2;;1;24;2;;2;;2;;2;;2;;2;;2;;2;;08;12;08;665.77048139
6047677;1;7;1;90;2;;2;;2;;2;;2;;2;;2;;2;;2;;2;;08;12;08;665.77048139
6047678;1;1;1;90;2;;2;;2;;2;;2;;2;;2;;2;;2;;2;;08;12;08;627.8887749
6047678;1;2;1;90;2;;1;21;2;;1;25;1;30;2;;2;;2;;2;;2;;08;12;08;627.8887749
6047678;1;3;1;90;2;;2;;2;;2;;2;;2;;2;;2;;2;;2;;08;12;08;627.8887749
6047678;1;4;1;90;2;;2;;2;;2;;2;;2;;2;;2;;2;;2;;08;12;08;627.8887749
6047678;1;5;1;90;2;;1;21;2;;1;30;2;;2;;2;;2;;2;;2;;08;12;08;627.8887749
6047678;1;6;1;90;2;;2;;2;;2;;2;;2;;2;;2;;2;;2;;08;12;08;627.8887749
6047678;1;7;1;90;2;;1;14;2;;2;;2;;2;;2;;2;;2;;2;;08;12;08;627.8887749
6047678;1;8;1;90;2;;2;;2;;2;;2;;2;;2;;2;;2;;2;;08;12;08;627.8887749
6047678;1;9;1;90;2;;1;21;2;;1;30;2;;2;;2;;2;;2;;2;;08;12;08;627.8887749
6047678;1;12;1;90;2;;2;;2;;2;;2;;2;;2;;2;;2;;2;;08;12;08;627.8887749
6047678;1;13;1;90;2;;1;21;2;;1;30;2;;2;;2;;2;;2;;2;;08;12;08;627.8887749
6047678;1;15;1;90;2;;1;21;2;;1;30;2;;2;;2;;2;;2;;2;;08;12;08;627.8887749
6047678;1;16;1;90;2;;2;;2;;2;;2;;2;;2;;2;;2;;2;;08;12;08;627.8887749
6047679;1;1;1;90;2;;1;15;2;;2;;2;;2;;2;;2;;2;;2;;08;12;08;617.50073211
6047679;1;2;1;90;2;;2;;2;;2;;2;;2;;2;;2;;2;;2;;08;12;08;617.50073211
6047679;1;3;1;90;2;;2;;2;;2;;2;;2;;2;;2;;2;;2;;08;12;08;617.50073211
6047679;1;4;1;90;2;;1;4;2;;2;;2;;2;;2;;2;;2;;2;;08;12;08;617.50073211
6047679;1;5;1;90;2;;1;10;2;;2;;2;;2;;2;;2;;2;;2;;08;12;08;617.50073211
6047679;1;6;1;90;2;;1;12;2;;2;;2;;2;;2;;2;;2;;2;;08;12;08;617.50073211
6047679;1;7;1;90;2;;2;;2;;2;;2;;2;;2;;2;;2;;2;;08;12;08;617.50073211
6047679;1;8;1;90;2;;1;4;2;;2;;2;;2;;2;;2;;2;;2;;08;12;08;617.50073211
6047679;1;9;1;90;2;;2;;2;;2;;2;;2;;2;;2;;2;;2;;08;12;08;617.50073211
6047679;1;11;1;90;2;;2;;2;;2;;2;;2;;2;;2;;2;;2;;08;12;08;617.50073211
6047679;1;12;1;90;2;;1;15;2;;1;45;2;;2;;2;;2;;2;;2;;08;12;08;617.50073211
6047679;1;15;1;90;2;;1;12;2;;2;;2;;2;;2;;2;;2;;2;;08;12;08;617.50073211
6047680;1;1;1;90;2;;2;;2;;2;;2;;2;;2;;2;;2;;2;;08;12;08;677.45630285
6047680;1;2;1;90;2;;1;40;2;;2;;2;;2;;2;;2;;2;;2;;08;12;08;677.45630285
6047680;1;3;1;90;2;;1;15;2;;2;;2;;2;;2;;2;;2;;2;;08;12;08;677.45630285
6047680;1;4;1;90;2;;1;24;2;;2;;1;45;2;;2;;2;;2;;2;;08;12;08;677.45630285
6047680;1;5;1;90;2;;2;;2;;2;;2;;2;;2;;2;;2;;2;;08;12;08;677.45630285
6047681;1;1;1;90;2;;1;25;2;;1;42;2;;2;;2;;2;;2;;2;;08;12;08;729.64005778
6047681;1;2;1;90;2;;2;;2;;2;;2;;2;;2;;2;;2;;2;;08;12;08;729.64005778
6047681;1;3;1;90;2;;1;10;2;;2;;2;;2;;2;;2;;2;;2;;08;12;08;729.64005778
6047681;1;4;1;90;2;;2;;2;;2;;2;;2;;2;;2;;2;;2;;08;12;08;729.64005778
6047681;1;7;1;90;2;;2;;2;;2;;2;;2;;2;;2;;2;;2;;08;12;08;729.64005778
6047681;1;8;1;90;2;;1;25;2;;2;;2;;2;;2;;2;;2;;2;;08;12;08;729.64005778
6047681;1;9;1;90;2;;2;;2;;2;;2;;2;;2;;2;;2;;2;;08;12;08;729.64005778
6047682;1;1;1;90;2;;1;14;2;;2;;2;;2;;2;;2;;2;;2;;08;12;08;765.68904453
6047682;1;2;1;90;2;;1;21;2;;1;21;1;21;2;;2;;2;;2;;2;;08;12;08;765.68904453
6047682;1;3;1;90;2;;1;21;2;;1;28;2;;2;;2;;2;;2;;2;;08;12;08;765.68904453
6047682;1;4;1;90;2;;1;21;2;;2;;2;;2;;2;;2;;2;;2;;08;12;08;765.68904453
6047682;1;7;1;90;2;;1;14;2;;2;;2;;2;;2;;2;;2;;2;;08;12;08;765.68904453
6047682;1;8;1;90;2;;1;35;2;;2;;2;;2;;2;;2;;2;;2;;08;12;08;765.68904453
6047683;1;1;1;90;2;;1;6;2;;2;;2;;2;;2;;2;;2;;2;;08;12;08;670.64413117
6047683;1;2;1;90;2;;1;20;2;;1;15;2;;2;;2;;2;;2;;2;;08;12;08;670.64413117
6047683;1;3;1;90;2;;1;8;2;;2;;2;;2;;2;;2;;2;;2;;08;12;08;670.64413117
6047683;1;4;1;90;2;;2;;2;;1;5;2;;2;;2;;2;;2;;2;;08;12;08;670.64413117
6047684;1;1;1;90;2;;1;16;2;;1;18;2;;2;;2;;2;;2;;2;;08;12;08;551.72184055
6047684;1;4;1;90;2;;1;25;2;;1;15;2;;2;;2;;2;;2;;2;;08;12;08;551.72184055
6047684;1;5;1;90;2;;1;7;2;;2;;2;;2;;2;;2;;2;;2;;08;12;08;551.72184055
6047685;1;1;1;90;2;;2;;2;;2;;2;;2;;2;;2;;2;;2;;08;12;08;567.57645877
6047685;1;2;1;90;2;;1;28;2;;2;;2;;2;;2;;2;;2;;2;;08;12;08;567.57645877
6047686;1;1;1;90;2;;2;;2;;2;;2;;2;;2;;2;;2;;2;;08;12;08;335.59084567
6047686;1;2;1;90;2;;1;21;2;;1;35;2;;2;;2;;2;;2;;2;;08;12;08;335.59084567
6047686;1;3;1;90;2;;2;;2;;2;;2;;2;;2;;2;;2;;2;;08;12;08;335.59084567
6047686;1;4;1;90;2;;1;21;2;;1;30;2;;2;;2;;2;;2;;2;;08;12;08;335.59084567
6047686;1;5;1;90;2;;1;21;2;;2;;2;;2;;2;;2;;2;;2;;08;12;08;335.59084567
6047686;1;6;1;90;2;;2;;2;;2;;2;;2;;2;;2;;2;;2;;08;12;08;335.59084567
6047686;1;7;1;90;2;;1;2;2;;2;;2;;2;;2;;2;;2;;2;;08;12;08;335.59084567
6047686;1;8;1;90;2;;2;;2;;2;;2;;2;;2;;2;;2;;2;;08;12;08;335.59084567
6047686;1;9;1;90;2;;2;;2;;2;;2;;2;;2;;2;;2;;2;;08;12;08;335.59084567
6047686;1;11;1;90;2;;2;;2;;2;;2;;2;;2;;2;;2;;2;;08;12;08;335.59084567
6047686;1;12;1;90;2;;1;14;2;;1;30;2;;2;;2;;2;;2;;2;;08;12;08;335.59084567
6047686;1;14;1;90;2;;1;7;2;;2;;2;;2;;2;;2;;2;;2;;08;12;08;335.59084567
6047687;1;1;1;90;2;;1;21;2;;1;21;2;;2;;2;;2;;2;;2;;08;12;08;686.33927246
6047687;1;2;1;90;2;;1;35;2;;1;28;2;;2;;2;;2;;2;;2;;08;12;08;686.33927246
6047687;1;3;1;90;2;;1;7;2;;2;;2;;2;;2;;2;;2;;2;;08;12;08;686.33927246
6047687;1;5;1;90;2;;1;21;2;;2;;2;;2;;2;;2;;2;;2;;08;12;08;686.33927246
6047687;1;6;1;90;2;;1;14;2;;2;;2;;2;;2;;2;;2;;2;;08;12;08;686.33927246
6047687;1;7;1;90;2;;1;14;2;;2;;2;;2;;2;;2;;2;;2;;08;12;08;686.33927246
6047688;1;1;1;90;2;;2;;2;;2;;2;;2;;2;;2;;2;;2;;08;12;08;511.17731359
6047688;1;2;1;90;2;;1;15;2;;1;5;2;;2;;2;;2;;2;;2;;08;12;08;511.17731359
6047688;1;3;1;90;2;;2;;2;;2;;2;;2;;2;;2;;2;;2;;08;12;08;511.17731359
6047688;1;4;1;90;2;;1;15;2;;1;10;2;;2;;2;;2;;2;;2;;08;12;08;511.17731359
6047688;1;5;1;90;2;;1;5;2;;2;;2;;2;;2;;2;;2;;2;;08;12;08;511.17731359
6047688;1;6;1;90;2;;1;3;2;;2;;2;;2;;2;;2;;2;;2;;08;12;08;511.17731359
6047688;1;8;1;90;2;;1;15;2;;2;;1;20;2;;2;;2;;2;;2;;08;12;08;511.17731359
6047688;1;9;1;90;2;;2;;2;;2;;2;;2;;2;;2;;2;;2;;08;12;08;511.17731359
6047688;1;10;1;90;2;;2;;2;;2;;2;;2;;2;;2;;2;;2;;08;12;08;511.17731359
6047689;1;1;1;90;2;;1;21;2;;1;30;2;;2;;2;;2;;2;;2;;08;12;08;578.38357077
6047689;1;2;1;90;2;;1;4;2;;2;;2;;2;;2;;2;;2;;2;;08;12;08;578.38357077
6047689;1;3;1;90;2;;2;;2;;2;;2;;2;;2;;2;;2;;2;;08;12;08;578.38357077
6047690;1;1;1;90;2;;1;24;2;;1;30;2;;2;;2;;2;;2;;2;;08;12;08;557.76069271
6047690;1;2;1;90;2;;2;;2;;2;;2;;2;;2;;2;;2;;2;;08;12;08;557.76069271
6047691;1;1;1;90;2;;1;2;2;;2;;2;;2;;2;;2;;2;;2;;08;12;08;749.14619172
6047691;1;2;1;90;2;;1;36;2;;1;24;2;;2;;2;;2;;2;;2;;08;12;08;749.14619172
6047691;1;3;1;90;2;;1;4;2;;2;;2;;2;;2;;2;;2;;2;;08;12;08;749.14619172
6047691;1;5;1;90;2;;1;36;2;;1;24;2;;2;;2;;2;;2;;2;;08;12;08;749.14619172
6047691;1;6;1;90;2;;2;;2;;2;;2;;2;;2;;2;;2;;2;;08;12;08;749.14619172
6047691;1;11;1;90;2;;1;36;2;;1;24;2;;2;;2;;2;;2;;2;;08;12;08;749.14619172
6047691;1;13;1;90;2;;1;18;2;;2;;2;;2;;2;;2;;2;;2;;08;12;08;749.14619172
6047691;1;16;1;90;2;;1;6;2;;2;;2;;2;;2;;2;;2;;2;;08;12;08;749.14619172
6047692;1;1;1;90;2;;1;12;2;;2;;2;;2;;2;;2;;2;;2;;08;12;08;584.36317353
6047692;1;2;1;90;2;;1;12;2;;2;;2;;2;;2;;2;;2;;2;;08;12;08;584.36317353
6047692;1;3;1;90;2;;2;;2;;2;;2;;2;;2;;2;;2;;2;;08;12;08;584.36317353
6047692;1;4;1;90;2;;1;24;2;;2;;2;;2;;2;;2;;2;;2;;08;12;08;584.36317353
6047692;1;5;1;90;2;;1;7;2;;2;;2;;2;;2;;2;;2;;2;;08;12;08;584.36317353
6047692;1;6;1;90;2;;1;12;2;;2;;2;;2;;2;;2;;2;;2;;08;12;08;584.36317353
6047692;1;7;1;90;2;;1;12;2;;2;;2;;2;;2;;2;;2;;2;;08;12;08;584.36317353
6047692;1;8;1;90;2;;2;;2;;2;;2;;2;;2;;2;;2;;2;;08;12;08;584.36317353
6047692;1;10;1;90;2;;1;20;2;;2;;2;;2;;2;;2;;2;;2;;08;12;08;584.36317353
6047692;1;11;1;90;2;;2;;2;;2;;2;;2;;2;;2;;2;;2;;08;12;08;584.36317353
6047692;1;12;1;90;2;;2;;2;;2;;2;;2;;2;;2;;2;;2;;08;12;08;584.36317353
6047692;1;13;1;90;2;;2;;2;;2;;2;;2;;2;;2;;2;;2;;08;12;08;584.36317353
6047693;1;1;1;90;2;;1;25;2;;2;;2;;2;;2;;2;;2;;2;;08;12;08;844.99759464
6047693;1;2;1;90;2;;1;18;2;;2;;2;;2;;2;;2;;2;;2;;08;12;08;844.99759464
6047693;1;3;1;90;2;;1;25;2;;2;;2;;2;;2;;2;;2;;2;;08;12;08;844.99759464
6047693;1;4;1;90;2;;2;;2;;2;;2;;2;;2;;2;;2;;2;;08;12;08;844.99759464
6047693;1;5;1;90;2;;2;;2;;2;;2;;2;;2;;2;;2;;2;;08;12;08;844.99759464
6047693;1;6;1;90;2;;1;25;2;;1;45;2;;2;;2;;2;;2;;2;;08;12;08;844.99759464
6047693;1;7;1;90;2;;2;;2;;2;;2;;2;;2;;2;;2;;2;;08;12;08;844.99759464
6047693;1;8;1;90;2;;2;;2;;2;;2;;2;;2;;2;;2;;2;;08;12;08;844.99759464
6047695;1;1;1;90;2;;1;15;2;;2;;2;;2;;2;;2;;2;;2;;08;12;08;733.0458405
6047695;1;2;1;90;2;;1;3;2;;2;;2;;2;;2;;2;;2;;2;;08;12;08;733.0458405
6047695;1;3;1;90;2;;2;;2;;1;6;2;;2;;2;;2;;2;;2;;08;12;08;733.0458405
6047695;1;4;1;90;2;;1;14;2;;1;20;2;;2;;2;;2;;2;;2;;08;12;08;733.0458405
6047696;1;1;1;90;2;;1;21;2;;1;14;2;;2;;2;;2;;2;;2;;08;12;08;707.25472397
6047696;1;2;1;90;2;;2;;2;;2;;2;;2;;2;;2;;2;;2;;08;12;08;707.25472397
6047696;1;3;1;90;2;;1;7;2;;2;;2;;2;;2;;2;;2;;2;;08;12;08;707.25472397
6047696;1;4;1;90;2;;1;10;2;;1;25;2;;2;;2;;2;;2;;2;;08;12;08;707.25472397
6047696;1;7;1;90;2;;1;17;2;;1;35;2;;2;;2;;2;;2;;2;;08;12;08;707.25472397
6047696;1;8;1;90;2;;1;7;2;;1;10;2;;2;;2;;2;;2;;2;;08;12;08;707.25472397
6047697;1;1;1;90;2;;1;21;2;;1;45;2;;2;;2;;2;;2;;2;;08;12;08;623.37136693
6047698;1;1;1;90;2;;1;35;2;;1;35;2;;2;;2;;2;;2;;2;;08;12;08;637.41559137
6047698;1;2;1;90;2;;1;14;2;;2;;2;;2;;2;;2;;2;;2;;08;12;08;637.41559137
6047698;1;3;1;90;2;;1;14;2;;2;;2;;2;;2;;2;;2;;2;;08;12;08;637.41559137
6047698;1;4;1;90;2;;1;21;2;;1;35;2;;2;;2;;2;;2;;2;;08;12;08;637.41559137
6047699;1;1;1;90;2;;1;6;2;;2;;2;;2;;2;;2;;2;;2;;08;12;08;716.19308671
6047699;1;2;1;90;2;;1;30;2;;2;;2;;2;;2;;2;;2;;2;;08;12;08;716.19308671
6047699;1;3;1;90;2;;1;6;2;;2;;2;;2;;2;;2;;2;;2;;08;12;08;716.19308671
6047700;1;1;1;90;2;;1;25;2;;1;21;2;;2;;2;;2;;2;;2;;08;12;08;704.50726525
6047700;1;2;1;90;2;;2;;2;;2;;2;;2;;2;;2;;2;;2;;08;12;08;704.50726525
6047700;1;3;1;90;2;;2;;2;;2;;2;;2;;2;;2;;2;;2;;08;12;08;704.50726525
6047700;1;5;1;90;2;;2;;2;;2;;2;;2;;2;;2;;2;;2;;08;12;08;704.50726525
6047701;1;1;1;90;2;;1;10;2;;2;;1;21;2;;2;;2;;2;;2;;08;12;08;642.38701201
6047701;1;2;1;90;2;;1;21;2;;2;;1;21;2;;2;;2;;2;;2;;08;12;08;642.38701201
6047701;1;3;1;90;2;;2;;2;;2;;2;;2;;2;;2;;2;;2;;08;12;08;642.38701201
6047702;1;1;1;90;2;;1;28;2;;1;28;2;;2;;2;;2;;2;;2;;08;12;08;672.51418657
6047702;1;2;1;90;2;;1;35;2;;1;35;2;;2;;2;;2;;2;;2;;08;12;08;672.51418657
6047702;1;3;1;90;2;;1;35;2;;1;35;2;;2;;2;;2;;2;;2;;08;12;08;672.51418657
6047703;1;1;1;90;2;;1;15;2;;2;;2;;2;;2;;2;;2;;2;;08;12;08;608.52387793
6047703;1;2;1;90;2;;1;10;2;;2;;2;;2;;2;;2;;2;;2;;08;12;08;608.52387793
6047703;1;3;1;90;2;;2;;2;;2;;2;;2;;2;;2;;2;;2;;08;12;08;608.52387793
6047704;1;1;1;90;2;;1;15;2;;2;;2;;2;;2;;2;;2;;2;;08;12;08;557.94444637
6047704;1;2;1;90;2;;1;6;2;;2;;2;;2;;2;;2;;2;;2;;08;12;08;557.94444637
6047704;1;3;1;90;2;;1;15;2;;1;30;2;;2;;2;;2;;2;;2;;08;12;08;557.94444637
6047704;1;4;1;90;2;;2;;2;;2;;2;;2;;2;;2;;2;;2;;08;12;08;557.94444637
6047704;1;5;1;90;2;;2;;2;;2;;2;;2;;2;;2;;2;;2;;08;12;08;557.94444637
6047704;1;7;1;90;2;;1;15;2;;2;;2;;2;;2;;2;;2;;2;;08;12;08;557.94444637
6047704;1;8;1;90;2;;2;;2;;2;;2;;2;;2;;2;;2;;2;;08;12;08;557.94444637
6047704;1;9;1;90;2;;1;4;2;;2;;2;;2;;2;;2;;2;;2;;08;12;08;557.94444637
6047704;1;10;1;90;2;;1;6;2;;2;;2;;2;;2;;2;;2;;2;;08;12;08;557.94444637
6047705;1;1;1;90;2;;1;35;2;;1;28;2;;2;;2;;2;;2;;2;;08;12;08;546.75676287
6047705;1;2;1;90;2;;1;14;2;;2;;2;;2;;2;;2;;2;;2;;08;12;08;546.75676287
6047705;1;3;1;90;2;;1;14;2;;2;;2;;2;;2;;2;;2;;2;;08;12;08;546.75676287
6047706;1;1;1;90;2;;1;14;2;;1;21;2;;2;;2;;2;;2;;2;;08;12;08;628.19707868
6047706;1;2;1;90;2;;1;21;2;;2;;2;;2;;2;;2;;2;;2;;08;12;08;628.19707868
6047706;1;4;1;90;2;;1;21;2;;1;35;2;;2;;2;;2;;2;;2;;08;12;08;628.19707868
6047707;1;1;1;90;2;;1;21;2;;2;;2;;2;;2;;2;;2;;2;;08;12;08;567.69719102
6047708;1;1;1;90;2;;1;12;2;;2;;2;;2;;2;;2;;2;;2;;08;12;08;595.23632456
6047708;1;2;1;90;2;;1;28;2;;2;;2;;2;;2;;2;;2;;2;;08;12;08;595.23632456
6047708;1;3;1;90;2;;1;28;2;;1;24;2;;2;;2;;2;;2;;2;;08;12;08;595.23632456
6047708;1;4;1;90;2;;1;10;2;;2;;2;;2;;2;;2;;2;;2;;08;12;08;595.23632456
6047709;1;1;1;90;2;;2;;2;;2;;2;;2;;2;;2;;2;;2;;08;12;08;745.7361405
6047709;1;2;1;90;2;;2;;2;;2;;2;;2;;2;;2;;2;;2;;08;12;08;745.7361405
6047709;1;3;1;90;2;;1;36;2;;2;;2;;2;;2;;2;;2;;2;;08;12;08;745.7361405
6047709;1;4;1;90;2;;1;2;2;;2;;2;;2;;2;;2;;2;;2;;08;12;08;745.7361405
6047710;1;1;1;90;2;;2;;2;;2;;2;;2;;2;;2;;2;;2;;08;12;08;670.92558727
6047710;1;2;1;90;2;;1;25;2;;1;30;2;;2;;2;;2;;2;;2;;08;12;08;670.92558727
6047710;1;3;1;90;2;;1;7;2;;2;;2;;2;;2;;2;;2;;2;;08;12;08;670.92558727
6047711;1;1;1;90;2;;1;15;2;;2;;2;;2;;2;;2;;2;;2;;08;12;08;704.22077233
6047712;1;1;1;90;2;;1;15;2;;2;;2;;2;;2;;2;;2;;2;;08;12;08;579.54877315
6047712;1;2;1;90;2;;1;18;2;;2;;2;;2;;2;;2;;2;;2;;08;12;08;579.54877315
6047712;1;3;1;90;2;;1;5;2;;2;;2;;2;;2;;2;;2;;2;;08;12;08;579.54877315
6047712;1;4;1;90;2;;1;5;2;;2;;2;;2;;2;;2;;2;;2;;08;12;08;579.54877315
6047713;1;1;1;90;2;;2;;2;;2;;2;;2;;2;;2;;2;;2;;08;12;08;616.12202504
6047713;1;2;1;90;2;;1;14;2;;1;21;2;;2;;2;;2;;2;;2;;08;12;08;616.12202504
6047713;1;3;1;90;2;;1;14;2;;1;25;2;;2;;2;;2;;2;;2;;08;12;08;616.12202504
6047713;1;5;1;90;2;;2;;2;;2;;2;;2;;2;;2;;2;;2;;08;12;08;616.12202504
6047713;1;6;1;90;2;;1;7;2;;2;;2;;2;;2;;2;;2;;2;;08;12;08;616.12202504
6047714;1;1;1;90;2;;1;10;2;;2;;2;;2;;2;;2;;2;;2;;08;12;08;584.54315518
6047715;1;1;1;90;2;;2;;2;;2;;2;;2;;2;;2;;2;;2;;08;12;08;638.01284474
6047715;1;2;1;90;2;;1;5;2;;1;18;2;;2;;2;;2;;2;;2;;08;12;08;638.01284474
6047715;1;3;1;90;2;;1;15;2;;1;30;2;;2;;2;;2;;2;;2;;08;12;08;638.01284474
6047716;1;1;1;90;2;;1;4;2;;1;17;2;;2;;2;;2;;2;;2;;08;12;08;610.27999072
6047716;1;2;1;90;2;;1;21;2;;1;30;2;;2;;2;;2;;2;;2;;08;12;08;610.27999072
6047716;1;3;1;90;2;;1;14;2;;2;;2;;2;;2;;2;;2;;2;;08;12;08;610.27999072
6047716;1;4;1;90;2;;1;7;2;;2;;2;;2;;2;;2;;2;;2;;08;12;08;610.27999072
6047718;1;1;1;90;2;;1;7;2;;1;12;2;;2;;2;;2;;2;;2;;08;12;08;711.93965169
6047718;1;2;1;90;2;;1;21;2;;1;35;2;;2;;2;;2;;2;;2;;08;12;08;711.93965169
6047719;1;1;1;90;2;;1;4;2;;2;;2;;2;;2;;2;;2;;2;;08;12;08;721.75541775
6047719;1;2;1;90;2;;1;15;2;;2;;2;;2;;2;;2;;2;;2;;08;12;08;721.75541775
6047720;1;1;1;90;2;;1;30;2;;2;;2;;2;;2;;2;;2;;2;;08;12;08;711.93965169
6047720;1;2;1;90;2;;1;12;2;;2;;2;;2;;2;;2;;2;;2;;08;12;08;711.93965169
6047721;1;1;1;90;2;;1;10;2;;2;;2;;2;;2;;2;;2;;2;;08;12;08;426.61206493
6047721;1;2;1;90;2;;1;10;2;;2;;2;;2;;2;;2;;2;;2;;08;12;08;426.61206493
6047721;1;3;1;90;2;;1;10;2;;2;;2;;2;;2;;2;;2;;2;;08;12;08;426.61206493
6047721;1;4;1;90;2;;1;15;2;;2;;2;;2;;2;;2;;2;;2;;08;12;08;426.61206493
6047722;1;1;1;90;2;;1;4;2;;2;;2;;2;;2;;2;;2;;2;;08;12;08;477.44189541
6047722;1;2;1;90;2;;1;21;2;;2;;2;;2;;2;;2;;2;;2;;08;12;08;477.44189541
6047722;1;3;1;90;2;;2;;2;;2;;2;;2;;2;;2;;2;;2;;08;12;08;477.44189541
6047723;1;1;1;90;2;;2;;2;;2;;2;;2;;2;;2;;2;;2;;08;12;08;540.24404028
6047723;1;2;1;90;2;;1;36;2;;2;;2;;2;;2;;2;;2;;2;;08;12;08;540.24404028
6047723;1;3;1;90;2;;2;;1;2;2;;2;;2;;2;;2;;2;;2;;08;12;08;540.24404028
6047723;1;4;1;90;2;;1;2;2;;2;;2;;2;;2;;2;;2;;2;;08;12;08;540.24404028
6047724;1;1;1;90;2;;1;4;2;;2;;2;;2;;2;;1;3;2;;2;;08;12;08;608.52387793
6047724;1;2;1;90;2;;1;21;2;;1;15;2;;2;;2;;2;;2;;2;;08;12;08;608.52387793
6047724;1;3;1;90;2;;2;;2;;2;;2;;2;;2;;2;;2;;2;;08;12;08;608.52387793
6047725;1;1;1;90;2;;1;14;2;;2;;2;;2;;2;;2;;2;;2;;08;12;08;584.54315518
6047726;1;1;1;90;2;;1;21;2;;2;;1;12;2;;2;;2;;2;;2;;08;12;08;620.09575678
6047726;1;2;1;90;2;;1;4;2;;2;;2;;2;;2;;2;;2;;2;;08;12;08;620.09575678
6047726;1;3;1;90;2;;1;12;2;;2;;2;;2;;2;;2;;2;;2;;08;12;08;620.09575678
6047726;1;4;1;90;2;;2;;1;32;2;;2;;2;;2;;2;;2;;2;;08;12;08;620.09575678
6047727;1;1;1;90;2;;1;24;2;;2;;2;;2;;2;;2;;2;;2;;08;12;08;638.13357699
6047727;1;2;1;90;2;;2;;2;;2;;2;;2;;2;;2;;2;;2;;08;12;08;638.13357699
6047728;1;1;1;90;2;;2;;2;;2;;2;;2;;2;;2;;2;;2;;08;12;08;551.24797011
6047728;1;2;1;90;2;;1;21;2;;2;;2;;2;;2;;2;;2;;2;;08;12;08;551.24797011
6047728;1;3;1;90;2;;1;21;2;;2;;2;;2;;2;;2;;2;;2;;08;12;08;551.24797011
6047729;1;1;1;90;2;;1;8;2;;2;;2;;2;;2;;2;;2;;2;;08;12;08;507.26465248
6047729;1;2;1;90;2;;1;20;2;;2;;2;;2;;2;;2;;2;;2;;08;12;08;507.26465248
6047729;1;3;1;90;2;;1;2;2;;2;;2;;2;;2;;2;;2;;2;;08;12;08;507.26465248
6047729;1;4;1;90;2;;2;;2;;2;;2;;2;;2;;2;;2;;2;;08;12;08;507.26465248
6047729;1;5;1;90;2;;1;5;2;;1;20;2;;2;;2;;2;;2;;2;;08;12;08;507.26465248
6047729;1;6;1;90;2;;2;;2;;2;;2;;2;;2;;2;;2;;2;;08;12;08;507.26465248
6047730;1;1;1;90;2;;1;21;2;;2;;2;;2;;2;;2;;2;;2;;08;12;08;647.94934305
6047730;1;2;1;90;2;;1;21;2;;2;;2;;2;;2;;2;;2;;2;;08;12;08;647.94934305
6047731;1;1;1;90;2;;2;;2;;2;;2;;2;;2;;2;;2;;2;;08;12;08;710.63075567
6047731;1;2;1;90;2;;1;21;2;;2;;2;;2;;2;;2;;2;;2;;08;12;08;710.63075567
6047731;1;3;1;90;2;;2;;2;;2;;2;;2;;2;;2;;2;;2;;08;12;08;710.63075567
6047731;1;4;1;90;2;;2;;2;;2;;2;;2;;2;;2;;2;;2;;08;12;08;710.63075567
6047732;1;1;1;90;2;;1;12;2;;2;;2;;2;;2;;2;;2;;2;;08;12;08;721.75541775
6047732;1;2;1;90;2;;2;;2;;2;;2;;2;;2;;2;;2;;2;;08;12;08;721.75541775
6047733;1;1;1;90;2;;1;28;2;;2;;2;;2;;2;;2;;2;;2;;08;12;08;569.73300709
6047733;1;2;1;90;2;;1;4;2;;2;;2;;2;;2;;2;;2;;2;;08;12;08;569.73300709
6047733;1;3;1;90;2;;1;10;2;;2;;2;;2;;2;;2;;2;;2;;08;12;08;569.73300709
6047733;1;4;1;90;2;;1;10;2;;2;;2;;2;;2;;2;;2;;2;;08;12;08;569.73300709
6047734;1;1;1;90;2;;1;10;2;;2;;2;;2;;2;;2;;2;;2;;08;12;08;698.06118792
6047734;1;2;1;90;2;;1;17;2;;1;30;2;;2;;2;;2;;2;;2;;08;12;08;698.06118792
6047734;1;3;1;90;2;;2;;2;;2;;2;;2;;2;;2;;2;;2;;08;12;08;698.06118792
6047735;1;1;1;90;2;;2;;2;;2;;2;;2;;2;;2;;2;;2;;08;12;08;485.56799994
6047735;1;2;1;90;2;;1;15;2;;2;;2;;2;;2;;2;;2;;2;;08;12;08;485.56799994
6047735;1;3;1;90;2;;1;10;2;;1;40;2;;2;;2;;2;;2;;2;;08;12;08;485.56799994
6047735;1;4;1;90;2;;1;10;2;;1;10;2;;2;;2;;2;;2;;2;;08;12;08;485.56799994
6047735;1;7;1;90;2;;1;25;2;;1;25;1;25;2;;2;;2;;2;;2;;08;12;08;485.56799994
6047735;1;8;1;90;2;;1;10;2;;2;;2;;2;;2;;2;;2;;2;;08;12;08;485.56799994
6047737;1;1;1;90;2;;2;;2;;2;;2;;2;;2;;2;;2;;2;;08;12;08;614.53342574
6047737;1;2;1;90;2;;1;36;2;;2;;2;;2;;2;;2;;2;;2;;08;12;08;614.53342574
6047737;1;3;1;90;2;;1;16;2;;2;;2;;2;;2;;2;;2;;2;;08;12;08;614.53342574
6047737;1;4;1;90;2;;1;2;2;;2;;2;;2;;2;;2;;2;;2;;08;12;08;614.53342574
6047737;1;5;1;90;2;;2;;2;;2;;2;;2;;2;;2;;2;;2;;08;12;08;614.53342574
6047738;1;1;1;90;2;;2;;2;;2;;2;;2;;2;;2;;2;;2;;08;12;08;545.11769006
6047738;1;2;1;90;2;;1;14;2;;2;;2;;2;;2;;2;;2;;2;;08;12;08;545.11769006
6047740;1;1;1;90;2;;1;20;2;;2;;2;;2;;2;;2;;2;;2;;08;12;08;597.11951256
6047740;1;2;1;90;2;;1;2;2;;2;;2;;2;;2;;2;;2;;2;;08;12;08;597.11951256
6047740;1;3;1;90;2;;1;3;2;;2;;2;;2;;2;;2;;2;;2;;08;12;08;597.11951256
6047742;1;1;1;90;2;;1;15;2;;2;;2;;2;;2;;2;;2;;2;;08;12;08;609.09182694
6047742;1;2;1;90;2;;2;;2;;2;;2;;2;;2;;2;;2;;2;;08;12;08;609.09182694
6047742;1;3;1;90;2;;1;15;2;;2;;2;;2;;2;;2;;2;;2;;08;12;08;609.09182694
6047742;1;4;1;90;2;;1;5;2;;2;;2;;2;;2;;2;;2;;2;;08;12;08;609.09182694
6047742;1;5;1;90;2;;2;;2;;2;;2;;2;;2;;2;;2;;2;;08;12;08;609.09182694
6047743;1;1;1;90;2;;2;;2;;2;;2;;2;;2;;2;;2;;2;;08;12;08;608.52387793
6047743;1;2;1;90;2;;2;;2;;2;;2;;2;;2;;2;;2;;2;;08;12;08;608.52387793
6047743;1;3;1;90;2;;1;20;2;;2;;2;;2;;2;;2;;2;;2;;08;12;08;608.52387793
6047744;1;1;1;90;2;;1;15;2;;1;15;2;;2;;2;;2;;2;;2;;08;12;08;667.35972138
6047744;1;2;1;90;2;;1;15;2;;1;20;2;;2;;2;;2;;2;;2;;08;12;08;667.35972138
6047745;1;1;1;90;2;;1;5;2;;2;;2;;2;;2;;2;;2;;2;;08;12;08;769.02818199
6047745;1;2;1;90;2;;1;15;2;;2;;2;;2;;2;;2;;2;;2;;08;12;08;769.02818199
6047745;1;3;1;90;2;;1;15;2;;2;;2;;2;;2;;2;;2;;2;;08;12;08;769.02818199
6047745;1;4;1;90;2;;1;30;2;;2;;2;;2;;2;;2;;2;;2;;08;12;08;769.02818199
6047745;1;5;1;90;2;;1;5;2;;2;;2;;2;;2;;2;;2;;2;;08;12;08;769.02818199
6047746;1;1;1;90;2;;1;10;2;;1;20;2;;2;;2;;2;;2;;2;;08;12;08;555.00689102
6047747;1;1;1;90;2;;2;;2;;2;;2;;2;;2;;2;;2;;2;;08;12;08;528.2717259
6047747;1;2;1;90;2;;1;21;2;;2;;2;;2;;2;;2;;2;;2;;08;12;08;528.2717259
6047749;1;1;1;90;2;;1;10;2;;2;;2;;2;;2;;2;;2;;2;;08;12;08;584.54315518
6047752;1;1;1;90;2;;2;;2;;2;;2;;2;;2;;2;;2;;2;;08;12;08;703.62351896
6047752;1;2;1;90;2;;1;30;2;;1;15;2;;2;;2;;2;;2;;2;;08;12;08;703.62351896
6047754;1;1;1;90;2;;1;1;2;;2;;2;;2;;2;;2;;2;;2;;11;12;11;3163.1483811
6047754;1;2;1;90;2;;2;;2;;2;;2;;2;;2;;2;;2;;2;;11;12;11;3163.1483811
6047754;1;3;1;90;2;;1;9;2;;2;;2;;2;;2;;2;;2;;2;;11;12;11;3163.1483811
6047754;1;4;1;90;2;;1;1;2;;2;;2;;2;;2;;2;;2;;2;;11;12;11;3163.1483811
6047755;1;1;1;90;2;;1;10;2;;2;;2;;2;;2;;2;;2;;2;;11;12;11;6521.9865632
6047755;1;2;1;90;2;;1;10;2;;2;;2;;2;;2;;2;;2;;2;;11;12;11;6521.9865632
6047755;1;3;1;90;2;;1;15;2;;2;;2;;2;;2;;2;;2;;2;;11;12;11;6521.9865632
6047755;1;4;1;90;2;;1;35;2;;1;15;2;;2;;2;;2;;2;;2;;11;12;11;6521.9865632
6047755;1;7;1;90;2;;1;5;2;;2;;2;;2;;2;;2;;2;;2;;11;12;11;6521.9865632
6047756;1;1;1;90;2;;1;10;2;;2;;2;;2;;2;;2;;2;;2;;11;12;11;3996.4455073
6047757;1;1;1;90;2;;2;;2;;2;;2;;2;;2;;2;;2;;2;;11;12;11;5225.4932623
6047757;1;2;1;90;2;;1;35;2;;1;10;2;;2;;2;;2;;2;;2;;11;12;11;5225.4932623
6047758;1;1;1;90;2;;2;;2;;2;;2;;2;;2;;2;;2;;2;;11;12;11;4240.2283435
6047758;1;2;1;90;2;;1;40;2;;2;;2;;2;;2;;2;;2;;2;;11;12;11;4240.2283435
6047759;1;1;1;90;2;;1;5;2;;1;8;2;;2;;2;;2;;2;;2;;11;12;11;5915.5951718
6047759;1;2;1;90;2;;1;10;2;;1;6;2;;2;;2;;2;;2;;2;;11;12;11;5915.5951718
6047759;1;3;1;90;2;;1;5;2;;2;;2;;2;;2;;2;;2;;2;;11;12;11;5915.5951718
6047760;1;1;1;90;2;;1;30;2;;2;;1;21;2;;2;;2;;2;;2;;11;12;11;3681.362334
6047760;1;2;1;90;2;;2;;2;;2;;2;;2;;2;;2;;2;;2;;11;12;11;3681.362334
6047760;1;3;1;90;2;;2;;2;;1;7;2;;2;;2;;2;;2;;2;;11;12;11;3681.362334
6047760;1;4;1;90;2;;1;21;2;;1;30;2;;2;;2;;2;;2;;2;;11;12;11;3681.362334
6047762;1;1;1;90;2;;1;30;2;;2;;2;;2;;2;;2;;2;;2;;11;12;11;5904.0772398
6047762;1;2;1;90;2;;1;12;2;;1;20;2;;2;;2;;2;;2;;2;;11;12;11;5904.0772398
6047763;1;1;1;90;2;;1;1;2;;2;;2;;2;;2;;2;;2;;2;;11;12;11;3381.6230259
6047763;1;2;1;90;2;;1;4;2;;2;;2;;2;;2;;2;;1;1;1;1;11;12;11;3381.6230259
6047764;1;1;1;90;2;;1;5;2;;2;;2;;2;;2;;2;;2;;2;;11;12;11;3163.1483811
6047764;1;2;1;90;2;;2;;2;;2;;2;;2;;2;;2;;2;;2;;11;12;11;3163.1483811
6047764;1;3;1;90;2;;1;14;2;;2;;1;21;2;;2;;2;;2;;2;;11;12;11;3163.1483811
6047764;1;4;1;90;2;;1;7;2;;2;;2;;2;;2;;2;;2;;2;;11;12;11;3163.1483811
6047765;1;1;1;90;2;;1;7;2;;2;;2;;2;;2;;2;;1;5;2;;11;12;11;2787.0658867
6047765;1;2;1;90;2;;1;4;2;;2;;2;;2;;2;;2;;1;10;2;;11;12;11;2787.0658867
6047766;1;1;1;90;2;;1;7;2;;1;14;2;;2;;2;;2;;2;;2;;11;12;11;4461.4446521
6047766;1;2;1;90;2;;1;28;2;;1;30;2;;2;;2;;2;;2;;2;;11;12;11;4461.4446521
6047766;1;3;1;90;2;;1;3;2;;2;;2;;2;;2;;2;;2;;2;;11;12;11;4461.4446521
6047767;1;1;1;90;2;;2;;2;;2;;2;;2;;2;;2;;2;;2;;11;12;11;3381.6230259
6047767;1;2;1;90;2;;1;30;2;;2;;2;;2;;2;;2;;2;;2;;11;12;11;3381.6230259
6047768;1;1;1;90;2;;1;15;2;;2;;2;;2;;2;;2;;1;6;2;;11;12;11;2939.6308871
6047768;1;2;1;90;2;;1;12;2;;2;;2;;2;;2;;2;;2;;2;;11;12;11;2939.6308871
6047769;1;1;1;90;2;;1;3;2;;2;;2;;2;;2;;2;;2;;2;;11;12;11;3381.6230259
6047769;1;2;1;90;2;;1;3;2;;2;;2;;2;;2;;2;;2;;2;;11;12;11;3381.6230259
6047771;1;1;1;90;2;;1;24;2;;1;30;2;;2;;2;;2;;2;;2;;11;12;11;4847.2626196
6047771;1;4;1;90;2;;1;3;2;;2;;2;;2;;2;;2;;2;;2;;11;12;11;4847.2626196
6047771;1;5;1;90;2;;1;7;2;;2;;2;;2;;2;;2;;2;;2;;11;12;11;4847.2626196
6047772;1;1;1;90;2;;1;14;2;;1;21;2;;2;;2;;2;;2;;2;;11;12;11;6052.9581905
6047773;1;1;1;90;2;;1;14;2;;1;24;2;;2;;2;;2;;2;;2;;11;12;11;6056.6422403
6047773;1;2;1;90;2;;1;4;2;;2;;2;;2;;2;;2;;2;;2;;11;12;11;6056.6422403
6047774;1;1;1;90;2;;1;12;2;;2;;2;;2;;2;;2;;2;;2;;11;12;11;2802.2678684
6047774;1;2;1;90;2;;1;6;2;;2;;2;;2;;2;;2;;2;;2;;11;12;11;2802.2678684
6047774;1;3;1;90;2;;1;12;2;;2;;2;;2;;2;;2;;2;;2;;11;12;11;2802.2678684
6047774;1;4;1;90;2;;1;12;2;;2;;2;;2;;2;;2;;2;;2;;11;12;11;2802.2678684
6047775;1;1;1;90;2;;1;4;2;;2;;2;;2;;2;;2;;2;;2;;11;12;11;4199.6976592
6047775;1;2;1;90;2;;1;40;2;;2;;2;;2;;2;;2;;2;;2;;11;12;11;4199.6976592
6047775;1;3;1;90;2;;1;1;2;;2;;2;;2;;2;;2;;2;;2;;11;12;11;4199.6976592
6047775;1;4;1;90;2;;1;1;2;;2;;2;;2;;2;;2;;2;;2;;11;12;11;4199.6976592
6047777;1;1;1;90;2;;1;14;2;;2;;2;;2;;2;;2;;2;;2;;11;12;11;4265.1657983
6047777;1;2;1;90;2;;1;7;2;;2;;2;;2;;2;;2;;2;;2;;11;12;11;4265.1657983
6047778;1;1;1;90;2;;2;;2;;2;;2;;2;;2;;2;;2;;2;;11;12;11;2685.1701919
6047778;1;2;1;90;2;;1;14;2;;2;;2;;2;;2;;2;;2;;2;;11;12;11;2685.1701919
6047778;1;3;1;90;2;;1;12;2;;2;;2;;2;;2;;2;;2;;2;;11;12;11;2685.1701919
6047778;1;4;1;90;2;;2;;2;;2;;2;;2;;2;;2;;2;;2;;11;12;11;2685.1701919
6047778;1;5;1;90;2;;2;;2;;2;;2;;2;;2;;2;;2;;2;;11;12;11;2685.1701919
6047779;1;1;1;90;2;;1;30;2;;1;8;2;;2;;2;;2;;2;;2;;11;12;11;6019.2444675
6047779;1;2;1;90;2;;2;;2;;2;;2;;2;;2;;2;;2;;2;;11;12;11;6019.2444675
6047779;1;3;1;90;2;;1;10;2;;1;10;2;;2;;2;;2;;2;;2;;11;12;11;6019.2444675
6047780;1;1;1;90;2;;1;7;2;;1;7;2;;2;;2;;2;;2;;2;;11;12;11;4731.1073291
6047780;1;2;1;90;2;;1;1;2;;1;6;2;;2;;2;;2;;2;;2;;11;12;11;4731.1073291
6047782;1;1;1;90;2;;2;;2;;2;;2;;2;;2;;2;;2;;2;;11;12;11;3975.2377792
6047782;1;2;1;90;2;;1;30;2;;1;10;2;;2;;2;;2;;2;;2;;11;12;11;3975.2377792
6047782;1;3;1;90;2;;1;10;2;;2;;1;20;2;;2;;2;;2;;2;;11;12;11;3975.2377792
6047782;1;5;1;90;2;;1;5;2;;2;;2;;2;;2;;2;;2;;2;;11;12;11;3975.2377792
6047783;1;1;1;90;2;;1;15;2;;2;;2;;2;;2;;2;;2;;2;;11;12;11;3127.1623307
6047783;1;2;1;90;2;;1;15;2;;2;;2;;2;;2;;2;;2;;2;;11;12;11;3127.1623307
6047783;1;3;1;90;2;;1;10;2;;2;;2;;2;;2;;2;;2;;2;;11;12;11;3127.1623307
6047783;1;4;1;90;2;;1;5;2;;2;;2;;2;;2;;2;;2;;2;;11;12;11;3127.1623307
6047783;1;5;1;90;2;;2;;2;;2;;2;;2;;2;;2;;2;;2;;11;12;11;3127.1623307
6047784;1;1;1;90;2;;1;14;2;;2;;2;;2;;2;;2;;2;;2;;11;12;11;4136.5501898
6047784;1;3;1;90;2;;1;7;2;;2;;2;;2;;2;;2;;2;;2;;11;12;11;4136.5501898
6047785;1;1;1;90;2;;1;14;2;;2;;2;;2;;2;;2;;2;;2;;11;12;11;5904.0772398
6047785;1;2;1;90;2;;1;14;2;;2;;2;;2;;2;;2;;2;;2;;11;12;11;5904.0772398
6047786;1;1;1;90;2;;1;18;2;;2;;2;;2;;2;;2;;2;;2;;11;12;11;3976.1801652
6047786;1;2;1;90;2;;1;12;2;;2;;2;;2;;2;;2;;2;;2;;11;12;11;3976.1801652
6047787;1;1;1;90;2;;1;7;2;;2;;2;;2;;2;;2;;2;;2;;11;12;11;2787.0658867
6047787;1;2;1;90;2;;2;;2;;2;;2;;2;;2;;2;;2;;2;;11;12;11;2787.0658867
6047789;1;1;1;90;2;;1;7;2;;1;10;2;;2;;2;;2;;2;;2;;11;12;11;5904.0772398
6047789;1;2;1;90;2;;1;10;2;;1;10;2;;2;;2;;2;;2;;2;;11;12;11;5904.0772398
6047790;1;1;1;90;2;;2;;2;;2;;2;;2;;2;;2;;2;;2;;11;12;11;3996.4455073
6047791;1;1;1;90;2;;1;5;2;;2;;2;;2;;2;;2;;2;;2;;11;12;11;4979.7799773
6047791;1;2;1;90;2;;1;45;2;;2;;2;;2;;2;;2;;2;;2;;11;12;11;4979.7799773
6047791;1;3;1;90;2;;1;4;2;;2;;2;;2;;2;;2;;2;;2;;11;12;11;4979.7799773
6047792;1;1;1;90;2;;2;;2;;2;;2;;2;;2;;2;;2;;2;;11;12;11;2802.2678684
6047792;1;2;1;90;2;;1;28;2;;2;;2;;2;;2;;2;;2;;2;;11;12;11;2802.2678684
6047792;1;3;1;90;2;;1;7;2;;2;;2;;2;;2;;2;;2;;2;;11;12;11;2802.2678684
6047792;1;4;1;90;2;;1;7;2;;2;;2;;2;;2;;2;;2;;2;;11;12;11;2802.2678684
6047793;1;1;1;90;2;;1;30;2;;2;;2;;2;;2;;2;;2;;2;;11;12;11;3005.3483904
6047793;1;2;1;90;2;;1;12;2;;2;;2;;2;;2;;2;;2;;2;;11;12;11;3005.3483904
6047793;1;3;1;90;2;;2;;2;;2;;2;;2;;2;;2;;2;;2;;11;12;11;3005.3483904
6047794;1;1;1;90;2;;1;13;2;;2;;2;;2;;2;;2;;2;;2;;11;12;11;4738.2983265
6047794;1;2;1;90;2;;2;;2;;2;;2;;2;;2;;2;;2;;2;;11;12;11;4738.2983265
6047794;1;3;1;90;2;;2;;2;;2;;2;;2;;2;;2;;2;;2;;11;12;11;4738.2983265
6047795;1;1;1;90;2;;1;24;2;;2;;1;25;2;;2;;2;;2;;2;;11;12;11;3086.8051947
6047795;1;2;1;90;2;;1;35;2;;2;;2;;2;;2;;2;;2;;2;;11;12;11;3086.8051947
6047795;1;3;1;90;2;;1;5;2;;2;;2;;2;;2;;2;;2;;2;;11;12;11;3086.8051947
6047795;1;4;1;90;2;;1;14;2;;2;;2;;2;;2;;2;;2;;2;;11;12;11;3086.8051947
6047796;1;1;1;90;2;;1;7;2;;2;;2;;2;;2;;1;7;2;;2;;11;12;11;4514.7808325
6047797;1;1;1;90;2;;1;7;2;;2;;2;;2;;2;;2;;2;;2;;11;12;11;3244.2600073
6047797;1;2;1;90;2;;2;;2;;2;;2;;2;;2;;2;;2;;2;;11;12;11;3244.2600073
6047797;1;3;1;90;2;;1;5;2;;2;;2;;2;;2;;2;;2;;2;;11;12;11;3244.2600073
6047797;1;4;1;90;2;;1;7;2;;2;;2;;2;;2;;2;;2;;2;;11;12;11;3244.2600073
6047798;1;1;1;90;2;;1;30;2;;2;;2;;2;;2;;2;;2;;2;;11;12;11;3660.873186
6047798;1;2;1;90;2;;2;;2;;2;;2;;2;;2;;2;;2;;2;;11;12;11;3660.873186
6047798;1;3;1;90;2;;1;14;2;;2;;2;;2;;2;;2;;2;;2;;11;12;11;3660.873186
6047798;1;4;1;90;2;;1;5;2;;2;;2;;2;;2;;2;;2;;2;;11;12;11;3660.873186
6047799;1;1;1;90;2;;1;1;2;;2;;2;;2;;2;;2;;2;;2;;11;12;11;4707.1579371
6047799;1;2;1;90;2;;1;48;2;;1;48;2;;2;;2;;2;;2;;2;;11;12;11;4707.1579371
6047800;1;1;1;90;2;;2;;2;;2;;2;;2;;2;;2;;2;;2;;11;12;11;3401.8883681
6047801;1;1;1;90;2;;2;;2;;2;;2;;2;;2;;2;;2;;2;;11;12;11;3996.4455073
6047802;1;1;1;90;2;;2;;2;;2;;2;;2;;2;;2;;2;;2;;11;12;11;3996.4455073
6047803;1;1;1;90;2;;1;5;2;;2;;2;;2;;2;;2;;2;;2;;11;12;11;3503.4183734
6047803;1;2;1;90;2;;1;15;2;;2;;2;;2;;2;;2;;2;;2;;11;12;11;3503.4183734
6047803;1;3;1;90;2;;1;15;2;;2;;2;;2;;2;;2;;2;;2;;11;12;11;3503.4183734
6047803;1;4;1;90;2;;2;;2;;2;;2;;2;;2;;2;;2;;2;;11;12;11;3503.4183734
6047804;1;1;1;90;2;;1;6;2;;2;;2;;2;;2;;2;;2;;2;;11;12;11;2919.3655449
6047804;1;2;1;90;2;;1;12;2;;2;;2;;2;;2;;2;;2;;2;;11;12;11;2919.3655449
6047804;1;3;1;90;2;;1;3;2;;2;;2;;2;;2;;2;;2;;2;;11;12;11;2919.3655449
6047806;1;1;1;90;2;;2;;2;;2;;2;;2;;2;;2;;2;;2;;11;12;11;4123.4758451
6047806;1;2;1;90;2;;1;40;2;;2;;2;;2;;2;;2;;2;;2;;11;12;11;4123.4758451
6047806;1;3;1;90;2;;2;;2;;2;;2;;2;;2;;2;;2;;2;;11;12;11;4123.4758451
6047806;1;4;1;90;2;;2;;2;;2;;2;;2;;2;;2;;2;;2;;11;12;11;4123.4758451
6047807;1;1;1;90;2;;1;14;2;;2;;2;;2;;2;;2;;2;;2;;11;12;11;3899.9583511
6047807;1;2;1;90;2;;1;14;2;;2;;2;;2;;2;;2;;2;;2;;11;12;11;3899.9583511
6047809;1;1;1;90;2;;1;20;2;;1;10;2;;2;;2;;2;;2;;2;;11;12;11;2822.5332106
6047809;1;2;1;90;2;;1;5;2;;2;;2;;2;;2;;2;;2;;2;;11;12;11;2822.5332106
6047809;1;3;1;90;2;;1;5;2;;2;;2;;2;;2;;2;;2;;2;;11;12;11;2822.5332106
6047810;1;1;1;90;2;;1;15;2;;2;;2;;2;;2;;2;;2;;2;;11;12;11;2989.9728603
6047810;1;2;1;90;2;;1;5;2;;2;;2;;2;;2;;2;;2;;2;;11;12;11;2989.9728603
6047810;1;3;1;90;2;;1;10;2;;2;;2;;2;;2;;2;;2;;2;;11;12;11;2989.9728603
6047810;1;4;1;90;2;;1;10;2;;2;;2;;2;;2;;2;;2;;2;;11;12;11;2989.9728603
6047811;1;1;1;90;2;;1;48;2;;1;12;2;;2;;2;;2;;2;;2;;11;12;11;4244.9004562
6047811;1;2;1;90;2;;1;12;2;;1;6;2;;2;;2;;2;;2;;2;;11;12;11;4244.9004562
6047811;1;3;1;90;2;;1;12;2;;2;;2;;2;;2;;2;;2;;2;;11;12;11;4244.9004562
6047812;1;1;1;90;2;;1;15;2;;2;;2;;2;;2;;2;;2;;2;;11;12;11;3401.8883681
6047813;1;1;1;90;2;;1;28;2;;2;;2;;2;;2;;2;;2;;2;;11;12;11;3782.8606746
6047813;1;2;1;90;2;;2;;2;;2;;2;;2;;2;;2;;2;;2;;11;12;11;3782.8606746
6047813;1;3;1;90;2;;1;7;2;;2;;2;;2;;2;;2;;2;;1;6;11;12;11;3782.8606746
6047814;1;1;1;90;2;;1;48;2;;2;;2;;2;;2;;2;;2;;2;;11;12;11;2919.3655449
6047814;1;2;1;90;2;;1;4;2;;2;;2;;2;;2;;2;;2;;2;;11;12;11;2919.3655449
6047814;1;3;1;90;2;;2;;2;;2;;2;;2;;2;;2;;2;;2;;11;12;11;2919.3655449
6047815;1;1;1;90;2;;1;18;2;;2;;2;;2;;2;;2;;2;;2;;11;12;11;3976.1801652
6047815;1;2;1;90;2;;1;10;2;;2;;2;;2;;2;;2;;2;;2;;11;12;11;3976.1801652
6047816;1;1;1;90;2;;1;21;2;;2;;2;;2;;2;;2;;2;;1;8;11;12;11;3381.6230259
6047816;1;2;1;90;2;;2;;2;;2;;2;;2;;2;;2;;2;;2;;11;12;11;3381.6230259
6047818;1;1;1;90;2;;1;35;2;;2;;2;;2;;2;;2;;2;;2;;11;12;11;4802.0598226
6047818;1;2;1;90;2;;2;;2;;2;;2;;2;;2;;2;;2;;2;;11;12;11;4802.0598226
6047818;1;3;1;90;2;;1;1;2;;2;;2;;2;;2;;2;;2;;2;;11;12;11;4802.0598226
6047818;1;4;1;90;2;;1;7;2;;2;;2;;2;;2;;2;;2;;2;;11;12;11;4802.0598226
6047819;1;1;1;90;2;;1;14;2;;2;;2;;2;;2;;2;;2;;2;;11;12;11;2182.5555749
6047819;1;2;1;90;2;;1;10;2;;2;;2;;2;;2;;2;;2;;2;;11;12;11;2182.5555749
6047819;1;3;1;90;2;;1;12;2;;2;;2;;2;;2;;2;;2;;2;;11;12;11;2182.5555749
6047819;1;4;1;90;2;;1;15;2;;2;;2;;2;;2;;2;;2;;2;;11;12;11;2182.5555749
6047819;1;5;1;90;2;;1;6;2;;2;;2;;2;;2;;2;;2;;2;;11;12;11;2182.5555749
6047820;1;1;1;90;2;;1;3;2;;2;;2;;2;;2;;2;;2;;2;;11;12;11;3381.6230259
6047820;1;2;1;90;2;;1;3;2;;2;;2;;2;;2;;2;;2;;2;;11;12;11;3381.6230259
6047821;1;1;1;90;2;;1;14;2;;2;;2;;2;;2;;2;;2;;2;;11;12;11;2787.0658867
6047821;1;2;1;90;2;;1;14;2;;2;;2;;2;;2;;2;;2;;2;;11;12;11;2787.0658867
6047822;1;1;1;90;2;;1;2;2;;2;;2;;2;;2;;2;;2;;2;;11;12;11;3401.8883681
6047823;1;1;1;90;2;;2;;2;;2;;2;;2;;2;;2;;2;;2;;11;12;11;3742.1583604
6047824;1;1;1;90;2;;1;5;2;;2;;2;;2;;2;;2;;2;;2;;11;12;11;4707.1579371
6047824;1;2;1;90;2;;1;14;2;;1;10;2;;2;;2;;2;;2;;2;;11;12;11;4707.1579371
6047825;1;1;1;90;2;;1;10;2;;2;;2;;2;;2;;2;;2;;2;;11;12;11;3447.3405292
6047825;1;2;1;90;2;;2;;2;;2;;2;;2;;2;;2;;2;;2;;11;12;11;3447.3405292
6047825;1;3;1;90;2;;2;;2;;2;;2;;2;;2;;2;;2;;2;;11;12;11;3447.3405292
6047826;1;1;1;90;2;;1;12;2;;2;;1;6;2;;2;;2;;2;;2;;11;12;11;3879.3478308
6047826;1;2;1;90;2;;1;12;2;;2;;2;;2;;2;;2;;2;;2;;11;12;11;3879.3478308
6047828;1;1;1;90;2;;1;3;2;;2;;2;;2;;2;;2;;2;;2;;11;12;11;3950.082625
6047828;1;2;1;90;2;;1;40;2;;2;;2;;2;;2;;2;;2;;2;;11;12;11;3950.082625
6047828;1;3;1;90;2;;1;3;2;;2;;2;;2;;2;;2;;2;;2;;11;12;11;3950.082625
6047828;1;5;1;90;2;;1;3;2;;2;;2;;2;;2;;2;;2;;2;;11;12;11;3950.082625
6047828;1;6;1;90;2;;1;39;2;;2;;2;;2;;2;;2;;2;;2;;11;12;11;3950.082625
6047829;1;1;1;90;2;;2;;2;;2;;2;;2;;2;;2;;2;;2;;11;12;11;4979.7799773
6047829;1;2;1;90;2;;1;14;2;;2;;2;;2;;2;;2;;2;;2;;11;12;11;4979.7799773
6047829;1;3;1;90;2;;1;3;2;;2;;2;;2;;2;;2;;2;;2;;11;12;11;4979.7799773
6047831;1;1;1;90;2;;1;12;2;;2;;2;;2;;2;;2;;2;;2;;11;12;11;3996.4455073
6047832;1;1;1;90;2;;1;7;2;;2;;2;;2;;2;;2;;2;;2;;11;12;11;3782.8606746
6047832;1;2;1;90;2;;1;15;2;;2;;2;;2;;2;;2;;2;;2;;11;12;11;3782.8606746
6047832;1;3;1;90;2;;1;4;2;;2;;2;;2;;2;;2;;2;;2;;11;12;11;3782.8606746
6047836;1;1;1;90;2;;1;24;2;;1;7;2;;2;;2;;2;;2;;2;;11;12;11;2802.2678684
6047836;1;2;1;90;2;;1;5;2;;2;;2;;2;;2;;2;;2;;2;;11;12;11;2802.2678684
6047836;1;3;1;90;2;;1;7;2;;2;;2;;2;;2;;2;;2;;2;;11;12;11;2802.2678684
6047836;1;4;1;90;2;;1;5;2;;2;;2;;2;;2;;2;;2;;2;;11;12;11;2802.2678684
6047838;1;1;1;90;2;;1;10;2;;2;;2;;2;;2;;2;;2;;2;;11;12;11;4452.8707902
6047838;1;2;1;90;2;;1;10;2;;1;5;2;;2;;2;;2;;2;;2;;11;12;11;4452.8707902
6047840;1;1;1;90;2;;2;;2;;1;10;2;;2;;2;;2;;2;;2;;11;12;11;5928.0266318
6047840;1;2;1;90;2;;1;15;2;;1;15;2;;2;;2;;2;;2;;2;;11;12;11;5928.0266318
6047841;1;1;1;90;2;;1;5;2;;2;;2;;2;;2;;2;;2;;2;;11;12;11;4240.2283435
6047841;1;2;1;90;2;;1;15;2;;2;;2;;2;;2;;2;;2;;2;;11;12;11;4240.2283435
6047842;1;1;1;90;2;;1;7;2;;1;21;2;;2;;2;;2;;2;;2;;11;12;11;4578.5423286
6047842;1;2;1;90;2;;1;14;2;;1;21;2;;2;;2;;2;;2;;2;;11;12;11;4578.5423286
6047843;1;1;1;90;2;;1;14;2;;2;;2;;2;;2;;2;;2;;2;;11;12;11;2939.6308871
6047843;1;2;1;90;2;;1;7;2;;2;;2;;2;;2;;2;;2;;2;;11;12;11;2939.6308871
6047844;1;1;1;90;2;;1;10;2;;1;15;2;;2;;2;;2;;2;;2;;11;12;11;3999.1871711
6047844;1;2;1;90;2;;1;12;2;;1;24;2;;2;;2;;2;;2;;2;;11;12;11;3999.1871711
6047844;1;3;1;90;2;;1;2;2;;2;;2;;2;;2;;2;;2;;2;;11;12;11;3999.1871711
6047844;1;5;1;90;2;;1;10;2;;2;;2;;2;;2;;2;;2;;2;;11;12;11;3999.1871711
6047845;1;1;1;90;2;;1;5;2;;2;;1;12;2;;2;;2;;2;;2;;11;12;11;4398.0283341
6047845;1;2;1;90;2;;2;;2;;2;;2;;2;;2;;2;;2;;2;;11;12;11;4398.0283341
6047845;1;3;1;90;2;;1;15;2;;2;;2;;2;;2;;2;;2;;2;;11;12;11;4398.0283341
6047846;1;1;1;90;2;;1;30;2;;2;;2;;2;;2;;2;;2;;2;;11;12;11;2050.2559166
6047846;1;2;1;90;2;;1;10;2;;2;;2;;2;;2;;2;;2;;2;;11;12;11;2050.2559166
6047846;1;3;1;90;2;;1;10;2;;2;;2;;2;;2;;2;;2;;2;;11;12;11;2050.2559166
6047846;1;4;1;90;2;;1;28;2;;2;;1;10;2;;2;;2;;2;;2;;11;12;11;2050.2559166
6047847;1;1;1;90;2;;2;;2;;2;;2;;2;;2;;2;;2;;2;;11;12;11;4472.9625841
6047847;1;2;1;90;2;;1;30;2;;2;;2;;2;;2;;2;;2;;2;;11;12;11;4472.9625841
6047847;1;3;1;90;2;;1;7;2;;2;;2;;2;;2;;2;;2;;2;;11;12;11;4472.9625841
6047847;1;4;1;90;2;;2;;2;;2;;2;;2;;2;;2;;2;;2;;11;12;11;4472.9625841
6047848;1;1;1;90;2;;1;12;2;;2;;2;;2;;2;;2;;2;;2;;11;12;11;3467.6058714
6047848;1;2;1;90;2;;2;;2;;2;;2;;2;;2;;2;;2;;2;;11;12;11;3467.6058714
6047849;1;1;1;90;2;;2;;2;;2;;2;;2;;2;;2;;2;;2;;11;12;11;6032.6928484
6047849;1;2;1;90;2;;1;22;2;;2;;2;;2;;2;;2;;2;;2;;11;12;11;6032.6928484
6047850;1;1;1;90;2;;1;13;2;;1;3;2;;2;;2;;2;;2;;2;;11;12;11;3999.1871711
6047850;1;2;1;90;2;;1;2;2;;2;;2;;2;;2;;2;;2;;2;;11;12;11;3999.1871711
6047850;1;3;1;90;2;;1;2;2;;2;;2;;2;;2;;2;;2;;2;;11;12;11;3999.1871711
6047850;1;4;1;90;2;;1;3;2;;2;;2;;2;;2;;2;;2;;2;;11;12;11;3999.1871711
6047853;1;1;1;90;2;;2;;2;;2;;2;;2;;2;;2;;2;;2;;11;12;11;4240.2283435
6047853;1;2;1;90;2;;1;33;2;;1;3;2;;2;;2;;2;;2;;2;;11;12;11;4240.2283435
6047854;1;1;1;90;2;;1;5;2;;2;;2;;2;;2;;2;;2;;2;;11;12;11;3996.4455073
6047856;1;1;1;90;2;;1;14;2;;2;;2;;2;;2;;2;;2;;2;;11;12;11;3996.4455073
6047857;1;1;1;90;2;;1;21;2;;2;;2;;2;;2;;2;;2;;2;;11;12;11;4006.0329904
6047857;1;2;1;90;2;;1;7;2;;2;;2;;2;;2;;2;;2;;2;;11;12;11;4006.0329904
6047857;1;3;1;90;2;;1;7;2;;2;;2;;2;;2;;2;;2;;2;;11;12;11;4006.0329904
6047857;1;4;1;90;2;;1;7;2;;2;;2;;2;;2;;2;;2;;2;;11;12;11;4006.0329904
6047858;1;1;1;90;2;;1;17;2;;2;;2;;2;;2;;2;;2;;2;;11;12;11;3330.2428527
6047858;1;2;1;90;2;;1;32;2;;2;;1;20;2;;2;;2;;2;;2;;11;12;11;3330.2428527
6047858;1;3;1;90;2;;1;5;2;;2;;2;;2;;2;;2;;2;;2;;11;12;11;3330.2428527
6047858;1;4;1;90;2;;1;6;2;;2;;2;;2;;2;;2;;2;;2;;11;12;11;3330.2428527
6047860;1;1;1;90;2;;1;14;2;;2;;2;;2;;2;;2;;2;;2;;11;12;11;3279.9008794
6047860;1;2;1;90;2;;1;14;2;;2;;2;;2;;2;;2;;2;;2;;11;12;11;3279.9008794
6047861;1;1;1;90;2;;1;5;2;;2;;2;;2;;2;;2;;2;;2;;11;12;11;3381.6230259
6047861;1;2;1;90;2;;2;;2;;2;;2;;2;;2;;2;;1;2;2;;11;12;11;3381.6230259
6047862;1;1;1;90;2;;1;28;2;;2;;2;;2;;2;;2;;2;;2;;11;12;11;3742.1583604
6047865;1;1;1;90;2;;1;15;2;;1;15;2;;2;;2;;2;;2;;2;;11;12;11;4578.5423286
6047865;1;2;1;90;2;;1;8;2;;1;18;2;;2;;2;;2;;1;5;2;;11;12;11;4578.5423286
6047866;1;1;1;90;2;;1;28;2;;2;;2;;2;;2;;2;;2;;2;;11;12;11;2802.2678684
6047866;1;2;1;90;2;;1;2;2;;2;;2;;2;;2;;2;;2;;2;;11;12;11;2802.2678684
6047866;1;3;1;90;2;;1;4;2;;2;;2;;2;;2;;2;;2;;2;;11;12;11;2802.2678684
6047866;1;4;1;90;2;;2;;2;;2;;2;;2;;2;;2;;2;;2;;11;12;11;2802.2678684
6047870;1;1;1;90;2;;1;24;2;;2;;1;24;2;;2;;2;;2;;2;;11;12;11;3401.8883681
6047871;1;1;1;90;2;;1;14;2;;2;;2;;2;;2;;2;;2;;2;;11;12;11;3381.6230259
6047871;1;2;1;90;2;;1;2;2;;2;;2;;2;;2;;2;;2;;2;;11;12;11;3381.6230259
6047872;1;1;1;90;2;;2;;2;;2;;2;;2;;2;;2;;2;;2;;11;12;11;4244.9004562
6047872;1;2;1;90;2;;1;36;2;;2;;2;;2;;2;;2;;2;;2;;11;12;11;4244.9004562
6047872;1;3;1;90;2;;2;;2;;2;;2;;2;;2;;2;;2;;2;;11;12;11;4244.9004562
6047873;1;1;1;90;2;;2;;2;;2;;2;;2;;2;;2;;2;;2;;11;12;11;3721.8930183
6047873;1;2;1;90;2;;1;32;2;;2;;2;;2;;2;;2;;2;;2;;11;12;11;3721.8930183
6047874;1;1;1;90;2;;1;7;2;;2;;2;;2;;2;;2;;2;;2;;11;12;11;2705.435534
6047874;1;2;1;90;2;;1;7;2;;2;;2;;2;;2;;2;;2;;2;;11;12;11;2705.435534
6047874;1;3;1;90;2;;1;14;2;;2;;2;;2;;2;;2;;2;;2;;11;12;11;2705.435534
6047874;1;4;1;90;2;;1;18;2;;2;;2;;2;;2;;2;;2;;2;;11;12;11;2705.435534
6047875;1;1;1;90;2;;1;18;2;;2;;2;;2;;2;;2;;2;;2;;11;12;11;3721.8930183
6047875;1;2;1;90;2;;1;14;2;;2;;2;;2;;2;;2;;2;;2;;11;12;11;3721.8930183
6047876;1;1;1;90;2;;1;20;2;;2;;2;;2;;2;;2;;2;;2;;11;12;11;2893.140526
6047876;1;2;1;90;2;;1;1;2;;2;;2;;2;;2;;2;;2;;2;;11;12;11;2893.140526
6047876;1;3;1;90;2;;1;10;2;;2;;2;;2;;2;;2;;2;;2;;11;12;11;2893.140526
6047876;1;4;1;90;2;;2;;2;;2;;2;;2;;2;;2;;2;;2;;11;12;11;2893.140526
6047877;1;1;1;90;2;;1;5;2;;2;;2;;2;;2;;2;;2;;2;;11;12;11;4590.0602606
6047877;1;2;1;90;2;;1;35;2;;2;;2;;2;;2;;2;;2;;2;;11;12;11;4590.0602606
6047877;1;3;1;90;2;;1;15;2;;2;;2;;2;;2;;2;;2;;2;;11;12;11;4590.0602606
6047878;1;1;1;90;2;;1;3;2;;2;;2;;2;;2;;2;;2;;2;;11;12;11;4219.9630013
6047878;1;2;1;90;2;;1;12;2;;2;;2;;2;;2;;2;;2;;2;;11;12;11;4219.9630013
6047878;1;3;1;90;2;;2;;2;;2;;2;;2;;2;;2;;2;;2;;11;12;11;4219.9630013
6047879;1;1;1;90;2;;1;10;2;;2;;2;;2;;2;;2;;2;;2;;11;12;11;2802.2678684
6047879;1;2;1;90;2;;1;18;2;;2;;2;;2;;2;;2;;2;;2;;11;12;11;2802.2678684
6047879;1;3;1;90;2;;2;;2;;2;;2;;2;;2;;2;;2;;2;;11;12;11;2802.2678684
6047879;1;4;1;90;2;;2;;2;;2;;2;;2;;2;;2;;2;;2;;11;12;11;2802.2678684
6047880;1;1;1;90;2;;1;30;2;;1;10;2;;2;;2;;2;;2;;2;;11;12;11;3625.0606839
6047880;1;2;1;90;2;;2;;2;;2;;2;;2;;2;;2;;2;;2;;11;12;11;3625.0606839
6047881;1;1;1;90;2;;1;4;2;;2;;2;;2;;2;;2;;2;;2;;11;12;11;3996.4455073
6047882;1;1;1;90;2;;2;;2;;1;10;2;;2;;2;;2;;2;;2;;11;12;11;4610.3256028
6047882;1;2;1;90;2;;1;4;2;;1;20;2;;2;;2;;2;;2;;2;;11;12;11;4610.3256028
6047883;1;1;1;90;2;;1;28;2;;1;12;2;;2;;2;;2;;2;;2;;11;12;11;4707.1579371
6047883;1;2;1;90;2;;1;18;2;;1;14;2;;2;;2;;2;;2;;2;;11;12;11;4707.1579371
6047884;1;1;1;90;2;;1;7;2;;2;;2;;2;;2;;2;;2;;2;;11;12;11;3244.2600073
6047884;1;2;1;90;2;;1;14;2;;2;;2;;2;;2;;2;;2;;2;;11;12;11;3244.2600073
6047884;1;3;1;90;2;;1;7;2;;2;;2;;2;;2;;2;;2;;2;;11;12;11;3244.2600073
6047884;1;4;1;90;2;;1;7;2;;2;;2;;2;;2;;2;;2;;2;;11;12;11;3244.2600073
6047885;1;1;1;90;2;;2;;2;;2;;2;;2;;2;;2;;2;;2;;11;12;11;3782.8606746
6047885;1;2;1;90;2;;1;14;2;;2;;2;;2;;2;;2;;2;;2;;11;12;11;3782.8606746
6047885;1;3;1;90;2;;2;;2;;2;;2;;2;;2;;2;;2;;2;;11;12;11;3782.8606746
6047886;1;1;1;90;2;;1;3;2;;2;;1;3;2;;2;;2;;2;;2;;11;12;11;2008.3554247
6047886;1;2;1;90;2;;1;2;2;;2;;2;;2;;2;;2;;2;;2;;11;12;11;2008.3554247
6047886;1;3;1;90;2;;2;;2;;2;;2;;2;;2;;2;;2;;2;;11;12;11;2008.3554247
6047886;1;4;1;90;2;;1;10;2;;2;;2;;2;;2;;2;;2;;2;;11;12;11;2008.3554247
6047886;1;5;1;90;2;;2;;2;;2;;2;;2;;2;;2;;2;;2;;11;12;11;2008.3554247
6047887;1;1;1;90;2;;2;;2;;2;;2;;2;;2;;2;;2;;2;;11;12;11;4686.892595
6047887;1;2;1;90;2;;1;40;2;;2;;2;;2;;2;;2;;2;;2;;11;12;11;4686.892595
6047887;1;4;1;90;2;;1;1;2;;2;;2;;2;;2;;2;;2;;2;;11;12;11;4686.892595
6047888;1;1;1;90;2;;2;;2;;2;;2;;2;;2;;2;;2;;2;;11;12;11;7891.7362085
6047888;1;2;1;90;2;;1;35;2;;1;15;2;;2;;2;;2;;2;;2;;11;12;11;7891.7362085
6047888;1;5;1;90;2;;1;15;2;;2;;2;;2;;2;;2;;2;;2;;11;12;11;7891.7362085
6047888;1;6;1;90;2;;1;10;2;;2;;2;;2;;2;;2;;2;;2;;11;12;11;7891.7362085
6047889;1;1;1;90;2;;1;24;2;;2;;2;;2;;2;;2;;2;;2;;11;12;11;3401.8883681
6047890;1;1;1;90;2;;1;48;2;;2;;2;;2;;2;;2;;2;;2;;11;12;11;4578.5423286
6047890;1;2;1;90;2;;1;3;2;;2;;2;;2;;2;;2;;2;;2;;11;12;11;4578.5423286
6047891;1;1;1;90;2;;1;2;2;;2;;2;;2;;2;;2;;2;;2;;11;12;11;3996.4455073
6047895;1;1;1;90;2;;1;7;2;;2;;2;;2;;2;;2;;2;;2;;11;12;11;2802.2678684
6047895;1;2;1;90;2;;1;6;2;;2;;2;;2;;2;;2;;2;;2;;11;12;11;2802.2678684
6047895;1;3;1;90;2;;1;5;2;;2;;2;;2;;2;;2;;2;;2;;11;12;11;2802.2678684
6047895;1;4;1;90;2;;1;4;2;;2;;2;;2;;2;;2;;2;;2;;11;12;11;2802.2678684
6047896;1;1;1;90;2;;1;38;2;;2;;2;;2;;2;;2;;2;;2;;11;12;11;3437.355692
6047896;1;2;1;90;2;;1;5;2;;2;;2;;2;;2;;2;;2;;2;;11;12;11;3437.355692
6047900;1;1;1;90;2;;1;7;2;;2;;2;;2;;2;;2;;2;;2;;11;12;11;3742.1583604
6047901;1;1;1;90;2;;1;14;2;;2;;2;;2;;2;;2;;2;;2;;11;12;11;3983.9851894
6047901;1;3;1;90;2;;1;14;2;;1;14;2;;2;;2;;2;;2;;2;;11;12;11;3983.9851894
6047902;1;1;1;90;2;;1;21;2;;2;;2;;2;;2;;2;;2;;2;;11;12;11;2746.5352024
6047902;1;2;1;90;2;;2;;2;;2;;2;;2;;2;;2;;2;;2;;11;12;11;2746.5352024
6047902;1;3;1;90;2;;1;14;2;;2;;2;;2;;2;;2;;2;;2;;11;12;11;2746.5352024
6047902;1;4;1;90;2;;2;;2;;2;;2;;2;;2;;2;;2;;2;;11;12;11;2746.5352024
6047903;1;1;1;90;2;;1;14;2;;2;;2;;2;;2;;2;;2;;2;;11;12;11;3996.4455073
6047904;1;1;1;90;2;;2;;2;;2;;2;;2;;2;;2;;2;;2;;11;12;11;4240.2283435
6047904;1;2;1;90;2;;1;30;2;;2;;2;;2;;2;;2;;2;;2;;11;12;11;4240.2283435
6047905;1;1;1;90;2;;1;7;2;;2;;2;;2;;2;;2;;2;;2;;11;12;11;3264.5253494
6047905;1;2;1;90;2;;1;14;2;;2;;2;;2;;2;;2;;2;;2;;11;12;11;3264.5253494
6047905;1;3;1;90;2;;2;;2;;2;;2;;2;;2;;2;;2;;2;;11;12;11;3264.5253494
6047906;1;1;1;90;2;;1;14;2;;2;;2;;2;;2;;2;;2;;2;;11;12;11;3381.6230259
6047906;1;2;1;90;2;;1;7;2;;2;;2;;2;;2;;2;;2;;2;;11;12;11;3381.6230259
6047907;1;1;1;90;2;;1;15;2;;1;21;2;;2;;2;;2;;2;;2;;11;12;11;5924.342582
6047909;1;1;1;90;2;;1;14;2;;2;;2;;2;;2;;2;;2;;2;;11;12;11;3625.0606839
6047909;1;2;1;90;2;;1;3;2;;2;;2;;2;;2;;2;;2;;2;;11;12;11;3625.0606839
6047910;1;1;1;90;2;;2;;2;;2;;2;;2;;2;;2;;2;;2;;11;12;11;4950.9407733
6047910;1;2;1;90;2;;1;14;2;;2;;2;;2;;2;;2;;2;;2;;11;12;11;4950.9407733
6047910;1;3;1;90;2;;1;12;2;;2;;2;;2;;2;;2;;2;;2;;11;12;11;4950.9407733
6047911;1;1;1;90;2;;2;;2;;2;;2;;2;;2;;2;;2;;2;;11;12;11;3965.6758544
6047911;1;2;1;90;2;;1;30;2;;2;;2;;2;;2;;2;;2;;2;;11;12;11;3965.6758544
6047911;1;3;1;90;2;;2;;2;;2;;2;;2;;2;;2;;2;;2;;11;12;11;3965.6758544
6047914;1;1;1;90;2;;1;20;2;;1;20;2;;2;;2;;2;;2;;2;;11;12;11;4590.0602606
6047914;1;2;1;90;2;;1;2;2;;2;;2;;2;;2;;2;;2;;2;;11;12;11;4590.0602606
6047914;1;3;1;90;2;;1;6;2;;2;;2;;2;;2;;2;;2;;2;;11;12;11;4590.0602606
6047915;1;1;1;90;2;;1;5;2;;2;;2;;2;;2;;2;;2;;2;;11;12;11;4722.3599189
6047915;1;2;1;90;2;;1;12;2;;1;10;2;;2;;2;;2;;2;;2;;11;12;11;4722.3599189
6047915;1;4;1;90;2;;1;2;2;;2;;2;;2;;2;;2;;2;;2;;11;12;11;4722.3599189
6047915;1;5;1;90;2;;1;2;2;;2;;2;;2;;2;;2;;2;;2;;11;12;11;4722.3599189
6047916;1;1;1;90;2;;1;1;2;;2;;2;;2;;2;;2;;2;;2;;11;12;11;2989.9728603
6047916;1;2;1;90;2;;1;35;2;;2;;2;;2;;2;;2;;2;;2;;11;12;11;2989.9728603
6047916;1;3;1;90;2;;2;;2;;2;;2;;2;;2;;2;;2;;2;;11;12;11;2989.9728603
6047916;1;4;1;90;2;;1;5;2;;2;;2;;2;;2;;2;;2;;2;;11;12;11;2989.9728603
6047917;1;1;1;90;2;;1;32;2;;2;;2;;2;;2;;2;;2;;2;;11;12;11;4219.9630013
6047917;1;2;1;90;2;;1;24;2;;2;;2;;2;;2;;2;;2;;2;;11;12;11;4219.9630013
6047917;1;3;1;90;2;;1;3;2;;2;;2;;2;;2;;2;;2;;2;;11;12;11;4219.9630013
6047918;1;1;1;90;2;;1;7;2;;2;;2;;2;;2;;2;;2;;2;;11;12;11;5904.0772398
6047918;1;2;1;90;2;;1;24;2;;1;30;2;;2;;2;;2;;2;;2;;11;12;11;5904.0772398
6047919;1;1;1;90;2;;1;3;2;;2;;2;;2;;2;;2;;2;;2;;11;12;11;4578.5423286
6047919;1;2;1;90;2;;1;5;2;;1;6;2;;2;;2;;2;;2;;2;;11;12;11;4578.5423286
6047920;1;1;1;90;2;;1;7;2;;2;;2;;2;;2;;2;;2;;2;;11;12;11;3264.5253494
6047920;1;2;1;90;2;;1;5;2;;2;;2;;2;;2;;2;;2;;2;;11;12;11;3264.5253494
6047920;1;3;1;90;2;;2;;2;;2;;2;;2;;2;;2;;2;;2;;11;12;11;3264.5253494
6047921;1;1;1;90;2;;1;20;2;;1;20;2;;2;;2;;2;;2;;2;;11;12;11;4731.1073291
6047921;1;2;1;90;2;;1;8;2;;1;10;2;;2;;2;;2;;2;;2;;11;12;11;4731.1073291
6047922;1;1;1;90;2;;1;5;2;;2;;2;;2;;2;;2;;2;;2;;11;12;11;4742.625261
6047922;1;2;1;90;2;;1;14;2;;1;35;2;;2;;2;;2;;2;;2;;11;12;11;4742.625261
6047922;1;4;1;90;2;;1;3;2;;2;;2;;2;;2;;2;;2;;2;;11;12;11;4742.625261
6047927;1;1;1;90;2;;1;18;2;;2;;2;;2;;2;;2;;2;;2;;11;12;11;3742.1583604
6047928;1;1;1;90;2;;2;;2;;2;;2;;2;;2;;2;;2;;2;;11;12;11;2457.108064
6047928;1;2;1;90;2;;1;35;2;;2;;2;;2;;2;;2;;2;;2;;11;12;11;2457.108064
6047928;1;3;1;90;2;;1;10;2;;2;;2;;2;;2;;2;;2;;2;;11;12;11;2457.108064
6047928;1;4;1;90;2;;1;10;2;;2;;2;;2;;2;;2;;2;;2;;11;12;11;2457.108064
6047933;1;1;1;90;2;;1;30;2;;2;;2;;2;;2;;2;;2;;2;;11;12;11;3742.1583604
6047936;1;1;1;90;2;;2;;2;;2;;2;;2;;2;;2;;2;;2;;11;12;11;6032.6928484
6047936;1;2;1;90;2;;1;5;2;;2;;2;;2;;2;;2;;2;;2;;11;12;11;6032.6928484
6047941;1;1;1;90;2;;2;;2;;2;;2;;2;;2;;2;;2;;2;;11;12;11;3381.6230259
6047941;1;2;1;90;2;;1;30;2;;2;;2;;2;;2;;2;;2;;2;;11;12;11;3381.6230259
6047950;1;1;1;90;2;;1;20;2;;1;15;2;;2;;2;;2;;2;;2;;13;12;13;460.34577854
6047950;1;2;1;90;2;;2;;2;;2;;2;;2;;2;;2;;2;;2;;13;12;13;460.34577854
6047950;1;3;1;90;2;;2;;2;;2;;2;;2;;2;;2;;2;;2;;13;12;13;460.34577854
6047951;1;1;1;90;2;;2;;2;;2;;2;;2;;2;;2;;2;;2;;13;12;13;423.1956098
6047951;1;2;1;90;2;;1;28;2;;1;25;2;;2;;2;;2;;2;;2;;13;12;13;423.1956098
6047952;1;1;1;90;2;;1;20;2;;1;25;2;;2;;2;;2;;2;;2;;13;12;13;458.10502936
6047953;1;1;1;90;2;;1;21;2;;1;25;2;;2;;2;;2;;2;;2;;13;12;13;413.07485105
6047953;1;2;1;90;2;;1;20;2;;1;15;2;;2;;2;;2;;2;;2;;13;12;13;413.07485105
6047953;1;3;1;90;2;;2;;2;;2;;2;;2;;2;;2;;2;;2;;13;12;13;413.07485105
6047954;1;1;1;90;2;;1;16;2;;1;20;2;;2;;2;;2;;2;;2;;13;12;13;344.77313843
6047955;1;1;1;90;2;;1;30;2;;1;30;2;;2;;2;;2;;2;;2;;13;12;13;356.94656314
6047955;1;2;1;90;2;;1;2;2;;1;7;2;;2;;2;;2;;2;;2;;13;12;13;356.94656314
6047955;1;5;1;90;2;;1;21;2;;2;;2;;2;;2;;2;;2;;2;;13;12;13;356.94656314
6047955;1;6;1;90;2;;1;21;2;;2;;2;;2;;2;;2;;2;;2;;13;12;13;356.94656314
6047956;1;1;1;90;2;;2;;2;;2;;2;;2;;2;;2;;2;;2;;13;12;13;528.73895786
6047956;1;2;1;90;2;;1;24;2;;1;16;2;;2;;2;;2;;2;;2;;13;12;13;528.73895786
6047956;1;4;1;90;2;;1;20;2;;2;;2;;2;;2;;2;;2;;2;;13;12;13;528.73895786
6047956;1;5;1;90;2;;1;4;2;;2;;2;;2;;2;;2;;2;;2;;13;12;13;528.73895786
6047956;1;6;1;90;2;;2;;2;;2;;2;;2;;1;2;2;;2;;2;;13;12;13;528.73895786
6047957;1;1;1;90;2;;2;;2;;1;7;2;;2;;2;;2;;2;;2;;13;12;13;424.48580011
6047957;1;2;1;90;2;;1;30;2;;1;30;2;;2;;2;;2;;2;;2;;13;12;13;424.48580011
6047959;1;1;1;90;2;;2;;2;;1;14;2;;2;;2;;2;;2;;2;;13;12;13;288.67164251
6047959;1;4;1;90;2;;2;;2;;2;;2;;2;;2;;2;;2;;2;;13;12;13;288.67164251
6047960;1;1;1;90;2;;1;10;2;;2;;2;;2;;2;;2;;2;;2;;13;12;13;520.94942274
6047960;1;2;1;90;2;;1;15;2;;2;;2;;2;;2;;2;;2;;2;;13;12;13;520.94942274
6047960;1;3;1;90;2;;1;10;2;;2;;2;;2;;2;;2;;2;;2;;13;12;13;520.94942274
6047960;1;4;1;90;2;;1;15;2;;2;;2;;2;;2;;2;;2;;2;;13;12;13;520.94942274
6047961;1;1;1;90;2;;1;10;2;;2;;2;;2;;2;;2;;2;;2;;13;12;13;375.54222105
6047962;1;1;1;90;2;;1;8;2;;1;10;2;;2;;2;;2;;2;;2;;13;12;13;252.22291657
6047962;1;2;1;90;2;;2;;2;;1;8;2;;2;;2;;2;;2;;2;;13;12;13;252.22291657
6047963;1;1;1;90;2;;1;15;2;;2;;2;;2;;2;;2;;2;;2;;13;12;13;436.14586525
6047963;1;2;1;90;2;;1;15;2;;2;;2;;2;;2;;2;;2;;2;;13;12;13;436.14586525
6047964;1;1;1;90;2;;1;15;2;;2;;2;;2;;2;;2;;2;;2;;13;12;13;475.36130465
6047964;1;2;1;90;2;;1;15;2;;2;;2;;2;;2;;2;;2;;2;;13;12;13;475.36130465
6047964;1;3;1;90;2;;1;15;2;;2;;2;;2;;2;;2;;2;;2;;13;12;13;475.36130465
6047965;1;1;1;90;2;;1;21;2;;2;;2;;2;;2;;2;;2;;2;;13;12;13;510.06618834
6047967;1;1;1;90;2;;1;14;2;;2;;2;;2;;2;;2;;2;;2;;13;12;13;442.62181751
6047967;1;2;1;90;2;;1;3;2;;2;;2;;2;;2;;2;;2;;2;;13;12;13;442.62181751
6047967;1;3;1;90;2;;1;21;2;;2;;2;;2;;2;;2;;2;;2;;13;12;13;442.62181751
6047967;1;4;1;90;2;;1;21;2;;2;;2;;2;;2;;2;;2;;2;;13;12;13;442.62181751
6047968;1;1;1;90;2;;1;21;2;;1;4;2;;2;;2;;2;;2;;2;;13;12;13;307.34441203
6047968;1;2;1;90;2;;1;14;2;;1;7;2;;2;;2;;2;;2;;2;;13;12;13;307.34441203
6047968;1;3;1;90;2;;2;;2;;1;5;2;;2;;2;;2;;2;;2;;13;12;13;307.34441203
6047968;1;4;1;90;2;;1;21;2;;1;40;2;;2;;2;;2;;2;;2;;13;12;13;307.34441203
6047968;1;8;1;90;2;;1;7;2;;2;;2;;2;;2;;2;;2;;2;;13;12;13;307.34441203
6047968;1;9;1;90;2;;1;3;2;;2;;2;;2;;2;;2;;2;;2;;13;12;13;307.34441203
6047969;1;1;1;90;2;;1;8;2;;2;;2;;2;;2;;2;;2;;2;;13;12;13;318.12374282
6047969;1;2;1;90;2;;1;8;2;;2;;2;;2;;2;;2;;2;;2;;13;12;13;318.12374282
6047970;1;1;1;90;2;;1;20;2;;2;;1;30;2;;2;;2;;2;;2;;13;12;13;380.04436933
6047970;1;2;1;90;2;;2;;2;;2;;2;;2;;2;;2;;2;;2;;13;12;13;380.04436933
6047970;1;3;1;90;2;;2;;2;;2;;2;;2;;2;;2;;2;;2;;13;12;13;380.04436933
6047973;1;1;1;90;2;;1;4;2;;1;7;2;;2;;2;;2;;2;;2;;13;12;13;344.18439091
6047973;1;2;1;90;2;;1;17;2;;1;20;2;;2;;2;;2;;2;;2;;13;12;13;344.18439091
6047974;1;1;1;90;2;;2;;2;;1;6;2;;2;;2;;2;;2;;2;;13;12;13;353.26411634
6047974;1;2;1;90;2;;1;18;2;;1;30;2;;2;;2;;2;;2;;2;;13;12;13;353.26411634
6047974;1;3;1;90;2;;2;;2;;2;;2;;2;;2;;2;;2;;2;;13;12;13;353.26411634
6047975;1;1;1;90;2;;2;;2;;2;;2;;2;;2;;2;;2;;2;;13;12;13;588.3005765
6047975;1;2;1;90;2;;2;;2;;2;;2;;2;;2;;2;;2;;2;;13;12;13;588.3005765
6047975;1;3;1;90;2;;2;;2;;1;2;2;;2;;2;;2;;2;;2;;13;12;13;588.3005765
6047975;1;4;1;90;2;;1;30;2;;1;25;2;;2;;2;;2;;2;;2;;13;12;13;588.3005765
6047976;1;1;1;90;2;;1;15;2;;1;20;2;;2;;2;;2;;2;;2;;13;12;13;304.58473985
6047976;1;2;1;90;2;;2;;2;;2;;2;;2;;2;;2;;2;;2;;13;12;13;304.58473985
6047976;1;3;1;90;2;;1;3;2;;1;3;2;;2;;2;;2;;2;;2;;13;12;13;304.58473985
6047977;1;1;1;90;2;;1;20;2;;1;20;2;;2;;2;;2;;2;;2;;13;12;13;422.15457648
6047977;1;2;1;90;2;;2;;2;;2;;2;;2;;2;;2;;2;;2;;13;12;13;422.15457648
6047977;1;3;1;90;2;;1;35;2;;1;15;2;;2;;2;;2;;2;;2;;13;12;13;422.15457648
6047977;1;4;1;90;2;;1;2;2;;1;7;2;;2;;2;;2;;2;;2;;13;12;13;422.15457648
6047979;1;1;1;90;2;;2;;2;;2;;2;;2;;2;;2;;2;;2;;13;12;13;469.17634697
6047979;1;2;1;90;2;;1;20;2;;1;30;2;;2;;2;;2;;2;;2;;13;12;13;469.17634697
6047980;1;1;1;90;2;;1;20;2;;1;20;2;;2;;2;;2;;2;;2;;13;12;13;390.16512808
6047980;1;2;1;90;2;;1;40;2;;1;30;2;;2;;2;;2;;2;;2;;13;12;13;390.16512808
6047981;1;1;1;90;2;;1;10;2;;2;;2;;2;;2;;2;;2;;2;;13;12;13;350.56547702
6047981;1;2;1;90;2;;1;30;2;;1;30;2;;2;;2;;2;;2;;2;;13;12;13;350.56547702
6047981;1;3;1;90;2;;1;15;2;;1;5;2;;2;;2;;2;;2;;2;;13;12;13;350.56547702
6047982;1;1;1;90;2;;1;20;2;;2;;2;;2;;2;;2;;2;;2;;13;12;13;689.24755906
6047982;1;2;1;90;2;;2;;2;;2;;2;;2;;2;;2;;2;;2;;13;12;13;689.24755906
6047982;1;3;1;90;2;;1;15;2;;2;;2;;2;;2;;2;;2;;2;;13;12;13;689.24755906
6047982;1;4;1;90;2;;1;15;2;;2;;2;;2;;2;;2;;2;;2;;13;12;13;689.24755906
6047982;1;6;1;90;2;;2;;2;;2;;2;;2;;2;;2;;2;;2;;13;12;13;689.24755906
6047982;1;7;1;90;2;;1;20;2;;1;20;2;;2;;2;;2;;2;;2;;13;12;13;689.24755906
6047982;1;9;1;90;2;;1;15;2;;1;15;2;;2;;2;;2;;2;;2;;13;12;13;689.24755906
6047982;1;10;1;90;2;;2;;2;;2;;2;;2;;2;;2;;2;;2;;13;12;13;689.24755906
6047982;1;12;1;90;2;;1;15;2;;2;;2;;2;;2;;2;;2;;2;;13;12;13;689.24755906
6047982;1;13;1;90;2;;2;;2;;2;;2;;2;;2;;2;;2;;2;;13;12;13;689.24755906
6047982;1;14;1;90;2;;2;;2;;2;;2;;2;;2;;2;;2;;2;;13;12;13;689.24755906
6047982;1;16;1;90;2;;1;15;2;;2;;2;;2;;2;;2;;2;;2;;13;12;13;689.24755906
6047982;1;17;1;90;2;;2;;2;;2;;2;;2;;2;;2;;2;;2;;13;12;13;689.24755906
6047982;1;18;1;90;2;;2;;2;;2;;2;;2;;2;;2;;2;;2;;13;12;13;689.24755906
6047982;1;19;1;90;2;;1;15;2;;1;15;2;;2;;2;;2;;2;;2;;13;12;13;689.24755906
6047983;1;1;1;90;2;;2;;2;;2;;2;;2;;2;;2;;2;;2;;13;12;13;396.54621419
6047983;1;2;1;90;2;;1;12;2;;2;;2;;2;;2;;2;;2;;2;;13;12;13;396.54621419
6047983;1;3;1;90;2;;1;5;2;;2;;2;;2;;2;;2;;2;;2;;13;12;13;396.54621419
6047985;1;1;1;90;2;;1;10;2;;2;;2;;2;;2;;2;;2;;2;;13;12;13;513.09006309
6047985;1;2;1;90;2;;1;20;2;;1;20;2;;2;;2;;2;;2;;2;;13;12;13;513.09006309
6047985;1;3;1;90;2;;1;12;2;;2;;2;;2;;2;;2;;2;;2;;13;12;13;513.09006309
6047985;1;6;1;90;2;;1;18;2;;2;;2;;2;;2;;2;;2;;2;;13;12;13;513.09006309
6047985;1;7;1;90;2;;1;10;2;;2;;2;;2;;2;;2;;2;;2;;13;12;13;513.09006309
6047986;1;1;1;90;2;;2;;2;;2;;2;;2;;2;;2;;2;;2;;13;12;13;441.3048352
6047986;1;2;1;90;2;;1;20;2;;1;30;2;;2;;2;;2;;2;;2;;13;12;13;441.3048352
6047986;1;3;1;90;2;;1;6;2;;2;;2;;2;;2;;2;;2;;2;;13;12;13;441.3048352
6047986;1;5;1;90;2;;2;;2;;2;;2;;2;;2;;2;;2;;2;;13;12;13;441.3048352
6047987;1;1;1;90;2;;2;;2;;2;;2;;2;;2;;2;;2;;2;;13;12;13;434.92374909
6047987;1;2;1;90;2;;1;35;2;;2;;2;;2;;2;;2;;2;;2;;13;12;13;434.92374909
6047987;1;3;1;90;2;;2;;2;;2;;2;;2;;2;;2;;2;;2;;13;12;13;434.92374909
6047988;1;1;1;90;2;;2;;2;;2;;2;;2;;2;;2;;2;;2;;13;12;13;408.863101
6047988;1;2;1;90;2;;1;40;2;;2;;2;;2;;2;;2;;2;;2;;13;12;13;408.863101
6047988;1;3;1;90;2;;1;20;2;;2;;2;;2;;2;;2;;2;;2;;13;12;13;408.863101
6047989;1;1;1;90;2;;2;;2;;2;;2;;2;;2;;2;;2;;2;;13;12;13;411.85273489
6047989;1;2;1;90;2;;1;21;2;;2;;2;;2;;2;;2;;2;;2;;13;12;13;411.85273489
6047989;1;3;1;90;2;;2;;2;;2;;2;;2;;2;;2;;2;;2;;13;12;13;411.85273489
6047989;1;4;1;90;2;;1;25;2;;1;25;2;;2;;2;;2;;2;;2;;13;12;13;411.85273489
6047990;1;1;1;90;2;;2;;2;;2;;2;;2;;2;;2;;2;;2;;13;12;13;446.10533278
6047990;1;2;1;90;2;;1;30;2;;1;20;2;;2;;2;;2;;2;;2;;13;12;13;446.10533278
6047990;1;4;1;90;2;;1;20;2;;1;20;2;;2;;2;;2;;2;;2;;13;12;13;446.10533278
6047992;1;1;1;90;2;;1;7;2;;2;;2;;2;;2;;2;;2;;2;;13;12;13;436.14586525
6047992;1;2;1;90;2;;1;21;2;;2;;2;;2;;2;;2;;2;;2;;13;12;13;436.14586525
6047993;1;1;1;90;2;;2;;2;;2;;2;;2;;2;;2;;2;;2;;13;12;13;609.04036706
6047993;1;2;1;90;2;;1;40;2;;1;20;2;;2;;2;;2;;2;;2;;13;12;13;609.04036706
6047993;1;3;1;90;2;;1;10;2;;2;;2;;2;;2;;2;;2;;2;;13;12;13;609.04036706
6047993;1;4;1;90;2;;1;15;2;;2;;2;;2;;2;;2;;2;;2;;13;12;13;609.04036706
6047993;1;5;1;90;2;;2;;2;;2;;2;;2;;2;;2;;2;;2;;13;12;13;609.04036706
6047994;1;1;1;90;2;;2;;2;;2;;2;;2;;2;;2;;2;;2;;13;12;13;468.54297833
6047994;1;2;1;90;2;;1;20;2;;1;14;2;;2;;2;;2;;2;;2;;13;12;13;468.54297833
6047995;1;1;1;90;2;;1;30;2;;2;;2;;2;;2;;2;;2;;2;;13;12;13;335.94256999
6047995;1;2;1;90;2;;1;14;2;;2;;2;;2;;2;;2;;2;;2;;13;12;13;335.94256999
6047996;1;1;1;90;2;;2;;2;;2;;2;;2;;2;;2;;2;;2;;13;12;13;465.05946306
6047996;1;2;1;90;2;;1;14;2;;2;;1;5;2;;2;;2;;2;;2;;13;12;13;465.05946306
6047996;1;3;1;90;2;;1;21;2;;2;;1;21;2;;2;;2;;2;;2;;13;12;13;465.05946306
6047997;1;1;1;90;2;;1;2;2;;2;;2;;2;;2;;2;;2;;2;;13;12;13;511.48548566
6047997;1;2;1;90;2;;2;;2;;2;;2;;2;;2;;2;;2;;2;;13;12;13;511.48548566
6047997;1;3;1;90;2;;1;12;2;;2;;1;14;2;;2;;2;;2;;2;;13;12;13;511.48548566
6047997;1;4;1;90;2;;1;14;2;;2;;1;7;2;;2;;2;;2;;2;;13;12;13;511.48548566
6047997;1;5;1;90;2;;1;7;2;;2;;2;;2;;2;;2;;2;;2;;13;12;13;511.48548566
6047999;1;1;1;90;2;;1;4;2;;2;;2;;2;;2;;2;;2;;2;;13;12;13;420.30084205
6047999;1;2;1;90;2;;1;18;2;;2;;2;;2;;2;;2;;2;;2;;13;12;13;420.30084205
6048000;1;1;1;90;2;;1;10;2;;2;;2;;2;;2;;2;;2;;2;;13;12;13;436.14586525
6048000;1;2;1;90;2;;1;15;2;;2;;2;;2;;2;;2;;2;;2;;13;12;13;436.14586525
6048001;1;1;1;90;2;;1;3;2;;2;;2;;2;;2;;2;;2;;2;;13;12;13;516.44727445
6048001;1;2;1;90;2;;1;15;2;;2;;2;;2;;2;;2;;2;;2;;13;12;13;516.44727445
6048002;1;1;1;90;2;;1;6;2;;2;;2;;2;;2;;2;;2;;2;;13;12;13;479.01854805
6048002;1;2;1;90;2;;1;16;2;;1;18;1;18;2;;2;;2;;2;;2;;13;12;13;479.01854805
6048002;1;3;1;90;2;;1;1;2;;2;;2;;2;;2;;2;;2;;2;;13;12;13;479.01854805
6048002;1;4;1;90;2;;1;1;2;;2;;2;;2;;2;;2;;2;;2;;13;12;13;479.01854805
6048002;1;5;1;90;2;;1;7;2;;1;15;1;15;2;;2;;2;;2;;2;;13;12;13;479.01854805
6048002;1;6;1;90;2;;2;;2;;2;;2;;2;;2;;2;;2;;2;;13;12;13;479.01854805
6048002;1;8;1;90;2;;1;2;2;;2;;2;;2;;2;;2;;2;;2;;13;12;13;479.01854805
6048003;1;1;1;90;2;;1;10;2;;2;;2;;2;;2;;2;;2;;2;;13;12;13;447.10452851
6048003;1;2;1;90;2;;1;20;2;;1;30;2;;2;;2;;2;;2;;2;;13;12;13;447.10452851
6048004;1;1;1;90;2;;1;10;2;;2;;2;;2;;2;;2;;2;;2;;13;12;13;301.62189796
6048004;1;2;1;90;2;;1;10;2;;2;;2;;2;;2;;2;;2;;2;;13;12;13;301.62189796
6048005;1;1;1;90;2;;1;3;2;;2;;2;;2;;2;;2;;2;;2;;13;12;13;390.92760373
6048005;1;2;1;90;2;;1;30;2;;2;;2;;2;;2;;2;;2;;2;;13;12;13;390.92760373
6048005;1;3;1;90;2;;1;3;2;;2;;2;;2;;2;;2;;2;;2;;13;12;13;390.92760373
6048005;1;4;1;90;2;;1;14;2;;2;;2;;2;;2;;2;;2;;2;;13;12;13;390.92760373
6048005;1;5;1;90;2;;1;21;2;;2;;2;;2;;2;;2;;2;;2;;13;12;13;390.92760373
6048005;1;6;1;90;2;;2;;2;;2;;2;;2;;2;;2;;2;;2;;13;12;13;390.92760373
6048006;1;1;1;90;2;;1;20;2;;2;;2;;2;;2;;2;;2;;2;;13;12;13;510.06618834
6048007;1;1;1;90;2;;2;;2;;2;;2;;2;;2;;2;;2;;2;;13;12;13;420.30084205
6048007;1;2;1;90;2;;2;;2;;2;;2;;2;;2;;2;;2;;2;;13;12;13;420.30084205
6048008;1;1;1;90;2;;1;6;2;;2;;2;;2;;2;;2;;2;;2;;13;12;13;510.06618834
6048009;1;1;1;90;2;;1;20;2;;2;;1;30;2;;2;;2;;2;;2;;13;12;13;420.30084205
6048009;1;2;1;90;2;;2;;2;;2;;2;;2;;2;;2;;2;;2;;13;12;13;420.30084205
6048010;1;1;1;90;2;;1;12;2;;2;;2;;2;;2;;2;;2;;2;;13;12;13;375.54222105
6048011;1;1;1;90;2;;2;;2;;2;;2;;2;;2;;2;;2;;2;;13;12;13;396.54621419
6048011;1;2;1;90;2;;1;20;2;;2;;2;;2;;2;;2;;2;;2;;13;12;13;396.54621419
6048011;1;3;1;90;2;;2;;2;;2;;2;;2;;2;;2;;2;;2;;13;12;13;396.54621419
6048013;1;1;1;90;2;;1;10;2;;2;;2;;2;;2;;2;;2;;2;;13;12;13;262.0222469
6048013;1;2;1;90;2;;1;20;2;;1;20;2;;2;;2;;2;;2;;2;;13;12;13;262.0222469
6048013;1;3;1;90;2;;1;30;2;;2;;2;;2;;2;;2;;2;;2;;13;12;13;262.0222469
6048014;1;1;1;90;2;;1;10;2;;2;;2;;2;;2;;2;;2;;2;;13;12;13;436.14586525
6048014;1;2;1;90;2;;1;20;2;;2;;2;;2;;2;;2;;2;;2;;13;12;13;436.14586525
6048015;1;1;1;90;2;;1;15;2;;1;20;2;;2;;2;;2;;2;;2;;13;12;13;390.7538756
6048016;1;1;1;90;2;;1;16;2;;1;15;2;;2;;2;;2;;2;;2;;13;12;13;349.27528671
6048016;1;2;1;90;2;;1;15;2;;1;26;2;;2;;2;;2;;2;;2;;13;12;13;349.27528671
6048016;1;3;1;90;2;;2;;2;;1;5;2;;2;;2;;2;;2;;2;;13;12;13;349.27528671
6048017;1;1;1;90;2;;1;15;2;;2;;2;;2;;2;;2;;2;;2;;13;12;13;436.14586525
6048017;1;2;1;90;2;;1;6;2;;2;;2;;2;;2;;2;;2;;2;;13;12;13;436.14586525
6048021;1;1;1;90;2;;2;;2;;2;;2;;2;;2;;2;;2;;2;;13;12;13;423.1956098
6048021;1;2;1;90;2;;1;24;2;;1;15;2;;2;;2;;2;;2;;2;;13;12;13;423.1956098
6048022;1;1;1;90;2;;2;;2;;2;;2;;2;;2;;2;;2;;2;;13;12;13;378.82225317
6048022;1;2;1;90;2;;1;20;2;;2;;2;;2;;2;;2;;2;;2;;13;12;13;378.82225317
6048022;1;3;1;90;2;;1;30;2;;2;;2;;2;;2;;2;;2;;2;;13;12;13;378.82225317
6048022;1;4;1;90;2;;2;;2;;2;;2;;2;;2;;2;;2;;2;;13;12;13;378.82225317
6048023;1;1;1;90;2;;1;20;2;;2;;2;;2;;2;;2;;2;;2;;13;12;13;524.23680957
6048023;1;2;1;90;2;;2;;2;;2;;2;;2;;2;;2;;2;;2;;13;12;13;524.23680957
6048023;1;3;1;90;2;;1;10;2;;2;;2;;2;;2;;2;;2;;2;;13;12;13;524.23680957
6048025;1;1;1;90;2;;1;10;2;;2;;2;;2;;2;;2;;2;;2;;13;12;13;476.40233797
6048026;1;1;1;90;2;;1;20;2;;2;;2;;2;;2;;2;;2;;2;;13;12;13;588.48865971
6048026;1;2;1;90;2;;1;30;2;;2;;2;;2;;2;;2;;2;;2;;13;12;13;588.48865971
6048027;1;1;1;90;2;;1;15;2;;2;;2;;2;;2;;2;;2;;2;;13;12;13;436.14586525
6048027;1;2;1;90;2;;1;15;2;;2;;2;;2;;2;;2;;2;;2;;13;12;13;436.14586525
6048028;1;1;1;90;2;;2;;2;;1;10;2;;2;;2;;2;;2;;2;;13;12;13;419.45593717
6048028;1;2;1;90;2;;1;10;2;;1;20;2;;2;;2;;2;;2;;2;;13;12;13;419.45593717
6048028;1;3;1;90;2;;2;;2;;2;;2;;2;;2;;2;;2;;2;;13;12;13;419.45593717
6048028;1;5;1;90;2;;1;30;2;;1;30;2;;2;;2;;2;;2;;2;;13;12;13;419.45593717
6048029;1;1;1;90;2;;1;10;2;;2;;2;;2;;2;;2;;2;;2;;13;12;13;461.82230169
6048029;1;2;1;90;2;;1;18;2;;1;18;2;;2;;2;;2;;2;;2;;13;12;13;461.82230169
6048029;1;3;1;90;2;;1;6;2;;1;8;2;;2;;2;;2;;2;;2;;13;12;13;461.82230169
6048029;1;4;1;90;2;;2;;2;;2;;2;;2;;2;;2;;2;;2;;13;12;13;461.82230169
6048030;1;1;1;90;2;;1;2;2;;1;15;2;;2;;2;;2;;2;;2;;13;12;13;293.17379079
6048030;1;2;1;90;2;;1;10;2;;1;20;2;;2;;2;;2;;2;;2;;13;12;13;293.17379079
6048030;1;4;1;90;2;;1;7;2;;1;10;2;;2;;2;;2;;2;;2;;13;12;13;293.17379079
6048030;1;5;1;90;2;;2;;2;;1;8;2;;2;;2;;2;;2;;2;;13;12;13;293.17379079
6048031;1;1;1;90;2;;1;15;2;;2;;2;;2;;2;;2;;2;;2;;13;12;13;357.72339387
6048032;1;1;1;90;2;;2;;2;;1;10;2;;2;;2;;2;;2;;2;;13;12;13;470.46653728
6048032;1;2;1;90;2;;1;30;2;;1;30;2;;2;;2;;2;;2;;2;;13;12;13;470.46653728
6048033;1;1;1;90;2;;2;;2;;2;;2;;2;;2;;2;;2;;2;;13;12;13;420.30084205
6048033;1;2;1;90;2;;1;10;2;;2;;2;;2;;2;;2;;2;;2;;13;12;13;420.30084205
6048034;1;1;1;90;2;;1;15;2;;2;;2;;2;;2;;2;;2;;2;;13;12;13;357.72339387
6048035;1;1;1;90;2;;1;15;2;;2;;2;;2;;2;;2;;2;;2;;13;12;13;375.54222105
6048036;1;1;1;90;2;;1;15;2;;2;;2;;2;;2;;2;;2;;2;;13;12;13;301.62189796
6048036;1;2;1;90;2;;1;15;2;;2;;2;;2;;2;;2;;2;;2;;13;12;13;301.62189796
6048037;1;1;1;90;2;;1;20;2;;2;;2;;2;;2;;2;;2;;2;;13;12;13;420.30084205
6048037;1;2;1;90;2;;2;;2;;2;;2;;2;;2;;2;;2;;2;;13;12;13;420.30084205
6048038;1;1;1;90;2;;1;20;2;;1;12;2;;2;;2;;2;;2;;2;;13;12;13;390.7538756
6048039;1;1;1;90;2;;2;;2;;2;;2;;2;;2;;2;;2;;2;;13;12;13;491.20632785
6048039;1;2;1;90;2;;1;24;2;;2;;2;;2;;2;;2;;2;;2;;13;12;13;491.20632785
6048039;1;3;1;90;2;;1;6;2;;2;;2;;2;;1;24;2;;2;;2;;13;12;13;491.20632785
6048040;1;1;1;90;2;;1;28;2;;1;14;2;;2;;2;;2;;2;;2;;13;12;13;285.25339829
6048040;1;2;1;90;2;;1;6;2;;2;;2;;2;;2;;2;;2;;2;;13;12;13;285.25339829
6048041;1;1;1;90;2;;1;14;2;;2;;2;;2;;2;;2;;2;;2;;13;12;13;456.22609153
6048041;1;2;1;90;1;28;2;;2;;1;21;2;;2;;2;;2;;2;;2;;13;12;13;456.22609153
6048042;1;1;1;90;2;;1;8;2;;2;;2;;2;;2;;2;;2;;2;;13;12;13;493.08526568
6048042;1;2;1;90;2;;1;21;2;;2;;2;;2;;2;;2;;2;;2;;13;12;13;493.08526568
6048043;1;1;1;90;2;;1;12;2;;2;;2;;2;;2;;2;;2;;2;;13;12;13;510.06618834
6048045;1;1;1;90;2;;1;20;2;;2;;2;;2;;2;;2;;2;;2;;13;12;13;357.72339387
6048047;1;1;1;90;2;;2;;2;;2;;2;;2;;2;;2;;2;;2;;13;12;13;516.44727445
6048047;1;2;1;90;2;;1;25;2;;2;;2;;2;;2;;2;;2;;2;;13;12;13;516.44727445
6048048;1;1;1;90;2;;1;10;2;;2;;2;;2;;2;;2;;2;;1;10;13;12;13;453.96469242
6048048;1;2;1;90;2;;1;6;2;;2;;2;;2;;2;;2;;2;;2;;13;12;13;453.96469242
6048049;1;1;1;90;2;;1;8;2;;2;;2;;2;;2;;2;;2;;2;;13;12;13;453.96469242
6048049;1;2;1;90;2;;2;;2;;2;;2;;2;;2;;2;;2;;2;;13;12;13;453.96469242
6048052;1;1;1;90;2;;1;4;2;;2;;2;;2;;2;;2;;2;;2;;13;12;13;390.16512808
6048052;1;2;1;90;2;;1;22;2;;2;;2;;2;;2;;2;;2;;2;;13;12;13;390.16512808
6048053;1;1;1;90;2;;1;21;2;;2;;2;;2;;2;;2;;2;;2;;13;12;13;301.62189796
6048053;1;2;1;90;2;;1;14;2;;2;;2;;2;;2;;2;;2;;2;;13;12;13;301.62189796
6048054;1;1;1;90;2;;1;10;2;;2;;2;;2;;2;;2;;2;;2;;13;12;13;469.17634697
6048054;1;2;1;90;2;;1;10;2;;2;;2;;2;;2;;2;;2;;2;;13;12;13;469.17634697
6048055;1;1;1;90;2;;1;12;2;;2;;2;;2;;2;;2;;2;;2;;13;12;13;543.48193443
6048055;1;2;1;90;2;;1;24;2;;2;;2;;2;;2;;2;;2;;2;;13;12;13;543.48193443
6048055;1;3;1;90;2;;2;;2;;2;;2;;2;;2;;2;;2;;2;;13;12;13;543.48193443
6048055;1;4;1;90;2;;1;8;1;6;2;;2;;2;;2;;2;;2;;2;;13;12;13;543.48193443
6048056;1;1;1;90;2;;1;12;2;;2;;2;;2;;2;;2;;2;;2;;13;12;13;420.30084205
6048056;1;2;1;90;2;;1;20;2;;2;;2;;2;;2;;2;;2;;2;;13;12;13;420.30084205
6048058;1;1;1;90;2;;1;20;2;;1;20;2;;2;;2;;2;;2;;2;;13;12;13;440.45993032
6048058;1;2;1;90;2;;1;10;2;;2;;2;;2;;2;;2;;2;;2;;13;12;13;440.45993032
6048058;1;3;1;90;2;;1;10;2;;2;;2;;2;;2;;2;;2;;2;;13;12;13;440.45993032
6048058;1;5;1;90;2;;1;10;2;;2;;2;;2;;2;;2;;2;;2;;13;12;13;440.45993032
6048058;1;6;1;90;2;;1;14;2;;2;;2;;2;;2;;2;;2;;2;;13;12;13;440.45993032
6048058;1;7;1;90;2;;1;18;2;;1;20;2;;2;;2;;2;;2;;2;;13;12;13;440.45993032
6048059;1;1;1;90;2;;1;10;2;;2;;2;;2;;2;;2;;2;;2;;13;12;13;480.27111761
6048059;1;2;1;90;2;;1;10;2;;2;;2;;2;;2;;2;;2;;2;;13;12;13;480.27111761
6048059;1;3;1;90;2;;1;20;2;;1;24;2;;2;;2;;2;;2;;2;;13;12;13;480.27111761
6048060;1;1;1;90;2;;1;20;2;;1;30;2;;2;;2;;2;;2;;2;;13;12;13;423.1956098
6048060;1;2;1;90;2;;1;10;2;;1;10;2;;2;;2;;2;;2;;2;;13;12;13;423.1956098
6048061;1;1;1;90;2;;1;21;2;;1;5;2;;2;;2;;2;;2;;2;;13;12;13;368.3843042
6048061;1;2;1;90;2;;2;;2;;1;3;2;;2;;2;;2;;2;;2;;13;12;13;368.3843042
6048061;1;3;1;90;2;;1;30;2;;1;30;2;;2;;2;;2;;2;;2;;13;12;13;368.3843042
6048063;1;1;1;90;2;;1;21;2;;1;14;2;;2;;2;;2;;2;;2;;13;12;13;351.15422454
6048063;1;2;1;90;2;;1;30;2;;1;30;2;;2;;2;;2;;2;;2;;13;12;13;351.15422454
6048065;1;1;1;90;2;;1;14;2;;1;14;2;;2;;2;;2;;2;;2;;13;12;13;390.7538756
6048066;1;1;1;90;2;;1;8;2;;2;;2;;2;;2;;2;;2;;2;;13;12;13;510.06618834
6048067;1;1;1;90;2;;1;12;2;;2;;2;;2;;2;;2;;2;;2;;13;12;13;510.06618834
6048068;1;1;1;90;2;;1;7;2;;2;;2;;2;;2;;2;;2;;2;;13;12;13;503.96850008
6048068;1;2;1;90;2;;1;21;2;;2;;2;;2;;2;;2;;2;;2;;13;12;13;503.96850008
6048068;1;3;1;90;2;;1;4;2;;2;;2;;2;;2;;2;;2;;2;;13;12;13;503.96850008
6048068;1;4;1;90;2;;1;4;2;;2;;2;;2;;2;;2;;2;;2;;13;12;13;503.96850008
6048068;1;5;1;90;2;;1;2;2;;2;;2;;2;;2;;2;;2;;2;;13;12;13;503.96850008
6048182;1;1;1;90;2;;1;10;2;;2;;2;;2;;2;;2;;2;;2;;17;12;17;473.07303041
6048182;1;2;1;90;2;;1;20;2;;2;;2;;2;;2;;2;;2;;2;;17;12;17;473.07303041
6048182;1;3;1;90;2;;2;;2;;2;;2;;2;;2;;2;;2;;2;;17;12;17;473.07303041
6048184;1;1;1;90;2;;1;20;2;;1;20;2;;2;;2;;2;;2;;2;;17;12;17;280.71788539
6048184;1;2;1;90;2;;2;;2;;2;;2;;2;;2;;2;;2;;2;;17;12;17;280.71788539
6048184;1;3;1;90;2;;2;;2;;2;;2;;2;;2;;2;;2;;2;;17;12;17;280.71788539
6048185;1;1;1;90;2;;1;4;2;;2;;2;;2;;2;;2;;2;;2;;17;12;17;203.81122744
6048186;1;1;1;90;2;;2;;2;;2;;2;;2;;2;;2;;2;;2;;17;12;17;249.65738756
6048187;1;1;1;90;2;;2;;2;;2;;2;;2;;2;;2;;2;;2;;17;12;17;187.51816749
6048187;1;2;1;90;2;;1;20;2;;2;;2;;2;;2;;2;;2;;2;;17;12;17;187.51816749
6048190;1;1;1;90;2;;1;14;2;;2;;2;;2;;2;;2;;2;;2;;17;12;17;203.81122744
6048192;1;1;1;90;2;;1;10;2;;2;;2;;2;;2;;2;;2;;2;;17;12;17;242.34877764
6048192;1;2;1;90;2;;2;;2;;2;;2;;2;;2;;2;;2;;2;;17;12;17;242.34877764
6048192;1;3;1;90;2;;2;;2;;2;;2;;2;;2;;2;;2;;2;;17;12;17;242.34877764
6048192;1;4;1;90;2;;1;7;2;;2;;2;;2;;2;;2;;2;;2;;17;12;17;242.34877764
6048193;1;1;1;90;2;;1;6;2;;2;;2;;2;;2;;2;;2;;2;;17;12;17;243.0334244
6048193;1;2;1;90;2;;1;5;2;;2;;2;;2;;2;;2;;2;;2;;17;12;17;243.0334244
6048196;1;1;1;90;2;;1;30;2;;2;;2;;2;;2;;2;;2;;2;;17;12;17;202.75480947
6048198;1;1;1;90;2;;2;;2;;2;;2;;2;;2;;2;;2;;2;;17;12;17;202.75480947
6048199;1;1;1;90;2;;1;20;2;;1;30;2;;2;;2;;2;;2;;2;;17;12;17;399.44278177
6048199;1;2;1;90;2;;1;20;2;;2;;2;;2;;2;;2;;2;;2;;17;12;17;399.44278177
6048200;1;1;1;90;2;;2;;2;;2;;2;;2;;2;;2;;2;;2;;17;12;17;226.25904645
6048200;1;2;1;90;2;;1;30;2;;2;;2;;2;;2;;2;;2;;2;;17;12;17;226.25904645
6048200;1;3;1;90;2;;1;4;2;;2;;2;;2;;2;;2;;2;;2;;17;12;17;226.25904645
6048201;1;1;1;90;2;;1;30;2;;1;30;2;;2;;2;;2;;2;;2;;17;12;17;473.07303041
6048202;1;1;1;90;2;;1;5;2;;2;;2;;2;;2;;2;;2;;2;;17;12;17;200.63903984
6048202;1;2;1;90;2;;1;20;2;;2;;2;;2;;2;;2;;2;;2;;17;12;17;200.63903984
6048202;1;3;1;90;2;;2;;2;;2;;2;;2;;2;;2;;2;;2;;17;12;17;200.63903984
6048207;1;1;1;90;2;;1;3;2;;2;;2;;2;;2;;2;;2;;2;;17;12;17;222.60394213
6048207;1;2;1;90;2;;1;30;2;;2;;2;;2;;2;;2;;2;;2;;17;12;17;222.60394213
6048207;1;3;1;90;2;;1;10;2;;2;;2;;2;;2;;2;;2;;2;;17;12;17;222.60394213
6048207;1;4;1;90;2;;2;;2;;2;;2;;2;;2;;2;;2;;2;;17;12;17;222.60394213
6048208;1;1;1;90;2;;1;10;2;;2;;2;;2;;2;;2;;2;;2;;17;12;17;335.88039307
6048208;1;2;1;90;2;;1;20;2;;1;40;2;;2;;2;;2;;2;;2;;17;12;17;335.88039307
6048209;1;1;1;90;2;;1;24;2;;2;;2;;2;;2;;2;;2;;2;;17;12;17;237.95968384
6048210;1;1;1;90;2;;1;35;2;;2;;2;;2;;2;;2;;2;;2;;17;12;17;215.87568182
6048210;1;2;1;90;2;;2;;2;;2;;2;;2;;2;;2;;2;;2;;17;12;17;215.87568182
6048211;1;1;1;90;2;;1;30;2;;2;;2;;2;;2;;2;;2;;2;;17;12;17;286.51678169
6048211;1;2;1;90;2;;1;7;2;;2;;2;;2;;2;;2;;2;;2;;17;12;17;286.51678169
6048212;1;1;1;90;2;;1;4;2;;2;;2;;2;;2;;2;;2;;2;;17;12;17;223.2885889
6048212;1;2;1;90;2;;1;4;2;;2;;2;;2;;2;;2;;2;;2;;17;12;17;223.2885889
6048213;1;1;1;90;2;;1;20;2;;2;;2;;2;;2;;2;;2;;2;;17;12;17;257.80881651
6048213;1;2;1;90;2;;1;30;2;;2;;2;;2;;2;;2;;2;;2;;17;12;17;257.80881651
6048213;1;3;1;90;2;;2;;2;;2;;2;;2;;2;;2;;2;;2;;17;12;17;257.80881651
6048213;1;4;1;90;2;;2;;2;;2;;2;;2;;2;;2;;2;;2;;17;12;17;257.80881651
6048214;1;1;1;90;2;;1;40;2;;2;;2;;2;;2;;2;;2;;2;;17;12;17;346.9726585
6048214;1;2;1;90;2;;1;3;2;;2;;2;;2;;2;;2;;2;;2;;17;12;17;346.9726585
6048214;1;3;1;90;2;;1;20;2;;2;;2;;2;;2;;2;;2;;2;;17;12;17;346.9726585
6048215;1;1;1;90;2;;1;10;2;;2;;2;;2;;2;;2;;2;;2;;17;12;17;221.29987323
6048218;1;1;1;90;2;;1;30;2;;2;;2;;2;;2;;2;;2;;2;;17;12;17;357.61394424
6048218;1;2;1;90;2;;1;20;2;;2;;2;;2;;2;;2;;2;;2;;17;12;17;357.61394424
6048218;1;3;1;90;2;;2;;2;;2;;2;;2;;2;;2;;2;;2;;17;12;17;357.61394424
6048220;1;1;1;90;2;;1;4;2;;2;;2;;2;;2;;2;;2;;2;;17;12;17;342.75200715
6048220;1;2;1;90;2;;1;20;2;;2;;2;;2;;2;;2;;2;;2;;17;12;17;342.75200715
6048220;1;3;1;90;2;;1;3;2;;2;;2;;2;;2;;2;;2;;2;;17;12;17;342.75200715
6048220;1;5;1;90;2;;1;20;2;;2;;2;;2;;2;;2;;2;;2;;17;12;17;342.75200715
6048221;1;1;1;90;2;;1;3;2;;2;;2;;2;;2;;2;;2;;2;;17;12;17;245.51301101
6048221;1;2;1;90;2;;1;30;2;;1;40;2;;2;;2;;2;;2;;2;;17;12;17;245.51301101
6048221;1;3;1;90;2;;1;2;2;;2;;2;;2;;2;;2;;2;;2;;17;12;17;245.51301101
6048222;1;1;1;90;2;;1;30;2;;2;;2;;2;;2;;2;;2;;2;;17;12;17;168.97310372
6048222;1;2;1;90;2;;2;;2;;2;;2;;2;;2;;2;;2;;2;;17;12;17;168.97310372
6048223;1;1;1;90;2;;1;20;2;;2;;2;;2;;2;;2;;2;;2;;17;12;17;202.75480947
6048224;1;1;1;90;2;;1;10;2;;2;;2;;2;;2;;2;;2;;2;;17;12;17;208.42665181
6048224;1;2;1;90;2;;2;;2;;2;;2;;2;;2;;2;;2;;2;;17;12;17;208.42665181
6048224;1;3;1;90;2;;2;;2;;2;;2;;2;;2;;2;;2;;2;;17;12;17;208.42665181
6048225;1;1;1;90;2;;2;;2;;2;;2;;2;;2;;2;;2;;2;;17;12;17;218.35526843
6048225;1;2;1;90;2;;2;;2;;2;;2;;2;;2;;2;;2;;2;;17;12;17;218.35526843
6048225;1;3;1;90;2;;1;40;2;;2;;2;;2;;2;;2;;2;;2;;17;12;17;218.35526843
6048226;1;1;1;90;2;;1;7;2;;2;;2;;2;;2;;2;;2;;2;;17;12;17;249.65738756
6048227;1;1;1;90;2;;1;40;2;;2;;2;;2;;2;;2;;2;;2;;17;12;17;399.44278177
6048227;1;4;1;90;2;;2;;2;;2;;2;;2;;2;;2;;2;;2;;17;12;17;399.44278177
6048228;1;1;1;90;2;;1;20;2;;2;;2;;2;;2;;2;;2;;2;;17;12;17;197.18726429
6048228;1;2;1;90;2;;1;10;2;;2;;2;;2;;2;;2;;2;;2;;17;12;17;197.18726429
6048229;1;1;1;90;2;;1;3;2;;2;;2;;2;;2;;2;;2;;2;;17;12;17;215.87568182
6048229;1;2;1;90;2;;1;40;2;;2;;2;;2;;2;;2;;2;;2;;17;12;17;215.87568182
6048230;1;1;1;90;2;;2;;2;;2;;2;;2;;2;;2;;2;;2;;17;12;17;200.87039096
6048230;1;2;1;90;2;;1;24;2;;2;;2;;2;;2;;2;;2;;2;;17;12;17;200.87039096
6048230;1;3;1;90;2;;2;;2;;2;;2;;2;;2;;2;;2;;2;;17;12;17;200.87039096
6048231;1;1;1;90;2;;1;7;2;;2;;2;;2;;2;;2;;2;;2;;17;12;17;210.30813664
6048231;1;2;1;90;2;;1;24;2;;2;;2;;2;;2;;2;;2;;2;;17;12;17;210.30813664
6048231;1;3;1;90;2;;1;7;2;;2;;2;;2;;2;;2;;2;;2;;17;12;17;210.30813664
6048234;1;1;1;90;2;;1;10;2;;2;;2;;2;;2;;2;;2;;2;;17;12;17;216.93209979
6048234;1;2;1;90;2;;1;16;2;;2;;2;;2;;2;;2;;2;;2;;17;12;17;216.93209979
6048235;1;1;1;90;2;;1;14;2;;2;;2;;2;;2;;2;;2;;2;;17;12;17;242.20835755
6048235;1;2;1;90;2;;1;7;2;;2;;2;;2;;2;;2;;2;;2;;17;12;17;242.20835755
6048236;1;1;1;90;2;;1;20;2;;2;;2;;2;;2;;2;;2;;2;;17;12;17;163.40555855
6048236;1;2;1;90;2;;1;10;2;;2;;2;;2;;2;;2;;2;;2;;17;12;17;163.40555855
6048236;1;3;1;90;2;;2;;2;;2;;2;;2;;2;;2;;2;;2;;17;12;17;163.40555855
6048238;1;1;1;90;2;;2;;2;;2;;2;;2;;2;;2;;2;;2;;17;12;17;287.34184854
6048238;1;2;1;90;2;;2;;2;;2;;2;;2;;2;;2;;2;;2;;17;12;17;287.34184854
6048239;1;1;1;90;2;;2;;2;;2;;2;;2;;2;;2;;2;;2;;17;12;17;216.93209979
6048239;1;2;1;90;2;;1;20;2;;2;;2;;2;;2;;2;;2;;2;;17;12;17;216.93209979
6048240;1;1;1;90;2;;1;2;2;;2;;2;;2;;2;;2;;2;;2;;17;12;17;181.95062231
6048240;1;2;1;90;2;;1;35;2;;2;;2;;2;;2;;2;;2;;2;;17;12;17;181.95062231
6048240;1;3;1;90;2;;2;;2;;2;;2;;2;;2;;2;;2;;2;;17;12;17;181.95062231
6048241;1;1;1;90;2;;1;40;2;;2;;2;;2;;2;;2;;2;;2;;17;12;17;234.89974763
6048241;1;2;1;90;2;;2;;2;;2;;2;;2;;2;;2;;2;;2;;17;12;17;234.89974763
6048241;1;3;1;90;2;;1;15;2;;2;;2;;2;;2;;2;;2;;2;;17;12;17;234.89974763
6048241;1;4;1;90;2;;2;;2;;2;;2;;2;;2;;2;;2;;2;;17;12;17;234.89974763
6048241;1;5;1;90;2;;2;;2;;2;;2;;2;;2;;2;;2;;2;;17;12;17;234.89974763
6048242;1;1;1;90;2;;1;35;2;;1;20;2;;2;;2;;2;;2;;2;;17;12;17;252.13697417
6048242;1;2;1;90;2;;1;3;2;;2;;2;;2;;2;;2;;2;;2;;17;12;17;252.13697417
6048243;1;1;1;90;2;;1;4;2;;2;;2;;2;;2;;2;;2;;2;;17;12;17;221.29987323
6048244;1;1;1;90;2;;2;;2;;2;;2;;2;;2;;2;;2;;2;;17;12;17;252.13697417
6048244;1;2;1;90;2;;1;10;2;;2;;2;;2;;2;;2;;2;;2;;17;12;17;252.13697417
6048245;1;1;1;90;2;;1;15;2;;2;;2;;2;;2;;2;;2;;2;;17;12;17;221.29987323
6048246;1;1;1;90;2;;1;5;2;;2;;2;;2;;2;;2;;2;;2;;17;12;17;249.65738756
6048248;1;1;1;90;2;;1;5;2;;2;;2;;2;;2;;2;;2;;2;;17;12;17;249.65738756
6048249;1;1;1;90;2;;1;25;2;;2;;2;;2;;2;;2;;2;;2;;17;12;17;196.13084631
6048249;1;2;1;90;2;;1;3;2;;2;;2;;2;;2;;2;;2;;2;;17;12;17;196.13084631
6048250;1;1;1;90;2;;1;30;2;;2;;2;;2;;2;;2;;2;;2;;17;12;17;381.38048837
6048250;1;2;1;90;2;;1;3;2;;2;;2;;2;;2;;2;;2;;2;;17;12;17;381.38048837
6048250;1;3;1;90;2;;1;3;2;;2;;2;;2;;2;;2;;2;;2;;17;12;17;381.38048837
6048250;1;4;1;90;2;;1;3;2;;2;;2;;2;;2;;2;;2;;2;;17;12;17;381.38048837
6048250;1;5;1;90;2;;1;3;2;;2;;2;;2;;2;;2;;2;;2;;17;12;17;381.38048837
6048251;1;1;1;90;2;;1;2;2;;1;5;2;;2;;2;;2;;2;;2;;17;12;17;302.09868732
6048251;1;2;1;90;2;;1;25;2;;2;;2;;2;;2;;2;;2;;2;;17;12;17;302.09868732
6048251;1;3;1;90;2;;1;14;2;;1;40;2;;2;;2;;2;;2;;2;;17;12;17;302.09868732
6048253;1;1;1;90;2;;1;30;2;;2;;2;;2;;2;;2;;2;;2;;17;12;17;171.08593967
6048253;1;2;1;90;2;;1;20;2;;2;;2;;2;;2;;2;;2;;2;;17;12;17;171.08593967
6048254;1;1;1;90;2;;1;7;2;;2;;2;;2;;2;;2;;2;;2;;17;12;17;229.59172227
6048254;1;2;1;90;2;;1;10;2;;2;;2;;2;;2;;2;;2;;2;;17;12;17;229.59172227
6048254;1;3;1;90;2;;1;35;2;;1;20;2;;2;;2;;2;;2;;2;;17;12;17;229.59172227
6048254;1;4;1;90;2;;1;3;2;;2;;2;;2;;2;;2;;2;;2;;17;12;17;229.59172227
6048254;1;5;1;90;2;;1;1;2;;2;;2;;2;;2;;2;;2;;2;;17;12;17;229.59172227
6048254;1;7;1;90;2;;1;5;2;;1;5;2;;2;;2;;2;;2;;2;;17;12;17;229.59172227
6048255;1;1;1;90;2;;1;21;2;;2;;2;;2;;2;;2;;2;;2;;17;12;17;203.81122744
6048256;1;1;1;90;2;;1;6;2;;2;;2;;2;;2;;2;;2;;2;;17;12;17;187.51816749
6048256;1;2;1;90;2;;1;35;2;;2;;2;;2;;2;;2;;2;;2;;17;12;17;187.51816749
6048257;1;1;1;90;2;;1;35;2;;2;;1;30;2;;2;;2;;2;;2;;17;12;17;187.51816749
6048257;1;2;1;90;2;;2;;2;;2;;2;;2;;2;;2;;2;;2;;17;12;17;187.51816749
6048258;1;1;1;90;2;;1;30;2;;1;18;2;;2;;2;;2;;2;;2;;17;12;17;290.53410427
6048258;1;2;1;90;2;;2;;2;;2;;2;;2;;2;;2;;2;;2;;17;12;17;290.53410427
6048258;1;3;1;90;2;;2;;2;;2;;2;;2;;2;;2;;2;;2;;17;12;17;290.53410427
6048259;1;1;1;90;2;;1;7;2;;1;12;2;;2;;2;;2;;2;;2;;17;12;17;245.51301101
6048259;1;2;1;90;2;;2;;2;;2;;2;;2;;2;;2;;2;;2;;17;12;17;245.51301101
6048259;1;3;1;90;2;;2;;2;;2;;2;;2;;2;;2;;2;;2;;17;12;17;245.51301101
6048260;1;1;1;90;2;;1;5;2;;2;;2;;2;;2;;2;;2;;2;;17;12;17;203.81122744
6048261;1;1;1;90;2;;2;;2;;2;;2;;2;;2;;2;;2;;2;;17;12;17;203.81122744
6048262;1;1;1;90;2;;2;;2;;2;;2;;2;;2;;2;;2;;2;;17;12;17;188.57458546
6048262;1;2;1;90;2;;2;;2;;2;;2;;2;;2;;2;;2;;2;;17;12;17;188.57458546
6048263;1;1;1;90;2;;2;;2;;2;;2;;2;;2;;2;;2;;2;;17;12;17;187.51816749
6048263;1;2;1;90;2;;2;;2;;2;;2;;2;;2;;2;;2;;2;;17;12;17;187.51816749
6048264;1;1;1;90;2;;1;10;2;;2;;2;;2;;2;;2;;2;;2;;17;12;17;203.81122744
6048265;1;1;1;90;2;;2;;2;;2;;2;;2;;2;;2;;2;;2;;17;12;17;249.65738756
6048269;1;1;1;90;2;;1;20;2;;2;;2;;2;;2;;2;;2;;2;;17;12;17;216.93209979
6048269;1;2;1;90;2;;2;;2;;2;;2;;2;;2;;2;;2;;2;;17;12;17;216.93209979
6048270;1;1;1;90;2;;1;2;2;;2;;2;;2;;2;;2;;2;;2;;17;12;17;221.29987323
6048271;1;1;1;90;2;;2;;2;;2;;2;;2;;2;;2;;2;;2;;17;12;17;187.51816749
6048271;1;2;1;90;2;;1;30;2;;2;;2;;2;;2;;2;;2;;2;;17;12;17;187.51816749
6048273;1;1;1;90;2;;1;30;2;;2;;2;;2;;2;;2;;2;;2;;17;12;17;351.11703504
6048274;1;1;1;90;2;;1;45;2;;2;;1;20;2;;2;;2;;2;;2;;17;12;17;164.46197652
6048274;1;2;1;90;2;;2;;2;;2;;2;;2;;2;;2;;2;;2;;17;12;17;164.46197652
6048274;1;3;1;90;2;;2;;2;;2;;2;;2;;2;;2;;2;;2;;17;12;17;164.46197652
6048275;1;1;1;90;2;;1;5;2;;2;;2;;2;;2;;2;;2;;2;;17;12;17;216.93209979
6048275;1;2;1;90;2;;1;30;2;;2;;2;;2;;2;;2;;2;;2;;17;12;17;216.93209979
6048276;1;1;1;90;2;;2;;2;;2;;2;;2;;2;;2;;2;;2;;17;12;17;187.51816749
6048276;1;2;1;90;2;;1;7;2;;2;;2;;2;;2;;2;;2;;2;;17;12;17;187.51816749
6048277;1;1;1;90;2;;2;;2;;2;;2;;2;;2;;2;;2;;2;;17;12;17;154.79287972
6048277;1;2;1;90;2;;2;;2;;2;;2;;2;;2;;2;;2;;2;;17;12;17;154.79287972
6048277;1;3;1;90;2;;2;;2;;2;;2;;2;;2;;2;;2;;2;;17;12;17;154.79287972
6048278;1;1;1;90;2;;2;;2;;2;;2;;2;;2;;2;;2;;2;;17;12;17;241.52371078
6048278;1;2;1;90;2;;1;30;2;;2;;2;;2;;2;;2;;2;;2;;17;12;17;241.52371078
6048278;1;3;1;90;2;;2;;2;;2;;2;;2;;2;;2;;2;;2;;17;12;17;241.52371078
6048278;1;4;1;90;2;;2;;2;;2;;2;;2;;2;;2;;2;;2;;17;12;17;241.52371078
6048279;1;1;1;90;2;;1;30;2;;2;;2;;2;;2;;2;;2;;2;;17;12;17;205.23439607
6048279;1;2;1;90;2;;1;20;2;;2;;2;;2;;2;;2;;2;;2;;17;12;17;205.23439607
6048281;1;1;1;90;2;;1;40;2;;2;;2;;2;;2;;2;;2;;2;;17;12;17;164.46197652
6048281;1;2;1;90;2;;1;6;2;;2;;2;;2;;2;;2;;2;;2;;17;12;17;164.46197652
6048281;1;3;1;90;2;;1;3;2;;2;;2;;2;;2;;2;;2;;2;;17;12;17;164.46197652
6048282;1;1;1;90;2;;1;4;2;;2;;2;;2;;2;;2;;2;;2;;17;12;17;187.51816749
6048282;1;2;1;90;2;;1;40;2;;2;;2;;2;;2;;2;;2;;2;;17;12;17;187.51816749
6048283;1;1;1;90;2;;1;40;2;;2;;2;;2;;2;;2;;2;;2;;17;12;17;208.42665181
6048283;1;2;1;90;2;;1;4;2;;2;;2;;2;;2;;2;;2;;2;;17;12;17;208.42665181
6048283;1;3;1;90;2;;1;4;2;;2;;2;;2;;2;;2;;2;;2;;17;12;17;208.42665181
6048285;1;1;1;90;2;;2;;2;;2;;2;;2;;2;;2;;2;;2;;17;12;17;203.68417348
6048285;1;2;1;90;2;;1;50;2;;2;;2;;2;;2;;2;;2;;2;;17;12;17;203.68417348
6048285;1;3;1;90;2;;2;;2;;2;;2;;2;;2;;2;;2;;2;;17;12;17;203.68417348
6048285;1;4;1;90;2;;2;;2;;2;;2;;2;;2;;2;;2;;2;;17;12;17;203.68417348
6048286;1;1;1;90;2;;1;30;2;;2;;2;;2;;2;;2;;2;;2;;17;12;17;215.87568182
6048286;1;2;1;90;2;;1;5;2;;2;;2;;2;;2;;2;;2;;2;;17;12;17;215.87568182
6048290;1;1;1;90;2;;1;10;2;;2;;2;;2;;2;;2;;2;;2;;17;12;17;203.81122744
6048292;1;1;1;90;2;;1;7;2;;2;;2;;2;;2;;2;;2;;2;;17;12;17;187.51816749
6048292;1;2;1;90;2;;2;;2;;2;;2;;2;;2;;2;;2;;2;;17;12;17;187.51816749
6048294;1;1;1;90;2;;2;;2;;2;;2;;2;;2;;2;;2;;2;;17;12;17;202.75480947
6048297;1;1;1;90;2;;1;30;2;;1;7;2;;2;;2;;2;;2;;2;;17;12;17;287.34184854
6048297;1;2;1;90;2;;2;;2;;2;;2;;2;;2;;2;;2;;2;;17;12;17;287.34184854
6048648;1;1;1;90;2;;2;;2;;2;;2;;2;;2;;2;;2;;2;;23;12;23;139.78201933
6048648;1;2;1;90;2;;1;35;2;;2;;2;;2;;2;;2;;2;;2;;23;12;23;139.78201933
6048648;1;3;1;90;2;;2;;2;;2;;2;;2;;2;;2;;2;;2;;23;12;23;139.78201933
6048648;1;4;1;90;2;;2;;2;;2;;2;;2;;2;;2;;2;;2;;23;12;23;139.78201933
6048649;1;1;1;90;2;;1;21;2;;1;14;2;;2;;2;;2;;2;;2;;23;12;23;256.13345153
6048651;1;1;1;90;2;;1;30;2;;1;20;2;;2;;2;;2;;2;;2;;23;12;23;267.44982842
6048652;1;1;1;90;2;;2;;2;;1;14;2;;2;;2;;2;;2;;2;;23;12;23;239.66575854
6048652;1;2;1;90;2;;1;21;2;;2;;2;;2;;2;;2;;2;;2;;23;12;23;239.66575854
6048653;1;1;1;90;2;;1;30;2;;2;;2;;2;;2;;2;;2;;2;;23;12;23;185.95023966
6048654;1;1;1;90;2;;2;;2;;2;;2;;2;;2;;2;;2;;2;;23;12;23;292.76390628
6048654;1;2;1;90;2;;2;;2;;2;;2;;2;;2;;2;;2;;2;;23;12;23;292.76390628
6048654;1;3;1;90;2;;1;35;2;;1;35;2;;2;;2;;2;;2;;2;;23;12;23;292.76390628
6048654;1;4;1;90;2;;1;7;2;;2;;2;;2;;2;;2;;2;;2;;23;12;23;292.76390628
6048654;1;7;1;90;2;;2;;2;;2;;2;;2;;2;;2;;2;;2;;23;12;23;292.76390628
6048654;2;1;2;90;2;;2;;2;;1;14;2;;2;;2;;2;;2;;2;;23;12;23;292.76390628
6048654;2;2;2;90;2;;1;30;2;;1;35;2;;2;;2;;2;;2;;2;;23;12;23;292.76390628
6048655;1;1;1;90;2;;1;18;2;;2;;2;;2;;2;;2;;2;;2;;23;12;23;232.84346084
6048655;1;2;1;90;2;;1;2;2;;2;;2;;2;;2;;2;;2;;2;;23;12;23;232.84346084
6048655;1;3;1;90;2;;1;2;2;;2;;2;;2;;2;;2;;2;;2;;23;12;23;232.84346084
6048656;1;1;1;90;2;;1;10;2;;2;;2;;2;;2;;2;;2;;2;;23;12;23;153.75613178
6048656;1;2;1;90;2;;1;25;2;;2;;2;;2;;2;;2;;2;;2;;23;12;23;153.75613178
6048656;1;3;1;90;2;;1;5;2;;2;;2;;2;;2;;2;;2;;2;;23;12;23;153.75613178
6048657;1;1;1;90;2;;1;6;2;;2;;2;;2;;2;;2;;2;;2;;23;12;23;183.55301293
6048657;1;2;1;90;2;;1;32;2;;1;7;2;;2;;2;;2;;2;;2;;23;12;23;183.55301293
6048657;1;3;1;90;2;;1;33;2;;1;14;2;;2;;2;;2;;2;;2;;23;12;23;183.55301293
6048657;1;4;1;90;2;;1;7;2;;1;10;2;;2;;2;;2;;2;;2;;23;12;23;183.55301293
6048659;1;1;1;90;2;;1;40;2;;2;;2;;2;;2;;2;;2;;2;;23;12;23;226.68766497
6048659;1;2;1;90;2;;2;;2;;2;;2;;2;;2;;2;;2;;2;;23;12;23;226.68766497
6048659;1;3;1;90;2;;2;;2;;2;;2;;2;;2;;2;;2;;2;;23;12;23;226.68766497
6048661;1;1;1;90;2;;1;25;2;;1;10;2;;2;;1;3;2;;2;;2;;23;12;23;237.04687094
6048661;1;2;1;90;2;;1;5;2;;1;10;2;;2;;1;5;2;;2;;2;;23;12;23;237.04687094
6048661;1;3;1;90;2;;1;10;2;;1;10;2;;2;;2;;2;;2;;2;;23;12;23;237.04687094
6048661;1;5;1;90;2;;1;5;2;;1;5;2;;2;;2;;2;;2;;2;;23;12;23;237.04687094
6048662;1;1;1;90;2;;1;24;2;;2;;2;;2;;2;;2;;2;;2;;23;12;23;191.61416068
6048662;1;2;1;90;2;;1;2;2;;2;;2;;2;;2;;2;;2;;2;;23;12;23;191.61416068
6048662;1;3;1;90;2;;1;6;2;;2;;2;;2;;2;;2;;2;;2;;23;12;23;191.61416068
6048662;1;4;1;90;2;;1;4;2;;2;;2;;2;;2;;2;;2;;2;;23;12;23;191.61416068
6048662;1;5;1;90;2;;1;10;2;;2;;2;;2;;2;;2;;2;;2;;23;12;23;191.61416068
6048663;1;1;1;90;2;;1;3;2;;2;;2;;2;;2;;2;;2;;2;;23;12;23;143.57813276
6048663;1;2;1;90;2;;1;32;2;;2;;2;;2;;2;;2;;2;;2;;23;12;23;143.57813276
6048663;1;3;1;90;2;;1;10;2;;2;;2;;2;;2;;2;;2;;2;;23;12;23;143.57813276
6048664;1;1;1;90;2;;1;20;2;;2;;2;;2;;2;;2;;2;;2;;23;12;23;174.38364757
6048666;1;1;1;90;2;;1;40;2;;2;;2;;2;;2;;2;;2;;2;;23;12;23;118.96886773
6048666;1;2;1;90;2;;2;;2;;2;;2;;2;;2;;2;;2;;2;;23;12;23;118.96886773
6048666;1;3;1;90;2;;2;;2;;2;;2;;2;;2;;2;;2;;2;;23;12;23;118.96886773
6048666;1;4;1;90;2;;1;20;2;;2;;2;;2;;2;;2;;2;;2;;23;12;23;118.96886773
6048666;1;5;1;90;2;;2;;2;;2;;2;;2;;2;;2;;2;;2;;23;12;23;118.96886773
6048667;1;1;1;90;2;;1;35;2;;1;35;2;;2;;2;;2;;2;;2;;23;12;23;257.67438673
6048667;1;2;1;90;2;;2;;2;;2;;2;;2;;2;;2;;2;;2;;23;12;23;257.67438673
6048668;1;1;1;90;2;;1;15;2;;2;;2;;2;;2;;2;;2;;2;;23;12;23;143.10625671
6048668;1;2;1;90;2;;1;4;2;;2;;1;6;2;;2;;2;;2;;2;;23;12;23;143.10625671
6048669;1;1;1;90;2;;2;;2;;1;10;2;;2;;2;;2;;2;;2;;23;12;23;305.21727155
6048669;1;2;1;90;2;;1;35;2;;1;21;2;;2;;2;;2;;2;;2;;23;12;23;305.21727155
6048670;1;1;1;90;2;;2;;2;;1;5;2;;2;;2;;2;;2;;2;;23;12;23;231.09589774
6048670;1;2;1;90;2;;1;20;2;;1;10;2;;2;;2;;2;;2;;2;;23;12;23;231.09589774
6048670;1;3;1;90;2;;2;;2;;1;10;2;;2;;2;;2;;2;;2;;23;12;23;231.09589774
6048670;1;4;1;90;2;;1;10;2;;1;15;2;;2;;2;;2;;2;;2;;23;12;23;231.09589774
6048671;1;1;1;90;2;;2;;2;;2;;2;;2;;2;;2;;2;;2;;23;12;23;237.33754004
6048671;1;2;1;90;2;;1;40;2;;2;;2;;2;;2;;2;;2;;2;;23;12;23;237.33754004
6048671;1;3;1;90;2;;2;;2;;2;;2;;2;;2;;2;;2;;2;;23;12;23;237.33754004
6048671;1;4;1;90;2;;2;;2;;2;;2;;2;;2;;2;;2;;2;;23;12;23;237.33754004
6048672;1;1;1;90;2;;2;;2;;2;;2;;2;;2;;2;;2;;2;;23;12;23;143.10625671
6048672;1;2;1;90;2;;2;;2;;2;;2;;2;;2;;2;;2;;2;;23;12;23;143.10625671
6048673;1;1;1;90;2;;1;12;2;;2;;2;;2;;2;;2;;2;;2;;23;12;23;186.42211571
6048673;1;2;1;90;2;;1;12;2;;2;;2;;2;;2;;2;;2;;2;;23;12;23;186.42211571
6048674;1;1;1;90;2;;1;20;2;;2;;2;;2;;2;;2;;2;;2;;23;12;23;210.81262949
6048674;1;2;1;90;2;;1;20;2;;2;;2;;2;;2;;2;;2;;2;;23;12;23;210.81262949
6048674;1;3;1;90;2;;1;10;2;;2;;2;;2;;2;;2;;2;;2;;23;12;23;210.81262949
6048675;1;1;1;90;2;;1;30;2;;2;;2;;2;;2;;2;;2;;2;;23;12;23;201.56606998
6048675;1;2;1;90;2;;1;14;2;;2;;2;;2;;2;;2;;2;;2;;23;12;23;201.56606998
6048675;1;3;1;90;2;;1;14;2;;2;;2;;2;;2;;2;;2;;2;;23;12;23;201.56606998
6048675;1;4;1;90;2;;1;14;2;;2;;2;;2;;2;;2;;2;;2;;23;12;23;201.56606998
6048676;1;1;1;90;2;;1;15;2;;2;;2;;2;;2;;2;;2;;2;;23;12;23;210.34075344
6048676;1;2;1;90;2;;1;18;2;;2;;2;;2;;2;;2;;2;;2;;23;12;23;210.34075344
6048677;1;1;1;90;2;;1;5;2;;1;5;2;;2;;2;;2;;2;;2;;23;12;23;253.74065365
6048677;1;2;1;90;2;;1;25;2;;1;15;2;;2;;2;;2;;2;;2;;23;12;23;253.74065365
6048677;1;3;1;90;2;;2;;2;;2;;2;;2;;2;;2;;2;;2;;23;12;23;253.74065365
6048677;1;5;1;90;2;;2;;2;;2;;2;;2;;2;;2;;2;;2;;23;12;23;253.74065365
6048678;1;1;1;90;2;;1;18;2;;2;;2;;2;;2;;2;;2;;2;;23;12;23;108.61381526
6048678;1;2;1;90;2;;1;3;2;;2;;2;;2;;2;;2;;2;;2;;23;12;23;108.61381526
6048678;1;3;1;90;2;;1;3;2;;2;;2;;2;;2;;2;;2;;2;;23;12;23;108.61381526
6048679;1;1;1;90;2;;1;12;2;;2;;2;;2;;2;;2;;2;;2;;23;12;23;228.34938164
6048679;1;2;1;90;2;;1;28;2;;2;;2;;2;;2;;2;;2;;2;;23;12;23;228.34938164
6048681;1;1;1;90;2;;1;49;2;;2;;2;;2;;2;;2;;2;;2;;23;12;23;248.45929116
6048681;1;2;1;90;2;;2;;2;;2;;2;;2;;2;;2;;2;;2;;23;12;23;248.45929116
6048681;1;3;1;90;2;;2;;2;;2;;2;;2;;2;;2;;2;;2;;23;12;23;248.45929116
6048681;1;4;1;90;2;;2;;2;;2;;2;;2;;2;;2;;2;;2;;23;12;23;248.45929116
6048681;1;5;1;90;2;;2;;2;;2;;2;;2;;2;;2;;2;;2;;23;12;23;248.45929116
6048681;1;6;1;90;2;;1;24;2;;2;;2;;2;;2;;2;;2;;2;;23;12;23;248.45929116
6048682;1;1;1;90;2;;1;15;2;;2;;2;;2;;2;;2;;2;;2;;23;12;23;210.34075344
6048682;1;2;1;90;2;;1;3;2;;2;;2;;2;;2;;2;;2;;2;;23;12;23;210.34075344
6048683;1;1;1;90;2;;1;2;2;;2;;2;;2;;2;;2;;2;;2;;23;12;23;228.34938164
6048683;1;2;1;90;2;;1;22;2;;2;;2;;2;;2;;2;;2;;2;;23;12;23;228.34938164
6048684;1;1;1;90;2;;2;;2;;2;;2;;2;;2;;2;;2;;2;;23;12;23;153.75613178
6048684;1;2;1;90;2;;2;;2;;2;;2;;2;;2;;2;;2;;2;;23;12;23;153.75613178
6048684;1;3;1;90;2;;2;;2;;2;;2;;2;;2;;2;;2;;2;;23;12;23;153.75613178
6048685;1;1;1;90;2;;1;35;2;;1;14;2;;2;;2;;2;;2;;2;;23;12;23;224.41121969
6048685;1;2;1;90;2;;2;;2;;2;;2;;2;;2;;2;;2;;2;;23;12;23;224.41121969
6048685;1;3;1;90;2;;1;14;2;;1;21;2;;2;;2;;2;;2;;2;;23;12;23;224.41121969
6048685;1;4;1;90;2;;2;;2;;2;;2;;2;;2;;2;;2;;2;;23;12;23;224.41121969
6048687;1;1;1;90;2;;1;7;2;;1;8;2;;2;;2;;2;;2;;2;;23;12;23;266.78332659
6048687;1;2;1;90;2;;1;34;2;;1;16;2;;2;;2;;2;;2;;2;;23;12;23;266.78332659
6048688;1;1;1;90;2;;1;7;2;;2;;2;;2;;2;;2;;2;;2;;23;12;23;227.87750559
6048689;1;1;1;90;2;;1;5;2;;1;7;2;;2;;2;;2;;2;;2;;23;12;23;271.2774058
6048689;1;2;1;90;2;;1;34;2;;1;20;2;;2;;2;;2;;2;;2;;23;12;23;271.2774058
6048689;1;4;1;90;2;;1;8;2;;2;;2;;2;;2;;2;;2;;2;;23;12;23;271.2774058
6048690;1;1;1;90;2;;1;3;2;;2;;2;;2;;2;;2;;2;;2;;23;12;23;144.27609853
6048690;1;2;1;90;2;;1;21;2;;2;;2;;2;;2;;2;;2;;2;;23;12;23;144.27609853
6048690;1;3;1;90;2;;1;8;2;;2;;2;;2;;2;;2;;2;;2;;23;12;23;144.27609853
6048690;1;4;1;90;2;;2;;2;;2;;2;;2;;2;;2;;2;;2;;23;12;23;144.27609853
6048690;1;5;1;90;2;;1;18;2;;2;;2;;2;;2;;2;;2;;2;;23;12;23;144.27609853
6048691;1;1;1;90;2;;1;15;2;;2;;2;;2;;2;;2;;2;;2;;23;12;23;199.69087837
6048692;1;1;1;90;2;;2;;2;;2;;2;;2;;2;;2;;2;;2;;23;12;23;205.12870967
6048692;1;2;1;90;2;;1;35;2;;2;;2;;2;;2;;2;;2;;2;;23;12;23;205.12870967
6048692;1;3;1;90;2;;1;35;2;;2;;2;;2;;2;;2;;2;;2;;23;12;23;205.12870967
6048692;1;4;1;90;2;;1;35;2;;2;;2;;2;;2;;2;;2;;2;;23;12;23;205.12870967
6048693;1;1;1;90;2;;1;20;2;;2;;2;;2;;2;;2;;2;;2;;23;12;23;217.69950657
6048694;1;1;1;90;2;;1;14;2;;2;;2;;2;;2;;2;;2;;2;;23;12;23;143.10625671
6048694;1;2;1;90;2;;1;2;2;;2;;2;;2;;2;;2;;2;;2;;23;12;23;143.10625671
6048695;1;1;1;90;2;;2;;2;;2;;2;;2;;2;;2;;2;;2;;23;12;23;194.202888
6048695;1;2;1;90;2;;1;35;2;;1;14;2;;2;;2;;2;;2;;2;;23;12;23;194.202888
6048695;1;3;1;90;2;;2;;2;;2;;2;;2;;2;;2;;2;;2;;23;12;23;194.202888
6048695;1;4;1;90;2;;2;;2;;1;14;2;;2;;2;;2;;2;;2;;23;12;23;194.202888
6048695;1;5;1;90;2;;1;30;2;;1;35;2;;2;;2;;2;;2;;2;;23;12;23;194.202888
6048696;1;1;1;90;2;;1;30;2;;2;;2;;2;;2;;2;;2;;2;;23;12;23;228.34938164
6048696;1;2;1;90;2;;1;20;2;;2;;2;;2;;2;;2;;2;;2;;23;12;23;228.34938164
6048697;1;1;1;90;2;;2;;2;;2;;2;;2;;2;;2;;2;;2;;23;12;23;201.7562669
6048697;1;2;1;90;2;;1;35;2;;1;21;2;;2;;2;;2;;2;;2;;23;12;23;201.7562669
6048698;1;1;1;90;2;;2;;2;;2;;2;;2;;2;;2;;2;;2;;23;12;23;238.04762917
6048698;1;2;1;90;2;;1;21;2;;2;;1;14;2;;2;;2;;2;;2;;23;12;23;238.04762917
6048698;1;3;1;90;2;;1;2;2;;1;12;2;;2;;2;;2;;2;;2;;23;12;23;238.04762917
6048698;1;4;1;90;2;;1;18;2;;1;12;2;;2;;2;;2;;2;;2;;23;12;23;238.04762917
6048698;1;5;1;90;2;;1;4;2;;2;;2;;2;;2;;2;;2;;2;;23;12;23;238.04762917
6048699;1;1;1;90;2;;1;15;2;;2;;2;;2;;2;;2;;2;;2;;23;12;23;228.34938164
6048699;1;2;1;90;2;;1;3;2;;2;;2;;2;;2;;2;;2;;2;;23;12;23;228.34938164
6048700;1;1;1;90;2;;1;42;2;;2;;2;;2;;2;;2;;2;;2;;23;12;23;246.44232601
6048700;1;2;1;90;2;;1;2;2;;2;;2;;2;;2;;2;;2;;2;;23;12;23;246.44232601
6048700;1;3;1;90;2;;2;;2;;2;;2;;2;;2;;2;;2;;2;;23;12;23;246.44232601
6048700;1;4;1;90;2;;1;38;2;;1;20;2;;2;;2;;2;;2;;2;;23;12;23;246.44232601
6048700;1;5;1;90;2;;2;;2;;2;;2;;2;;2;;2;;2;;2;;23;12;23;246.44232601
6048700;1;7;1;90;2;;1;40;2;;1;30;2;;2;;2;;2;;2;;2;;23;12;23;246.44232601
6048700;1;8;1;90;2;;2;;2;;2;;2;;2;;2;;2;;2;;2;;23;12;23;246.44232601
6048700;1;10;1;90;2;;1;30;2;;2;;2;;2;;2;;2;;2;;2;;23;12;23;246.44232601
6048701;1;1;1;90;2;;1;30;2;;1;14;2;;2;;2;;2;;2;;2;;23;12;23;192.66195279
6048701;1;2;1;90;2;;2;;2;;2;;2;;2;;2;;2;;2;;2;;23;12;23;192.66195279
6048701;1;3;1;90;2;;2;;2;;2;;2;;2;;2;;2;;2;;2;;23;12;23;192.66195279
6048701;1;4;1;90;2;;1;14;2;;1;7;2;;2;;2;;2;;2;;2;;23;12;23;192.66195279
6048702;1;1;1;90;2;;2;;2;;2;;2;;2;;2;;2;;2;;2;;23;12;23;153.31129081
6048702;1;2;1;90;2;;2;;2;;2;;2;;2;;2;;2;;2;;2;;23;12;23;153.31129081
6048702;1;3;1;90;2;;1;5;2;;2;;2;;2;;2;;2;;2;;2;;23;12;23;153.31129081
6048702;1;4;1;90;2;;1;15;2;;2;;2;;2;;2;;2;;2;;2;;23;12;23;153.31129081
6048702;1;5;1;90;2;;1;5;2;;2;;2;;2;;2;;2;;2;;2;;23;12;23;153.31129081
6048703;1;1;1;90;2;;1;35;2;;1;35;2;;2;;2;;2;;2;;2;;23;12;23;277.90507771
6048703;1;2;1;90;2;;2;;2;;2;;2;;2;;2;;2;;2;;2;;23;12;23;277.90507771
6048703;1;4;1;90;2;;1;35;2;;2;;2;;2;;2;;2;;2;;2;;23;12;23;277.90507771
6048703;1;5;1;90;2;;2;;2;;2;;2;;2;;2;;2;;2;;2;;23;12;23;277.90507771
6048704;1;1;1;90;2;;1;30;2;;2;;2;;2;;2;;2;;2;;2;;23;12;23;174.38364757
6048705;1;1;1;90;2;;2;;2;;2;;2;;2;;2;;2;;2;;2;;23;12;23;161.81285068
6048705;1;2;1;90;2;;1;30;2;;2;;2;;2;;2;;2;;2;;2;;23;12;23;161.81285068
6048705;1;3;1;90;2;;2;;2;;2;;2;;2;;2;;2;;2;;2;;23;12;23;161.81285068
6048705;1;4;1;90;2;;1;15;2;;2;;2;;2;;2;;2;;2;;2;;23;12;23;161.81285068
6048706;1;1;1;90;2;;1;20;2;;2;;2;;2;;2;;2;;2;;2;;23;12;23;175.97259894
6048706;1;2;1;90;2;;1;5;2;;2;;2;;2;;2;;2;;2;;2;;23;12;23;175.97259894
6048706;1;3;1;90;2;;1;25;2;;2;;1;10;2;;2;;2;;2;;2;;23;12;23;175.97259894
6048706;1;4;1;90;2;;1;5;2;;2;;2;;2;;2;;2;;2;;2;;23;12;23;175.97259894
6048707;1;1;1;90;2;;2;;2;;2;;2;;2;;2;;2;;2;;2;;23;12;23;334.54227664
6048707;1;2;1;90;2;;2;;2;;2;;2;;2;;2;;2;;2;;2;;23;12;23;334.54227664
6048708;1;1;1;90;2;;1;10;2;;2;;2;;2;;2;;2;;2;;2;;23;12;23;175.32739967
6048708;1;2;1;90;2;;1;4;2;;2;;2;;2;;2;;2;;2;;2;;23;12;23;175.32739967
6048708;1;3;1;90;2;;1;8;2;;2;;2;;2;;2;;2;;2;;2;;23;12;23;175.32739967
6048709;1;1;1;90;2;;2;;2;;2;;2;;2;;2;;2;;2;;2;;23;12;23;229.57180073
6048709;1;2;1;90;2;;1;35;2;;1;21;2;;2;;2;;2;;2;;2;;23;12;23;229.57180073
6048709;1;3;1;90;2;;2;;2;;2;;2;;2;;2;;2;;2;;2;;23;12;23;229.57180073
6048709;1;5;1;90;2;;1;13;2;;1;14;2;;2;;2;;2;;2;;2;;23;12;23;229.57180073
6048710;1;1;1;90;2;;1;2;2;;1;12;2;;2;;2;;2;;2;;2;;23;12;23;325.43333678
6048710;1;2;1;90;2;;1;21;2;;1;18;2;;2;;2;;2;;2;;2;;23;12;23;325.43333678
6048711;1;1;1;90;2;;2;;2;;2;;2;;2;;2;;2;;2;;2;;23;12;23;204.65240476
6048711;1;2;1;90;2;;1;42;2;;2;;2;;2;;2;;2;;2;;2;;23;12;23;204.65240476
6048711;1;3;1;90;2;;1;20;2;;2;;2;;2;;2;;2;;2;;2;;23;12;23;204.65240476
6048712;1;1;1;90;2;;1;5;2;;1;7;2;;2;;2;;2;;2;;2;;23;12;23;233.50996267
6048712;1;2;1;90;2;;1;14;2;;1;14;2;;2;;2;;2;;2;;2;;23;12;23;233.50996267
6048713;1;1;1;90;2;;1;30;2;;2;;2;;2;;2;;2;;2;;2;;23;12;23;192.35996438
6048713;1;2;1;90;2;;2;;2;;2;;2;;2;;2;;2;;2;;2;;23;12;23;192.35996438
6048713;1;3;1;90;2;;2;;2;;2;;2;;2;;2;;2;;2;;2;;23;12;23;192.35996438
6048713;1;4;1;90;2;;2;;2;;2;;2;;2;;2;;2;;2;;2;;23;12;23;192.35996438
6048713;1;5;1;90;2;;2;;2;;2;;2;;2;;2;;2;;2;;2;;23;12;23;192.35996438
6048714;1;1;1;90;2;;2;;2;;1;14;2;;2;;2;;2;;2;;2;;23;12;23;296.10833169
6048714;1;2;1;90;2;;1;14;2;;1;14;2;;2;;2;;2;;2;;2;;23;12;23;296.10833169
6048715;1;1;1;90;2;;1;3;2;;2;;2;;2;;2;;2;;2;;2;;23;12;23;153.75613178
6048715;1;2;1;90;2;;1;21;2;;2;;2;;2;;2;;2;;2;;2;;23;12;23;153.75613178
6048715;1;3;1;90;2;;1;3;2;;2;;2;;2;;2;;2;;2;;2;;23;12;23;153.75613178
6048716;1;1;1;90;2;;2;;2;;2;;2;;2;;2;;2;;2;;2;;23;12;23;257.67438673
6048716;1;2;1;90;2;;1;40;2;;1;20;2;;2;;2;;2;;2;;2;;23;12;23;257.67438673
6048717;1;1;1;90;2;;2;;2;;2;;2;;2;;2;;2;;2;;2;;23;12;23;143.10625671
6048717;1;2;1;90;2;;1;35;2;;2;;2;;2;;2;;2;;2;;2;;23;12;23;143.10625671
6048718;1;1;1;90;2;;1;10;2;;2;;2;;2;;2;;2;;2;;2;;23;12;23;210.81262949
6048718;1;2;1;90;2;;1;12;2;;2;;2;;2;;2;;2;;2;;2;;23;12;23;210.81262949
6048718;1;3;1;90;2;;1;4;2;;2;;2;;2;;2;;2;;2;;2;;23;12;23;210.81262949
6048719;1;1;1;90;2;;1;3;2;;1;6;2;;2;;2;;2;;2;;2;;23;12;23;257.67438673
6048719;1;2;1;90;2;;1;21;2;;1;14;2;;2;;2;;2;;2;;2;;23;12;23;257.67438673
6048721;1;1;1;90;2;;1;14;2;;2;;2;;2;;2;;2;;2;;2;;23;12;23;108.61381526
6048721;1;2;1;90;2;;2;;2;;2;;2;;2;;2;;2;;2;;2;;23;12;23;108.61381526
6048721;1;3;1;90;2;;1;15;2;;2;;2;;2;;2;;2;;2;;2;;23;12;23;108.61381526
6048721;1;4;1;90;2;;2;;2;;2;;2;;2;;2;;2;;2;;2;;23;12;23;108.61381526
6048722;1;1;1;90;2;;1;5;2;;2;;2;;2;;2;;2;;2;;2;;23;12;23;153.75613178
6048722;1;2;1;90;2;;1;5;2;;2;;2;;2;;2;;2;;2;;2;;23;12;23;153.75613178
6048722;1;3;1;90;2;;1;5;2;;2;;2;;2;;2;;2;;2;;2;;23;12;23;153.75613178
6048723;1;1;1;90;2;;2;;2;;2;;2;;2;;2;;2;;2;;2;;23;12;23;112.3007419
6048723;1;2;1;90;2;;1;4;2;;2;;1;6;2;;2;;2;;2;;2;;23;12;23;112.3007419
6048723;1;3;1;90;2;;1;8;2;;2;;1;12;2;;2;;2;;2;;2;;23;12;23;112.3007419
6048723;1;4;1;90;2;;2;;2;;2;;2;;2;;2;;2;;2;;2;;23;12;23;112.3007419
6048724;1;1;1;90;2;;1;35;2;;2;;2;;2;;2;;2;;2;;2;;23;12;23;266.78332659
6048724;1;2;1;90;2;;2;;2;;2;;2;;2;;2;;2;;2;;2;;23;12;23;266.78332659
6048725;1;1;1;90;2;;1;24;2;;2;;2;;2;;2;;2;;2;;2;;23;12;23;154.6728488
6048725;1;2;1;90;2;;1;27;2;;2;;2;;2;;2;;2;;2;;2;;23;12;23;154.6728488
6048726;1;1;1;90;2;;1;30;2;;2;;2;;2;;2;;2;;2;;2;;23;12;23;185.95023966
6048727;1;1;1;90;2;;1;35;2;;2;;2;;2;;2;;2;;2;;2;;23;12;23;190.91619491
6048727;1;2;1;90;2;;2;;2;;2;;2;;2;;2;;2;;2;;2;;23;12;23;190.91619491
6048727;1;3;1;90;2;;2;;2;;2;;2;;2;;2;;2;;2;;2;;23;12;23;190.91619491
6048728;1;1;1;90;2;;1;13;2;;1;7;2;;2;;2;;2;;2;;2;;23;12;23;257.67438673
6048728;1;2;1;90;2;;1;35;2;;1;16;2;;2;;2;;2;;2;;2;;23;12;23;257.67438673
6048729;1;1;1;90;2;;1;20;2;;2;;2;;2;;2;;2;;2;;2;;23;12;23;217.69950657
6048730;1;1;1;90;2;;1;35;2;;2;;2;;2;;2;;2;;2;;2;;23;12;23;215.30670869
6048730;1;2;1;90;2;;2;;2;;2;;2;;2;;2;;2;;2;;2;;23;12;23;215.30670869
6048730;1;3;1;90;2;;2;;2;;2;;2;;2;;2;;2;;2;;2;;23;12;23;215.30670869
6048730;1;4;1;90;2;;1;14;2;;2;;2;;2;;2;;2;;2;;2;;23;12;23;215.30670869
6048731;1;1;1;90;2;;1;12;2;;1;16;2;;2;;2;;2;;2;;2;;23;12;23;243.09077858
6048731;1;2;1;90;2;;1;6;2;;1;4;2;;2;;2;;2;;2;;2;;23;12;23;243.09077858
6048731;1;3;1;90;2;;1;5;2;;1;5;2;;2;;2;;2;;2;;2;;23;12;23;243.09077858
6048732;1;1;1;90;2;;2;;2;;2;;2;;2;;2;;2;;2;;2;;23;12;23;210.81262949
6048732;1;2;1;90;2;;1;20;2;;1;20;2;;2;;2;;2;;2;;2;;23;12;23;210.81262949
6048732;1;3;1;90;2;;2;;2;;2;;2;;2;;2;;2;;2;;2;;23;12;23;210.81262949
6048733;1;1;1;90;2;;2;;2;;1;6;2;;2;;2;;2;;2;;2;;23;12;23;240.13763459
6048733;1;2;1;90;2;;1;21;2;;1;18;2;;2;;2;;2;;2;;2;;23;12;23;240.13763459
6048733;1;3;1;90;2;;1;7;2;;1;7;2;;2;;2;;2;;2;;2;;23;12;23;240.13763459
6048734;1;1;1;90;2;;1;10;2;;1;10;2;;2;;2;;2;;2;;2;;23;12;23;273.93988069
6048734;1;2;1;90;2;;2;;2;;1;20;2;;2;;2;;2;;2;;2;;23;12;23;273.93988069
6048734;1;5;1;90;2;;1;30;2;;2;;2;;2;;2;;2;;2;;2;;23;12;23;273.93988069
6048735;1;1;1;90;2;;2;;2;;2;;2;;2;;2;;2;;2;;2;;23;12;23;168.41348751
6048735;1;2;1;90;2;;2;;2;;2;;2;;2;;2;;2;;2;;2;;23;12;23;168.41348751
6048737;1;1;1;90;2;;1;5;2;;2;;2;;2;;2;;2;;2;;2;;23;12;23;238.99925671
6048737;1;2;1;90;2;;1;10;2;;2;;2;;2;;2;;2;;2;;2;;23;12;23;238.99925671
6048737;1;3;1;90;2;;1;10;2;;2;;2;;2;;1;5;2;;2;;2;;23;12;23;238.99925671
6048738;1;1;1;90;2;;1;10;2;;1;10;2;;2;;2;;2;;2;;2;;23;12;23;183.09787832
6048738;1;2;1;90;2;;1;5;2;;2;;2;;2;;2;;2;;2;;2;;23;12;23;183.09787832
6048738;1;3;1;90;2;;1;10;2;;2;;2;;2;;2;;2;;2;;2;;23;12;23;183.09787832
6048738;1;4;1;90;2;;1;5;2;;2;;2;;2;;2;;2;;2;;2;;23;12;23;183.09787832
6048739;1;1;1;90;2;;2;;2;;2;;2;;2;;2;;2;;2;;2;;23;12;23;143.57813276
6048739;1;2;1;90;2;;2;;2;;2;;2;;2;;2;;2;;2;;2;;23;12;23;143.57813276
6048739;1;3;1;90;2;;2;;2;;2;;2;;2;;2;;2;;2;;2;;23;12;23;143.57813276
6048740;1;1;1;90;2;;1;5;2;;1;10;2;;2;;2;;2;;2;;2;;23;12;23;300.60241089
6048740;1;2;1;90;2;;1;20;2;;1;15;2;;2;;2;;2;;2;;2;;23;12;23;300.60241089
6048740;1;3;1;90;2;;2;;2;;2;;2;;2;;2;;2;;2;;2;;23;12;23;300.60241089
6048741;1;1;1;90;2;;1;3;2;;1;5;2;;2;;2;;2;;2;;2;;23;12;23;197.76995655
6048741;1;2;1;90;2;;1;20;2;;1;15;2;;2;;2;;2;;2;;2;;23;12;23;197.76995655
6048741;1;3;1;90;2;;1;5;2;;1;5;2;;2;;2;;2;;2;;2;;23;12;23;197.76995655
6048741;1;4;1;90;2;;1;5;2;;1;3;2;;2;;2;;2;;2;;2;;23;12;23;197.76995655
6048741;1;5;1;90;2;;2;;2;;2;;2;;2;;2;;2;;2;;2;;23;12;23;197.76995655
6048742;1;1;1;90;2;;1;32;2;;1;17;2;;2;;2;;2;;2;;2;;23;12;23;260.62753073
6048742;1;2;1;90;2;;1;6;2;;2;;2;;2;;2;;2;;2;;2;;23;12;23;260.62753073
6048743;1;1;1;90;2;;2;;2;;2;;2;;2;;2;;2;;2;;2;;23;12;23;143.10625671
6048743;1;2;1;90;2;;2;;2;;2;;2;;2;;2;;2;;2;;2;;23;12;23;143.10625671
6048744;1;1;1;90;2;;1;10;2;;1;5;2;;2;;2;;2;;2;;2;;23;12;23;210.81262949
6048744;1;2;1;90;2;;1;5;2;;1;3;2;;2;;2;;2;;2;;2;;23;12;23;210.81262949
6048744;1;3;1;90;2;;1;5;2;;2;;2;;2;;2;;2;;2;;2;;23;12;23;210.81262949
6048745;1;1;1;90;2;;1;4;2;;1;6;2;;2;;2;;2;;2;;2;;23;12;23;252.39776358
6048745;1;2;1;90;2;;1;20;2;;1;10;2;;2;;2;;2;;2;;2;;23;12;23;252.39776358
6048745;1;3;1;90;2;;1;6;2;;2;;2;;2;;2;;2;;2;;2;;23;12;23;252.39776358
6048745;1;4;1;90;2;;2;;2;;2;;2;;2;;2;;2;;2;;2;;23;12;23;252.39776358
6048745;1;7;1;90;2;;1;7;2;;2;;2;;2;;2;;2;;2;;2;;23;12;23;252.39776358
6048746;1;1;1;90;2;;2;;2;;2;;2;;2;;2;;2;;2;;2;;23;12;23;171.427057
6048746;1;2;1;90;2;;2;;2;;2;;2;;2;;2;;2;;2;;2;;23;12;23;171.427057
6048746;1;3;1;90;2;;2;;2;;2;;2;;2;;2;;2;;2;;2;;23;12;23;171.427057
6048746;1;4;1;90;2;;2;;2;;2;;2;;2;;2;;2;;2;;2;;23;12;23;171.427057
6048746;1;6;1;90;2;;2;;2;;2;;2;;2;;2;;2;;2;;2;;23;12;23;171.427057
6048747;1;1;1;90;2;;2;;2;;1;5;2;;2;;2;;2;;2;;2;;23;12;23;327.44614804
6048747;1;2;1;90;2;;1;20;2;;2;;2;;2;;2;;2;;2;;2;;23;12;23;327.44614804
6048747;1;4;1;90;2;;1;10;2;;1;10;2;;2;;2;;2;;2;;2;;23;12;23;327.44614804
6048747;1;5;1;90;2;;2;;2;;1;10;2;;2;;2;;2;;2;;2;;23;12;23;327.44614804
6048748;1;1;1;90;2;;1;20;2;;2;;2;;2;;2;;2;;2;;2;;23;12;23;257.67438673
6048748;1;2;1;90;2;;1;5;2;;1;15;2;;2;;2;;2;;2;;2;;23;12;23;257.67438673
6048749;1;1;1;90;2;;2;;2;;2;;2;;2;;2;;2;;2;;2;;23;12;23;108.61381526
6048749;1;2;1;90;2;;1;5;2;;2;;2;;2;;2;;2;;2;;2;;23;12;23;108.61381526
6048749;1;3;1;90;2;;2;;2;;2;;2;;2;;2;;2;;2;;2;;23;12;23;108.61381526
6048750;1;1;1;90;2;;2;;2;;2;;2;;2;;2;;2;;2;;2;;23;12;23;249.24657445
6048750;1;2;1;90;2;;1;35;2;;2;;2;;2;;2;;2;;2;;2;;23;12;23;249.24657445
6048750;1;3;1;90;2;;2;;2;;2;;2;;2;;2;;2;;2;;2;;23;12;23;249.24657445
6048751;1;1;1;90;2;;1;16;2;;2;;2;;2;;2;;2;;2;;2;;23;12;23;204.65683362
6048751;1;2;1;90;2;;1;18;2;;2;;2;;2;;2;;2;;2;;2;;23;12;23;204.65683362
6048751;1;3;1;90;2;;1;14;2;;2;;2;;2;;2;;2;;2;;2;;23;12;23;204.65683362
6048752;1;1;1;90;2;;1;40;2;;2;;2;;2;;2;;2;;2;;2;;23;12;23;219.57943751
6048752;1;2;1;90;2;;1;16;2;;2;;2;;2;;2;;2;;2;;2;;23;12;23;219.57943751
6048752;1;3;1;90;2;;1;20;2;;2;;2;;2;;2;;2;;2;;2;;23;12;23;219.57943751
6048752;1;4;1;90;2;;1;20;2;;2;;2;;2;;2;;2;;2;;2;;23;12;23;219.57943751
6048752;1;7;1;90;2;;1;14;2;;2;;2;;2;;2;;2;;2;;2;;23;12;23;219.57943751
6048753;1;1;1;90;2;;2;;2;;2;;2;;2;;2;;2;;2;;2;;23;12;23;200.63463047
6048753;1;2;1;90;2;;1;30;2;;2;;2;;2;;2;;2;;2;;2;;23;12;23;200.63463047
6048753;1;3;1;90;2;;1;30;2;;2;;2;;2;;2;;2;;2;;2;;23;12;23;200.63463047
6048754;1;1;1;90;2;;1;20;2;;2;;2;;2;;2;;2;;2;;2;;23;12;23;217.69950657
6048755;1;1;1;90;2;;1;18;2;;2;;2;;2;;2;;2;;2;;2;;23;12;23;165.54438473
6048755;1;2;1;90;2;;1;7;2;;2;;2;;2;;2;;2;;2;;2;;23;12;23;165.54438473
6048755;1;3;1;90;2;;1;10;2;;2;;2;;2;;2;;2;;2;;2;;23;12;23;165.54438473
6048755;1;4;1;90;2;;1;18;2;;1;16;2;;2;;1;22;2;;2;;2;;23;12;23;165.54438473
6048756;1;1;1;90;2;;2;;2;;1;6;2;;2;;2;;2;;2;;2;;23;12;23;312.37382565
6048756;1;2;1;90;2;;1;35;2;;1;26;2;;2;;2;;2;;2;;2;;23;12;23;312.37382565
6048756;1;6;1;90;2;;1;17;2;;1;8;2;;2;;2;;2;;2;;2;;23;12;23;312.37382565
6048757;1;1;1;90;2;;1;10;2;;1;10;2;;2;;2;;2;;2;;2;;23;12;23;291.49347103
6048757;1;2;1;90;2;;1;10;2;;1;10;2;;2;;2;;2;;2;;2;;23;12;23;291.49347103
6048757;1;3;1;90;2;;2;;2;;2;;2;;2;;2;;2;;2;;2;;23;12;23;291.49347103
6048758;1;1;1;90;2;;1;5;2;;1;5;2;;2;;2;;2;;2;;2;;23;12;23;286.99939183
6048758;1;2;1;90;2;;1;10;2;;1;10;2;;2;;2;;2;;2;;2;;23;12;23;286.99939183
6048759;1;1;1;90;2;;1;6;2;;1;8;2;;2;;2;;2;;2;;2;;23;12;23;215.30670869
6048759;1;2;1;90;2;;1;32;2;;1;14;2;;2;;2;;2;;2;;2;;23;12;23;215.30670869
6048759;1;3;1;90;2;;2;;2;;2;;2;;2;;2;;2;;2;;2;;23;12;23;215.30670869
6048759;1;4;1;90;2;;2;;2;;2;;2;;2;;2;;2;;2;;2;;23;12;23;215.30670869
6048772;1;1;1;90;2;;2;;2;;2;;2;;2;;2;;2;;2;;2;;23;12;23;228.34938164
6048772;1;2;1;90;2;;1;7;2;;2;;2;;2;;2;;2;;2;;2;;23;12;23;228.34938164
6049294;1;1;1;90;2;;1;20;2;;2;;2;;2;;2;;2;;2;;2;;50;12;50;305.49508256
6049296;1;1;1;90;2;;1;13;2;;2;;2;;2;;2;;2;;2;;2;;50;12;50;357.75551097
6049297;1;1;1;90;2;;1;5;2;;2;;2;;2;;2;;2;;2;;2;;50;12;50;304.6007327
6049297;1;2;1;90;2;;1;10;2;;2;;2;;2;;2;;2;;2;;2;;50;12;50;304.6007327
6049297;1;3;1;90;2;;2;;2;;2;;2;;2;;2;;2;;2;;2;;50;12;50;304.6007327
6049299;1;1;1;90;2;;1;15;2;;2;;2;;2;;2;;2;;2;;2;;50;12;50;288.67967531
6049299;1;2;1;90;2;;1;5;2;;2;;2;;2;;2;;2;;2;;2;;50;12;50;288.67967531
6049300;1;1;1;90;2;;2;;2;;2;;2;;2;;2;;2;;2;;2;;50;12;50;364.09156698
6049300;1;2;1;90;2;;1;19;2;;2;;2;;2;;2;;2;;2;;2;;50;12;50;364.09156698
6049301;1;1;1;90;2;;1;7;2;;2;;2;;2;;2;;2;;2;;2;;50;12;50;192.33885089
6049303;1;1;1;90;2;;2;;2;;2;;2;;2;;2;;2;;2;;2;;50;12;50;149.57951327
6049303;1;2;1;90;2;;1;28;2;;2;;2;;2;;2;;2;;2;;2;;50;12;50;149.57951327
6049303;1;3;1;90;2;;1;5;2;;2;;2;;2;;2;;2;;2;;2;;50;12;50;149.57951327
6049303;1;4;1;90;2;;1;4;2;;2;;2;;2;;2;;2;;2;;2;;50;12;50;149.57951327
6049303;1;5;1;90;2;;2;;2;;2;;2;;2;;2;;2;;2;;2;;50;12;50;149.57951327
6049304;1;1;1;90;2;;1;20;2;;2;;2;;2;;2;;2;;2;;2;;50;12;50;359.48208164
6049304;1;2;1;90;2;;2;;2;;2;;2;;2;;2;;2;;2;;2;;50;12;50;359.48208164
6049304;1;3;1;90;2;;1;6;2;;2;;2;;2;;2;;2;;2;;2;;50;12;50;359.48208164
6049304;1;4;1;90;2;;1;3;2;;2;;2;;2;;2;;2;;2;;2;;50;12;50;359.48208164
6049305;1;1;1;90;2;;1;24;2;;1;12;2;;2;;2;;2;;2;;2;;50;12;50;256.05131806
6049305;1;3;1;90;2;;1;16;2;;2;;2;;2;;2;;2;;2;;2;;50;12;50;256.05131806
6049306;1;1;1;90;2;;2;;2;;2;;2;;2;;2;;2;;2;;2;;50;12;50;275.25110779
6049306;1;2;1;90;2;;1;25;2;;1;38;2;;2;;2;;2;;2;;2;;50;12;50;275.25110779
6049306;1;3;1;90;2;;1;1;2;;2;;2;;2;;2;;2;;2;;2;;50;12;50;275.25110779
6049306;1;4;1;90;2;;1;4;2;;2;;2;;2;;2;;2;;2;;2;;50;12;50;275.25110779
6049307;1;1;1;90;2;;1;4;2;;2;;2;;2;;2;;2;;2;;2;;50;12;50;181.85949965
6049307;1;2;1;90;2;;1;30;2;;2;;2;;2;;2;;2;;2;;2;;50;12;50;181.85949965
6049307;1;3;1;90;2;;1;10;2;;2;;2;;2;;2;;2;;2;;2;;50;12;50;181.85949965
6049308;1;1;1;90;2;;1;1;2;;2;;2;;2;;2;;2;;2;;2;;50;12;50;192.33885089
6049309;1;1;1;90;2;;1;10;2;;2;;1;15;2;;2;;2;;2;;2;;50;12;50;181.85949965
6049309;1;2;1;90;2;;1;6;2;;2;;1;8;2;;2;;2;;2;;2;;50;12;50;181.85949965
6049309;1;3;1;90;2;;2;;2;;2;;2;;2;;2;;2;;2;;2;;50;12;50;181.85949965
6049310;1;1;1;90;2;;1;43;2;;2;;2;;2;;2;;2;;2;;2;;50;12;50;234.11992807
6049310;1;2;1;90;2;;2;;2;;2;;2;;2;;2;;2;;2;;2;;50;12;50;234.11992807
6049310;1;3;1;90;2;;2;;2;;2;;2;;2;;2;;2;;2;;2;;50;12;50;234.11992807
6049312;1;1;1;90;2;;2;;2;;2;;2;;2;;2;;2;;2;;2;;50;12;50;349.43501185
6049312;1;2;1;90;2;;1;28;2;;2;;2;;2;;2;;2;;2;;2;;50;12;50;349.43501185
6049312;1;3;1;90;2;;2;;2;;2;;2;;2;;2;;2;;2;;2;;50;12;50;349.43501185
6049312;1;4;1;90;2;;2;;2;;2;;2;;2;;2;;2;;2;;2;;50;12;50;349.43501185
6049314;1;1;1;90;2;;1;10;2;;2;;2;;2;;2;;2;;2;;2;;50;12;50;402.58979013
6049314;1;2;1;90;2;;1;6;2;;2;;2;;2;;2;;2;;2;;2;;50;12;50;402.58979013
6049315;1;1;1;90;2;;1;24;2;;2;;2;;2;;2;;2;;2;;2;;50;12;50;257.80360571
6049315;1;2;1;90;2;;1;6;2;;2;;2;;2;;2;;2;;2;;2;;50;12;50;257.80360571
6049315;1;3;1;90;2;;1;12;2;;2;;2;;2;;2;;2;;2;;2;;50;12;50;257.80360571
6049315;1;5;1;90;2;;1;24;2;;2;;2;;2;;2;;2;;2;;2;;50;12;50;257.80360571
6049316;1;1;1;90;2;;1;24;2;;2;;1;24;2;;2;;2;;2;;2;;50;12;50;149.57951327
6049316;1;2;1;90;2;;1;24;2;;2;;2;;2;;2;;2;;2;;2;;50;12;50;149.57951327
6049318;1;1;1;90;2;;1;20;2;;2;;2;;2;;2;;2;;2;;2;;50;12;50;380.50040976
6049318;1;2;1;90;2;;1;8;2;;1;4;2;;2;;2;;2;;2;;2;;50;12;50;380.50040976
6049319;1;1;1;90;2;;1;35;2;;1;10;2;;2;;2;;2;;2;;2;;50;12;50;453.76012529
6049319;1;2;1;90;2;;1;4;2;;2;;2;;2;;2;;2;;2;;2;;50;12;50;453.76012529
6049319;1;3;1;90;2;;1;4;2;;2;;2;;2;;2;;2;;2;;2;;50;12;50;453.76012529
6049319;1;4;1;90;2;;1;7;2;;2;;2;;2;;2;;2;;2;;2;;50;12;50;453.76012529
6049320;1;1;1;90;2;;1;8;2;;1;10;2;;2;;2;;2;;2;;2;;50;12;50;308.31174648
6049320;1;2;1;90;2;;1;30;2;;1;20;2;;2;;2;;2;;2;;2;;50;12;50;308.31174648
6049321;1;1;1;90;2;;1;14;2;;2;;2;;2;;2;;2;;2;;1;4;50;12;50;192.33885089
6049322;1;1;1;90;2;;2;;2;;2;;2;;2;;2;;2;;2;;2;;50;12;50;408.92584614
6049322;1;2;1;90;2;;1;30;2;;2;;2;;2;;2;;2;;2;;2;;50;12;50;408.92584614
6049322;1;3;1;90;2;;1;2;2;;2;;2;;2;;2;;2;;2;;2;;50;12;50;408.92584614
6049323;1;1;1;90;2;;1;12;2;;2;;2;;2;;2;;2;;2;;2;;50;12;50;220.35772279
6049323;1;2;1;90;2;;1;45;2;;2;;2;;2;;2;;2;;2;;2;;50;12;50;220.35772279
6049323;1;3;1;90;2;;1;12;2;;2;;2;;2;;2;;2;;2;;2;;50;12;50;220.35772279
6049324;1;1;1;90;2;;1;2;2;;1;5;2;;2;;2;;2;;2;;2;;50;12;50;294.5495412
6049324;1;2;1;90;2;;1;14;2;;1;6;2;;2;;2;;2;;2;;2;;50;12;50;294.5495412
6049325;1;1;1;90;2;;1;14;2;;2;;2;;2;;2;;2;;2;;2;;50;12;50;408.92584614
6049325;1;2;1;90;2;;1;10;2;;2;;2;;2;;2;;2;;2;;2;;50;12;50;408.92584614
6049325;1;3;1;90;2;;1;8;2;;2;;2;;2;;2;;2;;2;;2;;50;12;50;408.92584614
6049326;1;1;1;90;2;;1;8;2;;2;;2;;2;;2;;2;;2;;2;;50;12;50;324.12469647
6049326;1;2;1;90;2;;1;8;2;;2;;2;;2;;2;;2;;2;;2;;50;12;50;324.12469647
6049326;2;1;2;90;2;;1;5;2;;2;;2;;2;;2;;2;;2;;2;;50;12;50;324.12469647
6049327;1;1;1;90;2;;1;10;2;;1;10;2;;2;;2;;2;;2;;2;;50;12;50;380.50040976
6049327;1;2;1;90;2;;1;7;2;;1;3;2;;2;;2;;2;;2;;2;;50;12;50;380.50040976
6049328;1;1;1;90;2;;1;2;2;;2;;2;;2;;2;;2;;2;;2;;50;12;50;234.11992807
6049328;1;2;1;90;2;;1;12;2;;2;;2;;2;;2;;2;;2;;2;;50;12;50;234.11992807
6049328;1;3;1;90;2;;1;2;2;;2;;2;;2;;2;;2;;2;;2;;50;12;50;234.11992807
6049329;1;1;1;90;2;;1;30;2;;2;;2;;2;;2;;2;;2;;2;;50;12;50;149.57951327
6049329;1;2;1;90;2;;1;4;2;;2;;2;;2;;2;;2;;2;;2;;50;12;50;149.57951327
6049329;1;3;1;90;2;;1;4;2;;2;;2;;2;;2;;2;;2;;2;;50;12;50;149.57951327
6049329;1;4;1;90;2;;1;12;2;;2;;2;;2;;2;;2;;2;;2;;50;12;50;149.57951327
6049329;1;5;1;90;2;;1;3;2;;2;;2;;2;;2;;2;;2;;2;;50;12;50;149.57951327
6049329;1;7;1;90;2;;1;2;2;;2;;2;;2;;2;;2;;2;;2;;50;12;50;149.57951327
6049330;1;1;1;90;2;;1;4;2;;2;;2;;2;;2;;2;;2;;2;;50;12;50;284.50247142
6049330;1;2;1;90;2;;1;15;2;;2;;2;;2;;2;;2;;2;;2;;50;12;50;284.50247142
6049331;1;1;1;90;2;;1;30;2;;2;;1;40;2;;2;;2;;2;;2;;50;12;50;181.85949965
6049331;1;2;1;90;2;;2;;2;;2;;2;;2;;2;;2;;2;;2;;50;12;50;181.85949965
6049331;1;3;1;90;2;;2;;2;;2;;2;;2;;2;;2;;2;;2;;50;12;50;181.85949965
6049332;1;1;1;90;2;;2;;2;;2;;2;;2;;2;;2;;2;;2;;50;12;50;425.33468891
6049332;1;2;1;90;2;;1;36;2;;2;;2;;2;;2;;2;;2;;2;;50;12;50;425.33468891
6049332;1;3;1;90;2;;2;;2;;2;;2;;2;;2;;2;;2;;2;;50;12;50;425.33468891
6049333;1;1;1;90;2;;2;;2;;2;;2;;2;;2;;2;;2;;2;;50;12;50;321.00957547
6049333;1;2;1;90;2;;1;12;2;;2;;2;;2;;2;;2;;2;;2;;50;12;50;321.00957547
6049333;1;3;1;90;2;;1;3;2;;1;14;2;;2;;2;;2;;2;;2;;50;12;50;321.00957547
6049334;1;1;1;90;2;;2;;2;;1;7;2;;2;;2;;2;;2;;2;;50;12;50;217.9004136
6049334;1;2;1;90;2;;2;;1;10;1;30;2;;2;;2;;2;;2;;2;;50;12;50;217.9004136
6049334;1;5;1;90;2;;1;20;2;;1;10;2;;2;;2;;2;;2;;2;;50;12;50;217.9004136
6049335;1;1;1;90;2;;1;15;2;;1;5;2;;2;;2;;2;;2;;2;;50;12;50;215.08374968
6049335;1;2;1;90;2;;1;7;2;;1;7;2;;2;;2;;2;;2;;2;;50;12;50;215.08374968
6049336;1;1;1;90;2;;1;35;2;;1;15;2;;2;;2;;2;;2;;2;;50;12;50;418.07856607
6049336;1;2;1;90;2;;1;12;2;;2;;2;;2;;2;;2;;2;;2;;50;12;50;418.07856607
6049336;1;3;1;90;2;;1;18;2;;2;;2;;2;;2;;2;;2;;2;;50;12;50;418.07856607
6049336;1;4;1;90;2;;1;18;2;;2;;2;;2;;2;;2;;2;;2;;50;12;50;418.07856607
6049336;1;5;1;90;2;;1;8;2;;2;;2;;2;;2;;2;;2;;2;;50;12;50;418.07856607
6049337;1;1;1;90;2;;1;20;2;;2;;2;;2;;2;;2;;2;;2;;50;12;50;380.50040976
6049337;1;2;1;90;2;;1;6;2;;2;;2;;2;;2;;2;;2;;2;;50;12;50;380.50040976
6049338;1;1;1;90;2;;2;;2;;2;;2;;2;;2;;2;;2;;2;;50;12;50;406.95632232
6049338;1;2;1;90;2;;1;20;2;;1;40;2;;2;;2;;2;;2;;2;;50;12;50;406.95632232
6049339;1;1;1;90;2;;1;12;2;;2;;2;;2;;2;;2;;2;;2;;50;12;50;282.34361929
6049340;1;1;1;90;2;;1;2;2;;2;;2;;2;;2;;2;;2;;2;;50;12;50;314.64780249
6049340;1;2;1;90;2;;1;30;2;;1;40;2;;2;;2;;2;;2;;2;;50;12;50;314.64780249
6049340;1;3;1;90;2;;2;;2;;2;;2;;2;;2;;2;;2;;2;;50;12;50;314.64780249
6049342;1;1;1;90;2;;1;35;2;;1;15;2;;2;;2;;2;;2;;2;;50;12;50;335.63629192
6049343;1;1;1;90;2;;1;6;2;;2;;2;;2;;2;;2;;2;;2;;50;12;50;357.75551097
6049344;1;1;1;90;2;;1;2;2;;2;;2;;2;;2;;2;;2;;2;;50;12;50;364.09156698
6049344;1;2;1;90;2;;1;17;2;;2;;2;;2;;2;;2;;2;;2;;50;12;50;364.09156698
6049345;1;1;1;90;2;;2;;2;;2;;2;;2;;2;;2;;2;;2;;50;12;50;149.57951327
6049345;1;2;1;90;2;;1;35;2;;2;;2;;2;;2;;2;;2;;2;;50;12;50;149.57951327
6049345;1;3;1;90;2;;1;8;2;;2;;2;;2;;2;;2;;2;;2;;50;12;50;149.57951327
6049346;1;1;1;90;2;;1;8;2;;2;;2;;2;;2;;2;;2;;2;;50;12;50;149.57951327
6049346;1;2;1;90;2;;1;20;2;;2;;2;;2;;2;;2;;2;;2;;50;12;50;149.57951327
6049346;1;3;1;90;2;;1;20;2;;2;;2;;2;;2;;2;;2;;2;;50;12;50;149.57951327
6049346;1;4;1;90;2;;1;15;2;;2;;2;;2;;2;;2;;2;;2;;50;12;50;149.57951327
6049347;1;1;1;90;2;;2;;2;;2;;2;;2;;2;;2;;2;;2;;50;12;50;175.52344364
6049347;1;2;1;90;2;;1;30;2;;2;;2;;2;;2;;2;;2;;2;;50;12;50;175.52344364
6049348;1;1;1;90;2;;1;30;2;;2;;2;;2;;2;;2;;2;;2;;50;12;50;180.9651498
6049348;1;2;1;90;2;;1;18;2;;2;;2;;2;;2;;2;;2;;2;;50;12;50;180.9651498
6049348;1;3;1;90;2;;2;;2;;2;;2;;2;;2;;2;;2;;2;;50;12;50;180.9651498
6049348;1;4;1;90;2;;1;38;2;;2;;2;;2;;2;;2;;2;;2;;50;12;50;180.9651498
6049348;1;5;1;90;2;;2;;2;;2;;2;;2;;2;;2;;2;;2;;50;12;50;180.9651498
6049349;1;1;1;90;2;;1;10;2;;2;;2;;2;;2;;2;;2;;2;;50;12;50;333.51395446
6049349;1;2;1;90;2;;1;3;2;;2;;2;;2;;2;;2;;2;;2;;50;12;50;333.51395446
6049349;1;3;1;90;2;;2;;2;;2;;2;;2;;2;;2;;2;;2;;50;12;50;333.51395446
6049350;1;1;1;90;2;;2;;2;;2;;2;;2;;2;;2;;2;;2;;50;12;50;217.30452082
6049350;1;2;1;90;2;;1;10;2;;2;;1;18;2;;2;;2;;2;;2;;50;12;50;217.30452082
6049350;1;3;1;90;2;;2;;2;;2;;2;;2;;2;;2;;2;;2;;50;12;50;217.30452082
6049350;1;4;1;90;2;;2;;2;;2;;2;;2;;2;;2;;2;;2;;50;12;50;217.30452082
6049351;1;1;1;90;2;;1;15;2;;2;;2;;2;;2;;2;;2;;2;;50;12;50;305.49508256
6049352;1;1;1;90;2;;1;8;2;;1;15;2;;2;;2;;2;;2;;2;;50;12;50;390.54747955
6049352;1;2;1;90;2;;1;14;2;;1;20;1;13;2;;2;;2;;2;;2;;50;12;50;390.54747955
6049353;1;1;1;90;2;;2;;2;;2;;2;;2;;2;;2;;2;;2;;50;12;50;305.08851808
6049353;1;2;1;90;2;;1;40;2;;1;7;2;;2;;2;;2;;2;;2;;50;12;50;305.08851808
6049354;1;1;1;90;2;;2;;2;;2;;2;;2;;2;;2;;2;;2;;50;12;50;220.35772279
6049354;1;2;1;90;2;;1;40;2;;2;;2;;2;;2;;2;;2;;2;;50;12;50;220.35772279
6049354;1;3;1;90;2;;1;2;2;;2;;2;;2;;2;;2;;2;;2;;50;12;50;220.35772279
6049355;1;1;1;90;2;;1;10;2;;2;;2;;2;;2;;2;;2;;2;;50;12;50;220.35772279
6049355;1;2;1;90;2;;1;35;2;;2;;2;;2;;2;;2;;2;;2;;50;12;50;220.35772279
6049355;1;3;1;90;2;;1;6;2;;2;;2;;2;;2;;2;;2;;2;;50;12;50;220.35772279
6049356;1;1;1;90;2;;1;10;2;;2;;2;;2;;2;;2;;2;;2;;50;12;50;340.94010372
6049356;1;2;1;90;2;;1;10;2;;2;;2;;2;;2;;2;;2;;2;;50;12;50;340.94010372
6049357;1;1;1;90;2;;1;35;2;;1;15;2;;2;;2;;2;;2;;2;;50;12;50;380.50040976
6049357;1;2;1;90;2;;1;5;2;;2;;2;;2;;2;;2;;2;;2;;50;12;50;380.50040976
6049358;1;1;1;90;2;;2;;2;;2;;2;;2;;2;;2;;2;;2;;50;12;50;374.13863677
6049358;1;2;1;90;2;;1;19;2;;2;;2;;2;;2;;2;;2;;2;;50;12;50;374.13863677
6049359;1;1;1;90;2;;2;;2;;2;;2;;2;;2;;2;;2;;2;;50;12;50;282.34361929
6049360;1;1;1;90;2;;1;10;2;;2;;2;;2;;2;;2;;2;;2;;50;12;50;298.26467669
6049360;1;2;1;90;2;;1;5;2;;2;;2;;2;;2;;2;;2;;2;;50;12;50;298.26467669
6049361;1;1;1;90;2;;2;;2;;2;;2;;2;;2;;2;;2;;2;;50;12;50;192.33885089
6049362;1;1;1;90;2;;1;20;2;;2;;2;;2;;2;;2;;2;;2;;50;12;50;239.66819226
6049363;1;1;1;90;2;;1;4;2;;2;;2;;2;;2;;2;;2;;2;;50;12;50;175.52344364
6049363;1;2;1;90;2;;1;35;2;;2;;2;;2;;2;;2;;2;;2;;50;12;50;175.52344364
6049364;1;1;1;90;2;;1;32;2;;2;;2;;2;;2;;2;;2;;2;;50;12;50;250.93533532
6049364;1;2;1;90;2;;2;;2;;2;;2;;2;;2;;2;;2;;2;;50;12;50;250.93533532
6049365;1;1;1;90;2;;1;9;2;;2;;2;;2;;2;;2;;2;;2;;50;12;50;364.09156698
6049365;1;2;1;90;2;;1;20;2;;2;;2;;2;;2;;2;;2;;2;;50;12;50;364.09156698
6049366;1;1;1;90;2;;2;;2;;2;;2;;2;;2;;2;;2;;2;;50;12;50;331.08236224
6049366;1;2;1;90;2;;1;30;2;;2;;2;;2;;2;;2;;2;;2;;50;12;50;331.08236224
6049367;1;1;1;90;2;;1;9;2;;2;;2;;2;;2;;2;;2;;2;;50;12;50;218.76904648
6049367;1;4;1;90;2;;1;30;2;;1;10;2;;2;;2;;2;;2;;2;;50;12;50;218.76904648
6049369;1;1;1;90;2;;1;35;2;;2;;2;;2;;2;;2;;2;;2;;50;12;50;245.10989842
6049369;1;2;1;90;2;;1;2;2;;2;;2;;2;;2;;2;;2;;2;;50;12;50;245.10989842
6049369;1;3;1;90;2;;1;18;2;;2;;2;;2;;2;;2;;2;;2;;50;12;50;245.10989842
6049369;1;4;1;90;2;;1;3;2;;2;;2;;2;;2;;2;;2;;2;;50;12;50;245.10989842
6049370;1;1;1;90;2;;1;7;2;;2;;2;;2;;2;;2;;2;;2;;50;12;50;364.09156698
6049370;1;2;1;90;2;;1;28;2;;2;;2;;2;;2;;2;;2;;2;;50;12;50;364.09156698
6049371;1;1;1;90;2;;1;6;2;;2;;2;;2;;2;;2;;2;;2;;50;12;50;305.49508256
6049372;1;1;1;90;2;;1;2;2;;2;;2;;2;;2;;2;;2;;2;;50;12;50;357.75551097
6049373;1;1;1;90;2;;1;1;2;;2;;2;;2;;2;;2;;2;;2;;50;12;50;250.93533532
6049373;1;2;1;90;2;;1;45;2;;2;;2;;2;;2;;2;;2;;2;;50;12;50;250.93533532
6049374;1;1;1;90;2;;1;30;2;;2;;2;;2;;2;;2;;2;;2;;50;12;50;175.52344364
6049374;2;1;2;90;2;;1;6;2;;2;;2;;2;;2;;2;;2;;2;;50;12;50;175.52344364
6049375;1;1;1;90;2;;2;;2;;2;;2;;2;;2;;2;;2;;2;;50;12;50;364.09156698
6049375;1;2;1;90;2;;1;10;2;;2;;2;;2;;2;;2;;2;;2;;50;12;50;364.09156698
6049376;1;1;1;90;2;;1;30;2;;2;;2;;2;;2;;2;;2;;2;;50;12;50;305.49508256
6049380;1;1;1;90;2;;1;16;2;;2;;2;;2;;2;;2;;2;;2;;50;12;50;334.77845672
6049380;1;2;1;90;2;;1;9;2;;2;;2;;2;;2;;2;;2;;2;;50;12;50;334.77845672
6049380;1;3;1;90;2;;1;11;2;;2;;2;;2;;2;;2;;2;;2;;50;12;50;334.77845672
6049380;1;4;1;90;2;;1;12;2;;2;;2;;2;;2;;2;;2;;2;;50;12;50;334.77845672
6049380;1;5;1;90;2;;1;12;2;;2;;2;;2;;2;;2;;2;;2;;50;12;50;334.77845672
6049380;1;6;1;90;2;;1;12;2;;2;;2;;2;;2;;2;;2;;2;;50;12;50;334.77845672
6049381;1;1;1;90;2;;1;9;2;;2;;2;;2;;2;;2;;2;;2;;50;12;50;349.43501185
6049381;1;2;1;90;2;;2;;2;;2;;2;;2;;2;;2;;2;;2;;50;12;50;349.43501185
6049381;1;3;1;90;2;;1;8;2;;2;;2;;2;;2;;2;;2;;2;;50;12;50;349.43501185
6049381;1;4;1;90;2;;1;8;2;;2;;2;;2;;2;;2;;2;;2;;50;12;50;349.43501185
6049382;1;1;1;90;2;;1;10;2;;1;4;2;;2;;2;;2;;2;;2;;50;12;50;366.73820448
6049382;1;2;1;90;2;;2;;2;;1;2;2;;2;;2;;2;;2;;2;;50;12;50;366.73820448
6049383;1;1;1;90;2;;1;7;2;;2;;2;;2;;2;;2;;2;;2;;50;12;50;356.66541772
6049383;1;2;1;90;2;;1;6;2;;2;;2;;2;;2;;2;;2;;2;;50;12;50;356.66541772
6049383;1;3;1;90;2;;1;8;2;;2;;2;;2;;2;;2;;2;;2;;50;12;50;356.66541772
6049384;1;1;1;90;2;;1;20;2;;2;;2;;2;;2;;2;;2;;2;;50;12;50;208.74769367
6049385;1;1;1;90;2;;1;20;2;;2;;2;;2;;2;;2;;2;;2;;50;12;50;202.92225676
6049385;1;2;1;90;2;;1;14;2;;2;;2;;2;;2;;2;;2;;2;;50;12;50;202.92225676
6049385;1;3;1;90;2;;1;15;2;;2;;2;;2;;2;;2;;2;;2;;50;12;50;202.92225676
6049386;1;1;1;90;2;;2;;2;;1;12;2;;2;;2;;2;;2;;2;;50;12;50;314.64780249
6049386;1;2;1;90;2;;1;30;2;;2;;2;;2;;2;;2;;2;;2;;50;12;50;314.64780249
6049386;1;3;1;90;2;;1;3;2;;2;;2;;2;;2;;2;;2;;2;;50;12;50;314.64780249
6049387;1;1;1;90;2;;1;20;2;;2;;2;;2;;2;;2;;2;;2;;50;12;50;365.43729015
6049387;1;2;1;90;2;;1;8;2;;2;;2;;2;;2;;2;;2;;2;;50;12;50;365.43729015
6049387;1;3;1;90;2;;1;5;2;;2;;2;;2;;2;;2;;2;;2;;50;12;50;365.43729015
6049387;1;4;1;90;2;;1;7;2;;2;;2;;2;;2;;2;;2;;2;;50;12;50;365.43729015
6049387;1;5;1;90;2;;1;20;2;;1;20;2;;2;;2;;2;;2;;2;;50;12;50;365.43729015
6049388;1;1;1;90;2;;1;49;2;;2;;2;;2;;2;;2;;2;;2;;50;12;50;192.33885089
6049389;1;1;1;90;2;;1;35;2;;2;;2;;2;;2;;2;;2;;2;;50;12;50;158.87164772
6049389;1;2;1;90;2;;1;6;2;;2;;2;;2;;2;;2;;2;;2;;50;12;50;158.87164772
6049389;1;3;1;90;2;;1;20;2;;2;;2;;2;;2;;2;;2;;2;;50;12;50;158.87164772
6049389;1;6;1;90;2;;1;10;2;;1;10;2;;2;;2;;2;;2;;2;;50;12;50;158.87164772
6049390;1;1;1;90;2;;1;2;2;;1;2;2;;2;;2;;2;;2;;2;;50;12;50;300.91131419
6049390;1;2;1;90;2;;1;20;2;;1;14;2;;2;;2;;2;;2;;2;;50;12;50;300.91131419
6049391;1;1;1;90;2;;2;;2;;2;;2;;2;;2;;2;;2;;2;;50;12;50;304.6007327
6049391;1;2;1;90;2;;1;40;2;;2;;2;;2;;2;;2;;2;;2;;50;12;50;304.6007327
6049391;1;3;1;90;2;;1;2;2;;2;;2;;2;;2;;2;;2;;2;;50;12;50;304.6007327
6049392;1;1;1;90;2;;1;40;2;;2;;2;;2;;2;;2;;2;;2;;50;12;50;246.00424827
6049392;1;2;1;90;2;;1;12;2;;2;;2;;2;;2;;2;;2;;2;;50;12;50;246.00424827
6049393;1;1;1;90;2;;1;38;2;;2;;2;;2;;2;;2;;2;;2;;50;12;50;288.67967531
6049393;1;2;1;90;2;;1;3;2;;2;;2;;2;;2;;2;;2;;2;;50;12;50;288.67967531
6049394;1;1;1;90;2;;1;35;2;;2;;2;;2;;2;;2;;2;;2;;50;12;50;304.6007327
6049394;1;2;1;90;2;;1;12;2;;2;;2;;2;;2;;2;;2;;2;;50;12;50;304.6007327
6049394;1;3;1;90;2;;2;;2;;2;;2;;2;;2;;2;;2;;2;;50;12;50;304.6007327
6049395;1;1;1;90;2;;2;;2;;2;;2;;2;;2;;2;;2;;2;;50;12;50;288.67967531
6049395;1;2;1;90;2;;1;30;2;;2;;2;;2;;2;;2;;2;;2;;50;12;50;288.67967531
6049396;1;1;1;90;2;;1;14;2;;2;;2;;2;;2;;2;;2;;2;;50;12;50;340.94010372
6049396;1;2;1;90;2;;1;2;2;;2;;2;;2;;2;;2;;2;;2;;50;12;50;340.94010372
6049397;1;1;1;90;2;;1;30;2;;2;;2;;2;;2;;2;;2;;2;;50;12;50;343.58674122
6049397;1;2;1;90;2;;1;7;2;;2;;2;;2;;2;;2;;2;;2;;50;12;50;343.58674122
6049398;1;1;1;90;2;;1;10;2;;2;;2;;2;;2;;2;;2;;2;;50;12;50;305.49508256
6049399;1;1;1;90;2;;2;;2;;2;;2;;2;;2;;2;;2;;2;;50;12;50;300.91131419
6049399;1;2;1;90;2;;1;35;2;;1;15;2;;2;;2;;2;;2;;2;;50;12;50;300.91131419
6049400;1;1;1;90;2;;2;;2;;2;;2;;2;;2;;2;;2;;2;;50;12;50;220.35772279
6049400;1;2;1;90;2;;1;30;2;;2;;2;;2;;2;;2;;2;;2;;50;12;50;220.35772279
6049400;1;3;1;90;2;;2;;2;;2;;2;;2;;2;;2;;2;;2;;50;12;50;220.35772279
6049401;1;1;1;90;2;;1;7;2;;2;;2;;2;;2;;2;;2;;2;;50;12;50;367.37029931
6049401;1;2;1;90;2;;1;4;2;;2;;2;;2;;2;;2;;2;;2;;50;12;50;367.37029931
6049401;1;5;1;90;2;;1;28;2;;1;10;2;;2;;2;;2;;2;;2;;50;12;50;367.37029931
6049402;1;1;1;90;2;;2;;2;;2;;2;;2;;2;;2;;2;;2;;50;12;50;445.4329502
6049402;1;2;1;90;2;;1;11;2;;2;;2;;2;;2;;2;;2;;2;;50;12;50;445.4329502
6049402;1;4;1;90;2;;1;1;2;;2;;2;;2;;2;;2;;2;;2;;50;12;50;445.4329502
6049402;1;5;1;90;2;;2;;2;;2;;2;;2;;2;;2;;2;;2;;50;12;50;445.4329502
6049403;1;1;1;90;2;;1;3;2;;2;;2;;2;;2;;2;;2;;2;;50;12;50;234.11992807
6049403;1;2;1;90;2;;1;18;2;;2;;2;;2;;2;;2;;2;;2;;50;12;50;234.11992807
6049403;1;3;1;90;2;;2;;2;;2;;2;;2;;2;;2;;2;;2;;50;12;50;234.11992807
6049404;1;1;1;90;2;;1;28;2;;2;;1;20;2;;2;;2;;2;;2;;50;12;50;198.6749069
6049404;1;2;1;90;2;;2;;2;;2;;2;;2;;2;;2;;2;;2;;50;12;50;198.6749069
6049405;1;1;1;90;2;;2;;2;;1;3;2;;2;;2;;2;;2;;2;;50;12;50;396.90925253
6049405;1;2;1;90;2;;1;32;2;;1;30;2;;2;;2;;2;;2;;2;;50;12;50;396.90925253
6049407;1;1;1;90;2;;2;;2;;2;;2;;2;;2;;2;;2;;2;;50;12;50;149.57951327
6049407;1;2;1;90;2;;1;30;2;;2;;1;19;2;;2;;2;;2;;2;;50;12;50;149.57951327
6049409;1;1;1;90;2;;2;;2;;2;;2;;2;;2;;2;;2;;2;;50;12;50;304.6007327
6049409;1;2;1;90;2;;1;18;2;;2;;2;;2;;2;;2;;2;;2;;50;12;50;304.6007327
6049409;1;3;1;90;2;;1;12;2;;2;;2;;2;;2;;2;;2;;2;;50;12;50;304.6007327
6049411;1;1;1;90;2;;2;;2;;2;;2;;2;;2;;2;;2;;2;;50;12;50;343.09895584
6049411;1;2;1;90;2;;1;25;2;;2;;2;;2;;2;;2;;2;;2;;50;12;50;343.09895584
6049411;1;3;1;90;2;;2;;2;;2;;2;;2;;2;;2;;2;;2;;50;12;50;343.09895584
6049412;1;1;1;90;2;;1;27;2;;2;;2;;2;;2;;2;;2;;2;;50;12;50;192.33885089
6049413;1;1;1;90;2;;1;7;2;;2;;2;;2;;2;;2;;2;;2;;50;12;50;340.94010372
6049413;1;2;1;90;2;;1;6;2;;2;;2;;2;;2;;2;;2;;2;;50;12;50;340.94010372
6049415;1;1;1;90;2;;1;16;2;;2;;2;;2;;2;;2;;2;;2;;50;12;50;298.26467669
6049415;1;2;1;90;2;;1;8;2;;2;;2;;2;;2;;2;;2;;2;;50;12;50;298.26467669
6049417;1;1;1;90;2;;1;28;2;;2;;2;;2;;2;;2;;2;;2;;52;12;52;192.78929791
6049417;1;2;1;90;2;;1;42;2;;2;;2;;2;;2;;2;;2;;2;;52;12;52;192.78929791
6049417;1;3;1;90;2;;2;;2;;2;;2;;2;;2;;2;;2;;2;;52;12;52;192.78929791
6049417;1;4;1;90;2;;1;8;2;;2;;2;;2;;2;;2;;2;;2;;52;12;52;192.78929791
6049419;1;1;1;90;2;;1;20;2;;1;30;2;;2;;2;;2;;2;;2;;52;12;52;473.83963042
6049420;1;1;1;90;2;;1;3;2;;2;;2;;2;;2;;2;;2;;2;;52;12;52;158.5093266
6049420;1;2;1;90;2;;1;15;2;;2;;2;;2;;2;;2;;2;;2;;52;12;52;158.5093266
6049420;1;3;1;90;2;;1;3;2;;2;;2;;2;;2;;2;;2;;2;;52;12;52;158.5093266
6049420;1;4;1;90;2;;1;1;2;;2;;2;;2;;2;;2;;2;;2;;52;12;52;158.5093266
6049421;1;1;1;90;2;;2;;2;;2;;2;;2;;2;;2;;2;;2;;52;12;52;192.92310248
6049421;1;2;1;90;2;;1;14;2;;2;;2;;2;;2;;2;;2;;2;;52;12;52;192.92310248
6049421;1;3;1;90;2;;2;;2;;2;;2;;2;;2;;2;;2;;2;;52;12;52;192.92310248
6049422;1;1;1;90;2;;1;35;2;;2;;2;;2;;2;;2;;2;;2;;52;12;52;192.92310248
6049422;1;2;1;90;2;;1;15;2;;2;;2;;2;;2;;2;;2;;2;;52;12;52;192.92310248
6049422;1;3;1;90;2;;2;;2;;2;;2;;2;;2;;2;;2;;2;;52;12;52;192.92310248
6049423;1;1;1;90;2;;1;24;2;;1;20;2;;2;;2;;2;;2;;2;;52;12;52;141.7234293
6049423;1;2;1;90;2;;2;;2;;1;14;2;;2;;2;;2;;2;;2;;52;12;52;141.7234293
6049423;1;4;1;90;2;;1;7;2;;2;;2;;2;;2;;2;;2;;2;;52;12;52;141.7234293
6049424;1;1;1;90;2;;1;4;2;;2;;2;;2;;2;;2;;2;;2;;52;12;52;160.37833506
6049424;1;2;1;90;2;;1;20;2;;2;;2;;2;;2;;2;;2;;2;;52;12;52;160.37833506
6049425;1;1;1;90;2;;1;10;2;;2;;2;;2;;2;;2;;2;;2;;52;12;52;239.97656165
6049425;1;2;1;90;2;;1;7;2;;2;;2;;2;;2;;2;;2;;2;;52;12;52;239.97656165
6049426;1;1;1;90;2;;1;3;2;;2;;2;;2;;2;;2;;2;;2;;52;12;52;207.43179424
6049427;1;1;1;90;2;;1;28;2;;2;;2;;2;;2;;2;;2;;2;;52;12;52;189.49590067
6049427;1;2;1;90;2;;2;;2;;2;;2;;2;;2;;2;;2;;2;;52;12;52;189.49590067
6049427;1;3;1;90;2;;1;4;2;;2;;2;;2;;2;;2;;2;;2;;52;12;52;189.49590067
6049429;1;1;1;90;2;;1;4;2;;2;;2;;2;;2;;2;;2;;2;;52;12;52;239.84275708
6049429;1;2;1;90;2;;1;30;2;;2;;2;;2;;2;;2;;2;;2;;52;12;52;239.84275708
6049429;1;3;1;90;2;;2;;2;;2;;2;;2;;2;;2;;2;;2;;52;12;52;239.84275708
6049430;1;1;1;90;2;;1;15;2;;2;;2;;2;;2;;2;;2;;2;;52;12;52;129.75692727
6049430;1;2;1;90;2;;1;3;2;;1;34;2;;2;;2;;2;;2;;2;;52;12;52;129.75692727
6049430;1;4;1;90;2;;1;36;2;;1;23;2;;2;;2;;2;;2;;2;;52;12;52;129.75692727
6049430;1;5;1;90;2;;1;3;2;;2;;2;;2;;1;3;2;;2;;2;;52;12;52;129.75692727
6049430;1;6;1;90;2;;1;2;2;;2;;2;;2;;2;;2;;2;;2;;52;12;52;129.75692727
6049431;1;1;1;90;2;;1;15;2;;2;;2;;2;;2;;2;;2;;2;;52;12;52;207.43179424
6049432;1;1;1;90;2;;1;7;2;;2;;2;;2;;2;;2;;2;;2;;52;12;52;157.08493783
6049433;1;1;1;90;2;;1;24;2;;2;;2;;2;;2;;2;;2;;2;;52;12;52;222.17447266
6049433;1;2;1;90;2;;2;;2;;2;;2;;2;;2;;2;;2;;2;;52;12;52;222.17447266
6049433;1;3;1;90;2;;2;;2;;2;;2;;2;;2;;2;;2;;2;;52;12;52;222.17447266
6049435;1;1;1;90;2;;1;21;2;;2;;2;;2;;2;;2;;2;;2;;52;12;52;207.43179424
6049436;1;1;1;90;2;;1;7;2;;2;;2;;2;;2;;2;;2;;2;;52;12;52;324.51688862
6049436;1;2;1;90;2;;1;7;2;;2;;2;;2;;2;;2;;2;;2;;52;12;52;324.51688862
6049436;1;3;1;90;2;;1;10;2;;2;;2;;2;;2;;2;;2;;2;;52;12;52;324.51688862
6049438;1;1;1;90;2;;1;21;2;;2;;2;;2;;2;;2;;2;;2;;52;12;52;160.37833506
6049438;1;2;1;90;2;;2;;2;;2;;2;;2;;2;;2;;2;;2;;52;12;52;160.37833506
6049439;1;1;1;90;2;;1;2;2;;2;;2;;2;;2;;2;;2;;2;;52;12;52;272.5686329
6049439;1;2;1;90;2;;1;25;2;;2;;2;;2;;2;;2;;2;;2;;52;12;52;272.5686329
6049439;1;3;1;90;2;;1;8;2;;2;;2;;2;;2;;2;;2;;2;;52;12;52;272.5686329
6049441;1;1;1;90;2;;1;30;2;;1;40;2;;2;;2;;2;;2;;2;;52;12;52;331.67281092
6049441;1;2;1;90;2;;1;3;2;;1;10;2;;2;;2;;2;;2;;1;2;52;12;52;331.67281092
6049445;1;1;1;90;2;;1;7;2;;2;;2;;2;;2;;2;;2;;2;;52;12;52;292.05862195
6049446;1;1;1;90;2;;2;;2;;2;;2;;2;;2;;2;;2;;2;;52;12;52;153.71471215
6049446;1;2;1;90;2;;1;21;2;;2;;2;;2;;2;;2;;2;;2;;52;12;52;153.71471215
6049446;1;3;1;90;2;;1;21;2;;2;;2;;2;;2;;2;;2;;2;;52;12;52;153.71471215
6049446;1;4;1;90;2;;1;7;2;;2;;2;;2;;2;;2;;2;;2;;52;12;52;153.71471215
6049446;1;5;1;90;2;;2;;2;;2;;2;;2;;2;;2;;2;;2;;52;12;52;153.71471215
6049446;1;6;1;90;2;;1;24;2;;2;;2;;2;;2;;2;;2;;2;;52;12;52;153.71471215
6049446;1;7;1;90;2;;1;7;2;;2;;2;;2;;2;;2;;2;;2;;52;12;52;153.71471215
6049446;1;8;1;90;2;;1;21;2;;2;;2;;2;;2;;2;;2;;2;;52;12;52;153.71471215
6049447;1;1;1;90;2;;1;7;2;;2;;2;;2;;2;;2;;2;;2;;52;12;52;292.05862195
6049448;1;1;1;90;2;;1;25;2;;2;;1;30;2;;2;;2;;2;;2;;52;12;52;129.75692727
6049448;1;2;1;90;2;;1;12;2;;1;20;2;;2;;2;;2;;2;;2;;52;12;52;129.75692727
6049448;1;4;1;90;2;;2;;2;;2;;2;;2;;2;;2;;2;;2;;52;12;52;129.75692727
6049449;1;1;1;90;2;;2;;2;;2;;2;;2;;2;;2;;2;;2;;52;12;52;243.13615431
6049449;1;2;1;90;2;;1;32;2;;2;;2;;2;;2;;2;;2;;2;;52;12;52;243.13615431
6049449;1;3;1;90;2;;2;;2;;2;;2;;2;;2;;2;;2;;2;;52;12;52;243.13615431
6049449;1;4;1;90;2;;2;;2;;2;;2;;2;;2;;2;;2;;2;;52;12;52;243.13615431
6049450;1;1;1;90;2;;1;25;2;;1;25;2;;2;;2;;2;;2;;2;;52;12;52;296.10060172
6049450;1;2;1;90;2;;2;;2;;2;;2;;2;;2;;2;;2;;2;;52;12;52;296.10060172
6049451;1;1;1;90;2;;1;28;2;;2;;2;;2;;2;;2;;2;;2;;52;12;52;189.49590067
6049451;1;2;1;90;2;;2;;2;;2;;2;;2;;2;;2;;2;;2;;52;12;52;189.49590067
6049451;1;3;1;90;2;;1;14;2;;2;;2;;2;;2;;2;;2;;2;;52;12;52;189.49590067
6049452;1;1;1;90;2;;1;35;2;;1;21;2;;2;;2;;2;;2;;2;;52;12;52;272.38752449
6049452;1;2;1;90;2;;1;8;2;;2;;2;;2;;2;;2;;2;;2;;52;12;52;272.38752449
6049452;1;3;1;90;2;;1;7;2;;2;;2;;2;;2;;2;;2;;2;;52;12;52;272.38752449
6049452;1;4;1;90;2;;1;14;2;;2;;2;;2;;2;;2;;2;;2;;52;12;52;272.38752449
6049453;1;1;1;90;2;;1;8;2;;2;;2;;2;;2;;2;;2;;2;;52;12;52;347.97368268
6049453;1;2;1;90;2;;1;28;2;;2;;2;;2;;2;;2;;2;;2;;52;12;52;347.97368268
6049453;1;3;1;90;2;;1;7;2;;2;;2;;2;;2;;2;;2;;2;;52;12;52;347.97368268
6049453;1;4;1;90;2;;1;21;2;;2;;2;;2;;2;;2;;2;;2;;52;12;52;347.97368268
6049453;1;5;1;90;2;;2;;2;;1;14;2;;2;;2;;2;;2;;2;;52;12;52;347.97368268
6049453;1;7;1;90;2;;2;;2;;2;;2;;2;;2;;2;;2;;2;;52;12;52;347.97368268
6049454;1;1;1;90;2;;2;;2;;2;;2;;2;;2;;2;;2;;2;;52;12;52;272.43482832
6049454;1;2;1;90;2;;1;30;2;;2;;2;;2;;2;;2;;2;;2;;52;12;52;272.43482832
6049454;1;3;1;90;2;;1;6;2;;2;;2;;2;;2;;2;;2;;2;;52;12;52;272.43482832
6049454;1;4;1;90;2;;2;;2;;2;;2;;2;;2;;2;;2;;2;;52;12;52;272.43482832
6049455;1;1;1;90;2;;1;26;2;;2;;2;;2;;2;;2;;2;;2;;52;12;52;170.09241237
6049455;1;2;1;90;2;;2;;2;;2;;2;;2;;2;;2;;2;;2;;52;12;52;170.09241237
6049455;1;3;1;90;2;;1;25;2;;2;;2;;2;;2;;2;;2;;2;;52;12;52;170.09241237
6049455;1;4;1;90;2;;2;;2;;2;;2;;2;;2;;2;;2;;2;;52;12;52;170.09241237
6049456;1;1;1;90;2;;2;;2;;2;;2;;2;;2;;2;;2;;2;;52;12;52;364.35138291
6049456;1;2;1;90;2;;1;28;2;;2;;2;;2;;2;;2;;2;;2;;52;12;52;364.35138291
6049457;1;1;1;90;2;;1;25;2;;2;;2;;2;;2;;2;;2;;2;;52;12;52;155.21592937
6049457;1;2;1;90;2;;1;2;2;;2;;2;;2;;2;;2;;2;;2;;52;12;52;155.21592937
6049457;1;3;1;90;2;;1;14;2;;2;;2;;2;;2;;2;;2;;2;;52;12;52;155.21592937
6049458;1;1;1;90;2;;1;14;2;;2;;2;;2;;2;;2;;2;;2;;52;12;52;187.89450136
6049458;1;2;1;90;2;;1;2;2;;2;;2;;2;;2;;2;;2;;2;;52;12;52;187.89450136
6049458;1;3;1;90;2;;2;;2;;2;;2;;2;;2;;2;;2;;2;;52;12;52;187.89450136
6049460;1;1;1;90;2;;1;10;2;;2;;2;;2;;2;;2;;2;;2;;52;12;52;295.35201918
6049460;1;2;1;90;2;;1;5;2;;2;;2;;2;;2;;2;;2;;2;;52;12;52;295.35201918
6049461;1;1;1;90;2;;2;;2;;2;;2;;2;;2;;2;;2;;2;;52;12;52;305.11340031
6049461;1;2;1;90;2;;1;7;2;;2;;2;;2;;2;;2;;2;;2;;52;12;52;305.11340031
6049461;1;3;1;90;2;;1;14;2;;2;;2;;2;;2;;2;;2;;2;;52;12;52;305.11340031
6049461;1;4;1;90;2;;1;4;2;;2;;2;;2;;2;;2;;2;;2;;52;12;52;305.11340031
6049463;1;1;1;90;2;;1;14;2;;2;;2;;2;;2;;2;;2;;2;;52;12;52;361.23744039
6049463;1;2;1;90;2;;1;10;2;;2;;2;;2;;2;;2;;2;;2;;52;12;52;361.23744039
6049463;1;3;1;90;2;;1;3;2;;2;;2;;2;;2;;2;;2;;2;;52;12;52;361.23744039
6049463;1;4;1;90;2;;1;13;2;;1;40;2;;2;;2;;2;;2;;2;;52;12;52;361.23744039
6049466;1;1;1;90;2;;1;14;2;;2;;2;;2;;2;;2;;2;;2;;52;12;52;292.05862195
6049467;1;1;1;90;2;;2;;2;;2;;2;;2;;2;;2;;2;;2;;52;12;52;364.35138291
6049467;1;2;1;90;2;;1;40;2;;1;10;2;;2;;2;;2;;2;;2;;52;12;52;364.35138291
6049468;1;1;1;90;2;;1;14;2;;2;;2;;2;;2;;2;;2;;2;;52;12;52;207.43179424
6049469;1;1;1;90;2;;1;21;2;;2;;2;;2;;2;;2;;2;;2;;52;12;52;259.38004996
6049470;1;1;1;90;2;;1;25;2;;2;;2;;2;;2;;2;;2;;2;;52;12;52;334.21522716
6049470;1;2;1;90;2;;1;3;2;;2;;2;;2;;2;;2;;2;;2;;52;12;52;334.21522716
6049470;1;3;1;90;2;;1;25;2;;1;30;2;;2;;2;;2;;2;;2;;52;12;52;334.21522716
6049470;1;5;1;90;2;;1;24;2;;1;30;2;;2;;2;;2;;2;;2;;52;12;52;334.21522716
6049471;1;1;1;90;2;;1;21;2;;1;56;2;;2;;2;;2;;2;;2;;52;12;52;416.48074703
6049476;1;1;1;90;2;;2;;2;;2;;2;;2;;2;;2;;2;;2;;52;12;52;189.49590067
6049476;1;2;1;90;2;;1;35;2;;2;;2;;2;;2;;2;;2;;2;;52;12;52;189.49590067
6049476;1;3;1;90;2;;1;2;2;;2;;2;;2;;2;;2;;2;;2;;52;12;52;189.49590067
6049477;1;1;1;90;2;;1;2;2;;2;;2;;2;;2;;2;;2;;2;;52;12;52;275.86203013
6049477;1;2;1;90;2;;1;25;2;;2;;2;;2;;2;;2;;2;;2;;52;12;52;275.86203013
6049477;1;3;1;90;2;;2;;2;;2;;2;;2;;2;;2;;2;;2;;52;12;52;275.86203013
6049477;1;4;1;90;2;;1;3;2;;2;;2;;2;;2;;2;;2;;2;;52;12;52;275.86203013
6049478;1;1;1;90;2;;1;28;2;;2;;2;;2;;2;;2;;2;;2;;52;12;52;240.02386548
6049478;1;2;1;90;2;;2;;2;;2;;2;;2;;2;;2;;2;;2;;52;12;52;240.02386548
6049479;1;1;1;90;2;;1;35;2;;2;;2;;2;;2;;2;;2;;2;;52;12;52;328.77917371
6049479;1;2;1;90;2;;1;10;2;;2;;2;;2;;2;;2;;2;;2;;52;12;52;328.77917371
6049480;1;1;1;90;2;;1;12;2;;2;;2;;2;;2;;2;;2;;2;;52;12;52;207.43179424
6049483;1;1;1;90;2;;1;18;2;;2;;2;;2;;2;;2;;2;;2;;52;12;52;296.2344063
6049484;1;1;1;90;2;;2;;2;;2;;2;;2;;2;;2;;2;;2;;52;12;52;129.75692727
6049484;1;2;1;90;2;;2;;2;;2;;2;;2;;2;;2;;2;;2;;52;12;52;129.75692727
6049484;1;3;1;90;2;;1;20;2;;2;;1;16;2;;2;;2;;2;;2;;52;12;52;129.75692727
6049485;1;1;1;90;2;;1;10;2;;2;;2;;2;;2;;2;;2;;2;;52;12;52;292.05862195
6049486;1;1;1;90;2;;2;;2;;2;;2;;2;;2;;2;;2;;2;;52;12;52;396.94345415
6049486;1;2;1;90;2;;1;14;2;;2;;2;;2;;2;;2;;2;;2;;52;12;52;396.94345415
6049486;1;3;1;90;2;;1;20;2;;2;;2;;2;;2;;2;;2;;2;;52;12;52;396.94345415
6049487;1;1;1;90;2;;1;5;2;;2;;2;;2;;2;;2;;2;;2;;52;12;52;357.10895987
6049487;1;2;1;90;2;;1;14;2;;2;;2;;2;;2;;2;;2;;2;;52;12;52;357.10895987
6049487;1;3;1;90;2;;2;;2;;2;;2;;2;;2;;2;;2;;2;;52;12;52;357.10895987
6049487;1;4;1;90;2;;1;10;2;;2;;2;;2;;1;24;2;;2;;2;;52;12;52;357.10895987
6049488;1;1;1;90;2;;2;;2;;1;14;2;;2;;2;;2;;2;;2;;52;12;52;396.94345415
6049488;1;2;1;90;2;;1;40;2;;1;20;2;;2;;2;;2;;2;;2;;52;12;52;396.94345415
6049488;1;3;1;90;2;;1;6;2;;2;;2;;2;;2;;2;;2;;2;;52;12;52;396.94345415
6049489;1;1;1;90;2;;1;14;2;;2;;2;;2;;2;;2;;2;;2;;52;12;52;344.77489311
6049489;1;2;1;90;2;;1;2;2;;2;;2;;2;;2;;2;;2;;2;;52;12;52;344.77489311
6049489;1;3;1;90;2;;2;;2;;2;;2;;2;;2;;2;;2;;2;;52;12;52;344.77489311
6049489;1;4;1;90;2;;1;15;2;;2;;2;;2;;2;;2;;2;;2;;52;12;52;344.77489311
6049489;1;5;1;90;2;;1;3;2;;1;30;2;;2;;2;;2;;2;;2;;52;12;52;344.77489311
6049490;1;1;1;90;2;;2;;2;;2;;2;;2;;2;;2;;2;;2;;52;12;52;272.5686329
6049490;1;2;1;90;2;;1;7;2;;2;;2;;2;;2;;2;;2;;2;;52;12;52;272.5686329
6049490;1;3;1;90;2;;1;3;2;;2;;2;;2;;2;;2;;2;;2;;52;12;52;272.5686329
6049491;1;1;1;90;2;;1;7;2;;2;;2;;2;;2;;2;;2;;2;;52;12;52;292.05862195
6049492;1;1;1;90;2;;1;4;2;;2;;2;;2;;2;;2;;2;;2;;52;12;52;160.37833506
6049492;1;2;1;90;2;;1;40;2;;2;;2;;2;;2;;2;;2;;2;;52;12;52;160.37833506
6049493;1;1;1;90;2;;1;42;2;;2;;2;;2;;2;;2;;2;;2;;52;12;52;137.59494878
6049493;1;2;1;90;2;;1;7;2;;2;;2;;2;;1;2;2;;2;;2;;52;12;52;137.59494878
6049493;1;3;1;90;2;;1;7;2;;2;;2;;2;;2;;2;;2;;2;;52;12;52;137.59494878
6049494;1;1;1;90;2;;2;;2;;1;8;2;;2;;2;;2;;2;;2;;52;12;52;364.35138291
6049494;1;2;1;90;2;;1;28;2;;1;84;2;;2;;2;;2;;2;;2;;52;12;52;364.35138291
6049495;1;1;1;90;2;;1;20;2;;2;;2;;2;;2;;2;;2;;2;;52;12;52;222.17447266
6049495;1;2;1;90;2;;2;;2;;2;;2;;2;;2;;2;;2;;2;;52;12;52;222.17447266
6049495;1;3;1;90;2;;1;5;2;;2;;2;;2;;2;;2;;2;;2;;52;12;52;222.17447266
6049496;1;1;1;90;2;;1;2;2;;2;;2;;2;;2;;2;;2;;2;;52;12;52;240.02386548
6049496;1;2;1;90;2;;2;;2;;2;;2;;2;;2;;2;;2;;2;;52;12;52;240.02386548
6049498;1;1;1;90;2;;1;30;2;;2;;2;;2;;2;;2;;2;;2;;52;12;52;160.37833506
6049498;1;2;1;90;2;;2;;2;;2;;2;;2;;2;;2;;2;;2;;52;12;52;160.37833506
6049499;1;1;1;90;2;;1;26;2;;2;;2;;2;;2;;2;;2;;2;;52;12;52;157.08493783
6049500;1;1;1;90;2;;1;34;2;;1;20;2;;2;;2;;2;;2;;2;;52;12;52;174.26819672
6049500;1;2;1;90;2;;1;3;2;;2;;2;;2;;2;;2;;2;;2;;52;12;52;174.26819672
6049500;1;3;1;90;2;;1;12;2;;1;20;2;;2;;2;;2;;2;;2;;52;12;52;174.26819672
6049500;1;4;1;90;2;;1;3;2;;1;12;2;;2;;2;;2;;2;;2;;52;12;52;174.26819672
6049501;1;1;1;90;2;;1;3;2;;2;;2;;2;;2;;2;;2;;2;;52;12;52;272.52132907
6049501;1;2;1;90;2;;1;14;2;;2;;2;;2;;2;;2;;2;;2;;52;12;52;272.52132907
6049501;1;3;1;90;2;;1;3;2;;2;;2;;2;;2;;2;;2;;2;;52;12;52;272.52132907
6049502;1;1;1;90;2;;1;20;2;;2;;2;;2;;2;;2;;2;;2;;52;12;52;220.35276803
6049502;1;2;1;90;2;;2;;2;;2;;2;;2;;2;;2;;2;;2;;52;12;52;220.35276803
6049502;1;3;1;90;2;;1;7;2;;2;;2;;2;;1;3;2;;2;;2;;52;12;52;220.35276803
6049502;1;4;1;90;2;;1;14;2;;2;;2;;2;;2;;2;;2;;2;;52;12;52;220.35276803
6049502;1;5;1;90;2;;1;35;2;;2;;2;;2;;2;;2;;2;;2;;52;12;52;220.35276803
6049503;1;1;1;90;2;;2;;2;;2;;2;;2;;2;;2;;2;;2;;52;12;52;396.89615032
6049503;1;2;1;90;2;;1;26;2;;1;25;2;;2;;2;;2;;2;;2;;52;12;52;396.89615032
6049503;1;3;1;90;2;;2;;2;;2;;2;;2;;1;6;2;;2;;2;;52;12;52;396.89615032
6049504;1;1;1;90;2;;1;6;2;;2;;2;;2;;2;;2;;2;;2;;52;12;52;239.84275708
6049504;1;2;1;90;2;;1;15;2;;2;;2;;2;;2;;2;;2;;2;;52;12;52;239.84275708
6049504;1;3;1;90;2;;1;20;2;;2;;2;;2;;2;;2;;2;;2;;52;12;52;239.84275708
6049505;1;1;1;90;2;;1;14;2;;1;10;2;;2;;2;;2;;2;;2;;52;12;52;177.29563849
6049505;1;2;1;90;2;;1;10;2;;1;20;2;;2;;2;;2;;2;;2;;52;12;52;177.29563849
6049505;1;4;1;90;2;;1;30;2;;1;10;2;;2;;2;;2;;2;;2;;52;12;52;177.29563849
6049507;1;1;1;90;2;;1;8;2;;2;;2;;2;;2;;2;;2;;2;;52;12;52;396.94345415
6049507;1;2;1;90;2;;1;7;2;;1;5;2;;2;;2;;2;;2;;2;;52;12;52;396.94345415
6049507;1;3;1;90;2;;1;18;2;;1;35;2;;2;;2;;2;;2;;2;;52;12;52;396.94345415
6049508;1;1;1;90;2;;1;24;2;;1;35;2;;2;;2;;2;;2;;2;;52;12;52;141.7234293
6049508;1;2;1;90;2;;1;3;2;;2;;2;;2;;2;;2;;2;;2;;52;12;52;141.7234293
6049508;1;3;1;90;2;;2;;2;;1;30;2;;2;;2;;2;;2;;2;;52;12;52;141.7234293
6049509;1;1;1;90;2;;1;18;2;;2;;2;;2;;2;;2;;2;;2;;52;12;52;207.29798966
6049509;1;2;1;90;2;;1;7;2;;2;;2;;2;;2;;2;;2;;2;;52;12;52;207.29798966
6049510;1;1;1;90;2;;1;25;2;;2;;2;;2;;2;;2;;2;;2;;52;12;52;189.62970525
6049510;1;2;1;90;2;;2;;2;;2;;1;12;2;;2;;2;;2;;2;;52;12;52;189.62970525
6049511;1;1;1;90;2;;2;;2;;1;14;2;;2;;2;;2;;2;;2;;52;12;52;519.02770906
6049511;1;2;1;90;2;;1;20;2;;1;16;2;;2;;2;;2;;2;;2;;52;12;52;519.02770906
6049511;1;5;1;90;2;;1;10;2;;1;16;2;;2;;2;;2;;2;;2;;52;12;52;519.02770906
6049513;1;1;1;90;2;;2;;2;;2;;2;;2;;2;;2;;2;;2;;52;12;52;328.77917371
6049513;1;2;1;90;2;;1;28;2;;1;35;2;;2;;2;;2;;2;;2;;52;12;52;328.77917371
6049514;1;1;1;90;2;;1;25;2;;1;28;2;;2;;2;;2;;2;;2;;52;12;52;296.10060172
6049514;1;2;1;90;2;;1;2;2;;1;5;2;;2;;2;;2;;2;;2;;52;12;52;296.10060172
6049515;1;1;1;90;2;;1;21;2;;2;;2;;2;;2;;2;;2;;2;;52;12;52;189.49590067
6049515;1;2;1;90;2;;2;;2;;2;;2;;2;;2;;2;;2;;2;;52;12;52;189.49590067
6049515;1;3;1;90;2;;1;7;2;;2;;2;;2;;2;;2;;2;;2;;52;12;52;189.49590067
6049516;1;1;1;90;2;;1;25;2;;2;;2;;2;;2;;2;;2;;2;;52;12;52;207.43179424
6049517;1;1;1;90;2;;1;7;2;;2;;2;;2;;2;;2;;2;;2;;52;12;52;239.89006091
6049517;1;2;1;90;2;;2;;2;;2;;2;;2;;2;;2;;2;;2;;52;12;52;239.89006091
6049517;1;3;1;90;2;;2;;2;;2;;2;;2;;2;;2;;2;;2;;52;12;52;239.89006091
6049518;1;1;1;90;2;;1;2;2;;2;;2;;2;;2;;2;;2;;2;;52;12;52;453.15399497
6049518;1;2;1;90;2;;1;35;2;;1;30;2;;2;;2;;2;;2;;2;;52;12;52;453.15399497
6049519;1;1;1;90;2;;1;20;2;;1;10;2;;2;;2;;2;;1;3;2;;52;12;52;485.52576089
6049519;1;2;1;90;2;;1;3;2;;2;;2;;2;;2;;2;;2;;2;;52;12;52;485.52576089
6049519;1;3;1;90;2;;1;4;2;;2;;2;;2;;2;;2;;2;;2;;52;12;52;485.52576089
6049519;1;4;1;90;2;;1;12;2;;1;23;2;;2;;2;;2;;2;;2;;52;12;52;485.52576089
6049519;1;6;1;90;2;;2;;2;;2;;2;;2;;2;;2;;2;;2;;52;12;52;485.52576089
6049521;1;1;1;90;2;;2;;2;;2;;2;;2;;2;;2;;2;;2;;52;12;52;401.07193467
6049521;1;2;1;90;2;;1;28;2;;1;15;2;;2;;2;;2;;2;;2;;52;12;52;401.07193467
6049521;1;3;1;90;2;;1;6;2;;1;20;2;;2;;2;;2;;2;;2;;52;12;52;401.07193467
6049522;1;1;1;90;2;;1;20;2;;2;;2;;2;;2;;2;;2;;2;;52;12;52;207.29798966
6049522;1;2;1;90;2;;1;4;2;;2;;2;;2;;2;;2;;2;;2;;52;12;52;207.29798966
6049523;1;1;1;90;2;;1;14;2;;1;21;2;;2;;2;;2;;2;;2;;52;12;52;331.67281092
6049523;1;2;1;90;2;;1;7;2;;2;;2;;2;;2;;2;;2;;2;;52;12;52;331.67281092
6049525;1;1;1;90;2;;1;20;2;;2;;2;;2;;2;;2;;2;;2;;52;12;52;328.82647754
6049525;1;2;1;90;2;;1;24;2;;2;;2;;2;;2;;2;;2;;2;;52;12;52;328.82647754
6049526;1;1;1;90;2;;1;10;2;;2;;2;;2;;2;;2;;2;;2;;52;12;52;292.05862195
6049529;1;1;1;90;2;;1;10;2;;2;;2;;2;;1;10;2;;2;;2;;52;12;52;239.89006091
6049529;1;2;1;90;2;;1;7;2;;2;;2;;2;;1;5;2;;2;;2;;52;12;52;239.89006091
6049529;1;3;1;90;2;;1;5;2;;2;;2;;2;;1;15;2;;2;;2;;52;12;52;239.89006091
6049530;1;1;1;90;2;;1;14;2;;1;35;2;;2;;2;;2;;2;;2;;52;12;52;157.08493783
6049531;1;1;1;90;2;;1;20;2;;1;35;2;;2;;2;;2;;2;;2;;52;12;52;244.01854143
6049531;1;3;1;90;2;;1;7;2;;1;7;2;;2;;2;;2;;2;;2;;52;12;52;244.01854143
6049531;1;4;1;90;2;;1;2;2;;2;;2;;2;;2;;2;;2;;2;;52;12;52;244.01854143
6049532;1;1;1;90;2;;1;21;2;;2;;2;;2;;2;;2;;2;;2;;52;12;52;129.75692727
6049532;1;2;1;90;2;;1;21;2;;2;;2;;2;;2;;2;;2;;2;;52;12;52;129.75692727
6049533;1;1;1;90;2;;1;28;2;;2;;2;;2;;2;;2;;2;;2;;54;12;54;456.41976464
6049533;1;2;1;90;2;;2;;2;;2;;2;;2;;2;;2;;2;;2;;54;12;54;456.41976464
6049533;1;3;1;90;2;;1;14;2;;2;;2;;2;;1;12;2;;2;;2;;54;12;54;456.41976464
6049534;1;1;1;90;2;;1;21;2;;2;;2;;2;;2;;2;;2;;2;;54;12;54;494.64668779
6049535;1;1;1;90;2;;1;15;2;;2;;2;;2;;2;;2;;2;;2;;54;12;54;455.85455857
6049535;1;2;1;90;2;;2;;2;;2;;2;;2;;2;;2;;2;;2;;54;12;54;455.85455857
6049535;1;3;1;90;2;;1;15;2;;2;;2;;2;;2;;2;;2;;2;;54;12;54;455.85455857
6049535;1;4;1;90;2;;1;8;2;;2;;2;;2;;2;;2;;2;;2;;54;12;54;455.85455857
6049535;1;5;1;90;2;;2;;2;;2;;2;;2;;2;;2;;2;;2;;54;12;54;455.85455857
6049536;1;1;1;90;2;;1;30;2;;1;30;2;;2;;2;;2;;2;;2;;54;12;54;571.16338533
6049536;1;2;1;90;2;;2;;2;;2;;2;;2;;2;;2;;2;;2;;54;12;54;571.16338533
6049536;1;3;1;90;2;;2;;2;;2;;2;;2;;2;;2;;2;;2;;54;12;54;571.16338533
6049536;1;4;1;90;2;;1;28;2;;2;;2;;2;;2;;2;;2;;2;;54;12;54;571.16338533
6049537;1;1;1;90;2;;1;21;2;;2;;2;;2;;2;;2;;2;;2;;54;12;54;442.40096899
6049537;1;2;1;90;2;;2;;2;;2;;2;;2;;2;;2;;2;;2;;54;12;54;442.40096899
6049538;1;1;1;90;2;;1;40;2;;2;;2;;2;;2;;2;;2;;2;;54;12;54;311.13554528
6049538;1;2;1;90;2;;1;15;2;;2;;2;;2;;2;;2;;2;;2;;54;12;54;311.13554528
6049538;1;3;1;90;2;;2;;2;;2;;2;;2;;2;;2;;2;;2;;54;12;54;311.13554528
6049539;1;1;1;90;2;;2;;2;;2;;2;;2;;2;;2;;2;;2;;54;12;54;466.67993113
6049539;1;2;1;90;2;;1;42;2;;1;20;2;;2;;2;;2;;2;;2;;54;12;54;466.67993113
6049540;1;1;1;90;2;;1;35;2;;2;;2;;2;;2;;2;;2;;2;;54;12;54;364.84350856
6049540;1;2;1;90;2;;1;14;2;;2;;2;;2;;2;;2;;2;;2;;54;12;54;364.84350856
6049540;1;3;1;90;2;;2;;2;;2;;2;;2;;2;;2;;2;;2;;54;12;54;364.84350856
6049541;1;1;1;90;2;;1;38;2;;2;;2;;2;;2;;2;;2;;2;;54;12;54;401.49573848
6049541;1;2;1;90;2;;1;14;2;;2;;2;;2;;2;;2;;2;;2;;54;12;54;401.49573848
6049541;1;3;1;90;2;;2;;2;;2;;2;;2;;2;;2;;2;;2;;54;12;54;401.49573848
6049541;1;4;1;90;2;;1;14;2;;1;14;2;;2;;2;;2;;2;;2;;54;12;54;401.49573848
6049543;1;1;1;90;2;;1;28;2;;2;;2;;2;;2;;2;;2;;2;;54;12;54;377.21677634
6049543;1;2;1;90;2;;1;35;2;;2;;2;;2;;2;;2;;2;;2;;54;12;54;377.21677634
6049543;1;3;1;90;2;;1;2;2;;2;;2;;2;;2;;2;;2;;2;;54;12;54;377.21677634
6049543;1;4;1;90;2;;2;;2;;2;;2;;2;;2;;2;;2;;2;;54;12;54;377.21677634
6049544;1;1;1;90;2;;1;12;2;;2;;2;;2;;2;;2;;2;;2;;54;12;54;388.69300572
6049544;1;2;1;90;2;;1;2;2;;2;;2;;2;;2;;2;;2;;2;;54;12;54;388.69300572
6049545;1;1;1;90;2;;1;22;2;;2;;2;;2;;2;;2;;2;;2;;54;12;54;439.36403128
6049545;1;2;1;90;2;;2;;2;;2;;2;;2;;2;;2;;2;;2;;54;12;54;439.36403128
6049545;1;3;1;90;2;;1;28;2;;2;;2;;2;;2;;2;;2;;2;;54;12;54;439.36403128
6049545;1;4;1;90;2;;1;14;2;;2;;2;;2;;2;;2;;2;;2;;54;12;54;439.36403128
6049546;1;1;1;90;2;;2;;2;;2;;2;;2;;2;;2;;2;;2;;54;12;54;394.70867247
6049546;1;2;1;90;2;;1;15;2;;1;15;2;;2;;2;;2;;2;;2;;54;12;54;394.70867247
6049546;1;4;1;90;2;;1;40;2;;1;12;2;;2;;2;;2;;2;;2;;54;12;54;394.70867247
6049546;1;5;1;90;2;;2;;2;;2;;2;;2;;2;;2;;2;;2;;54;12;54;394.70867247
6049546;1;6;1;90;2;;2;;2;;2;;2;;2;;2;;2;;2;;2;;54;12;54;394.70867247
6049547;1;1;1;90;2;;1;1;2;;2;;2;;2;;2;;2;;2;;2;;54;12;54;581.53378051
6049547;1;2;1;90;2;;1;2;2;;2;;2;;2;;2;;2;;2;;2;;54;12;54;581.53378051
6049549;1;1;1;90;2;;2;;2;;2;;2;;2;;2;;2;;2;;2;;54;12;54;648.72084576
6049549;1;2;1;90;2;;1;45;2;;1;28;2;;2;;2;;2;;2;;2;;54;12;54;648.72084576
6049549;1;3;1;90;2;;2;;2;;2;;2;;2;;2;;2;;2;;2;;54;12;54;648.72084576
6049551;1;1;1;90;2;;2;;2;;2;;2;;2;;2;;2;;2;;2;;54;12;54;470.25749696
6049551;1;2;1;90;2;;1;38;2;;1;20;2;;2;;2;;2;;2;;2;;54;12;54;470.25749696
6049552;1;1;1;90;2;;2;;2;;2;;2;;2;;2;;2;;2;;2;;54;12;54;468.79303242
6049552;1;2;1;90;2;;1;40;2;;2;;2;;2;;2;;2;;2;;2;;54;12;54;468.79303242
6049552;1;3;1;90;2;;2;;2;;2;;2;;2;;2;;2;;2;;2;;54;12;54;468.79303242
6049552;1;4;1;90;2;;1;14;2;;2;;2;;2;;2;;2;;2;;2;;54;12;54;468.79303242
6049553;1;1;1;90;2;;2;;2;;2;;2;;2;;2;;2;;2;;2;;54;12;54;508.47643671
6049553;1;2;1;90;2;;1;10;2;;1;21;2;;2;;2;;2;;2;;2;;54;12;54;508.47643671
6049553;1;5;1;90;2;;1;28;2;;1;21;1;14;2;;2;;2;;2;;2;;54;12;54;508.47643671
6049553;1;6;1;90;2;;2;;2;;2;;2;;2;;2;;2;;2;;2;;54;12;54;508.47643671
6049554;1;1;1;90;2;;1;14;2;;2;;2;;2;;2;;2;;2;;2;;54;12;54;480.37664727
6049554;1;2;1;90;2;;1;24;2;;2;;2;;2;;2;;2;;2;;2;;54;12;54;480.37664727
6049554;1;3;1;90;2;;1;14;2;;2;;2;;2;;2;;2;;2;;2;;54;12;54;480.37664727
6049555;1;1;1;90;2;;2;;2;;2;;2;;2;;2;;2;;2;;2;;54;12;54;563.05287096
6049555;1;2;1;90;2;;1;40;2;;1;18;2;;2;;2;;2;;2;;2;;54;12;54;563.05287096
6049555;1;3;1;90;2;;2;;2;;2;;2;;2;;2;;2;;2;;2;;54;12;54;563.05287096
6049555;1;4;1;90;2;;2;;2;;2;;2;;2;;2;;2;;2;;2;;54;12;54;563.05287096
6049555;1;6;1;90;2;;2;;2;;2;;2;;2;;2;;2;;2;;2;;54;12;54;563.05287096
6049556;1;1;1;90;2;;2;;2;;2;;2;;2;;2;;2;;2;;2;;54;12;54;522.5009957
6049556;1;2;1;90;2;;1;35;2;;2;;2;;2;;2;;2;;2;;2;;54;12;54;522.5009957
6049556;1;3;1;90;2;;1;3;2;;2;;2;;2;;2;;2;;2;;2;;54;12;54;522.5009957
6049556;1;4;1;90;2;;2;;2;;2;;2;;2;;2;;2;;2;;2;;54;12;54;522.5009957
6049557;1;1;1;90;2;;2;;2;;2;;2;;2;;2;;2;;2;;2;;54;12;54;444.40384159
6049557;1;2;1;90;2;;1;38;2;;2;;2;;2;;2;;2;;2;;2;;54;12;54;444.40384159
6049557;1;3;1;90;2;;1;24;2;;2;;2;;2;;2;;2;;2;;2;;54;12;54;444.40384159
6049557;1;4;1;90;2;;2;;2;;2;;2;;2;;2;;2;;2;;2;;54;12;54;444.40384159
6049557;1;5;1;90;2;;1;14;2;;1;14;2;;2;;2;;2;;2;;2;;54;12;54;444.40384159
6049558;1;1;1;90;2;;1;28;2;;1;21;2;;2;;2;;2;;2;;2;;54;12;54;520.17028025
6049558;1;2;1;90;2;;1;14;2;;2;;2;;2;;2;;2;;2;;2;;54;12;54;520.17028025
6049559;1;1;1;90;2;;2;;2;;2;;2;;2;;2;;2;;2;;2;;54;12;54;507.77150007
6049559;1;2;1;90;2;;1;38;2;;2;;2;;2;;2;;2;;2;;2;;54;12;54;507.77150007
6049559;1;3;1;90;2;;2;;2;;2;;2;;2;;2;;2;;2;;2;;54;12;54;507.77150007
6049561;1;1;1;90;2;;1;35;2;;1;21;2;;2;;2;;2;;2;;2;;54;12;54;503.65424057
6049561;1;2;1;90;2;;2;;2;;2;;2;;2;;2;;2;;2;;2;;54;12;54;503.65424057
6049561;1;3;1;90;2;;2;;2;;2;;2;;2;;2;;2;;2;;2;;54;12;54;503.65424057
6049562;1;1;1;90;2;;1;20;2;;2;;2;;2;;2;;2;;2;;2;;54;12;54;494.64668779
6049563;1;1;1;90;2;;1;28;2;;2;;2;;2;;2;;2;;2;;2;;54;12;54;238.9779482
6049563;1;2;1;90;2;;1;2;2;;2;;2;;2;;2;;2;;2;;2;;54;12;54;238.9779482
6049563;1;3;1;90;2;;1;2;2;;2;;2;;2;;2;;2;;2;;2;;54;12;54;238.9779482
6049566;1;1;1;90;2;;2;;2;;2;;2;;2;;2;;2;;2;;2;;54;12;54;507.77150007
6049566;1;2;1;90;2;;1;35;2;;2;;2;;2;;2;;2;;2;;2;;54;12;54;507.77150007
6049566;1;3;1;90;2;;1;10;2;;2;;2;;2;;2;;2;;2;;2;;54;12;54;507.77150007
6049567;1;1;1;90;2;;1;38;2;;2;;2;;2;;2;;2;;2;;2;;54;12;54;386.58711967
6049567;1;2;1;90;2;;2;;2;;2;;2;;2;;2;;2;;2;;2;;54;12;54;386.58711967
6049567;1;3;1;90;2;;1;20;2;;1;10;2;;2;;2;;2;;2;;2;;54;12;54;386.58711967
6049567;1;4;1;90;2;;1;6;2;;2;;2;;2;;2;;2;;2;;2;;54;12;54;386.58711967
6049567;1;5;1;90;2;;1;4;2;;2;;2;;2;;2;;2;;2;;2;;54;12;54;386.58711967
6049567;1;6;1;90;2;;1;15;2;;1;20;2;;2;;2;;2;;2;;2;;54;12;54;386.58711967
6049568;1;1;1;90;2;;1;49;2;;2;;2;;2;;2;;2;;2;;2;;54;12;54;226.93859918
6049568;1;2;1;90;2;;1;28;2;;2;;2;;2;;2;;2;;2;;2;;54;12;54;226.93859918
6049568;1;3;1;90;2;;2;;2;;2;;2;;2;;2;;2;;2;;2;;54;12;54;226.93859918
6049568;1;4;1;90;2;;2;;2;;2;;2;;2;;2;;2;;2;;2;;54;12;54;226.93859918
6049568;2;1;2;90;2;;2;;2;;2;;2;;2;;2;;2;;2;;2;;54;12;54;226.93859918
6049568;2;2;2;90;2;;1;35;2;;2;;2;;2;;2;;2;;2;;2;;54;12;54;226.93859918
6049568;2;3;2;90;2;;2;;2;;2;;2;;2;;2;;2;;2;;2;;54;12;54;226.93859918
6049569;1;1;1;90;2;;2;;2;;2;;2;;2;;2;;2;;2;;2;;54;12;54;314.93072528
6049569;1;2;1;90;2;;1;35;2;;2;;2;;2;;2;;2;;2;;2;;54;12;54;314.93072528
6049569;1;3;1;90;2;;1;35;2;;2;;2;;2;;2;;2;;2;;2;;54;12;54;314.93072528
6049571;1;1;1;90;2;;1;14;2;;2;;2;;2;;2;;2;;2;;2;;54;12;54;226.93859918
6049571;1;2;1;90;2;;1;7;2;;2;;2;;2;;2;;2;;2;;2;;54;12;54;226.93859918
6049571;1;3;1;90;2;;1;28;2;;2;;2;;2;;2;;2;;2;;2;;54;12;54;226.93859918
6049572;1;1;1;90;2;;2;;2;;2;;2;;2;;2;;2;;2;;2;;54;12;54;558.25618721
6049572;1;2;1;90;2;;1;14;1;14;1;21;2;;2;;2;;2;;2;;2;;54;12;54;558.25618721
6049573;1;1;1;90;2;;1;28;2;;2;;2;;2;;2;;2;;2;;2;;54;12;54;249.5601942
6049573;1;2;1;90;2;;1;14;2;;2;;2;;2;;2;;2;;2;;2;;54;12;54;249.5601942
6049574;1;1;1;90;2;;1;28;2;;2;;2;;2;;2;;2;;2;;2;;54;12;54;274.16123585
6049574;1;2;1;90;2;;1;10;2;;2;;2;;2;;2;;2;;2;;2;;54;12;54;274.16123585
6049576;1;1;1;90;2;;1;14;2;;2;;2;;2;;2;;2;;2;;2;;54;12;54;533.97722508
6049576;1;2;1;90;2;;1;14;2;;2;;2;;2;;2;;2;;2;;2;;54;12;54;533.97722508
6049577;1;1;1;90;2;;1;10;2;;2;;2;;2;;2;;2;;2;;2;;54;12;54;417.08922736
6049577;1;2;1;90;2;;1;10;2;;2;;2;;2;;2;;2;;2;;2;;54;12;54;417.08922736
6049578;1;1;1;90;2;;1;24;2;;1;14;2;;2;;2;;2;;2;;2;;54;12;54;402.38972185
6049578;1;2;1;90;2;;2;;2;;2;;2;;2;;2;;2;;2;;2;;54;12;54;402.38972185
6049578;1;3;1;90;2;;2;;2;;2;;2;;2;;2;;2;;2;;2;;54;12;54;402.38972185
6049581;1;1;1;90;2;;1;30;2;;2;;2;;2;;2;;2;;2;;2;;54;12;54;417.08922736
6049581;1;2;1;90;2;;1;14;2;;2;;2;;2;;2;;2;;2;;2;;54;12;54;417.08922736
6049582;1;1;1;90;2;;1;18;2;;2;;2;;2;;2;;2;;2;;2;;54;12;54;298.7622775
6049582;1;2;1;90;2;;1;18;2;;2;;2;;2;;2;;2;;2;;2;;54;12;54;298.7622775
6049583;1;1;1;90;2;;1;4;2;;2;;2;;2;;2;;2;;2;;2;;54;12;54;351.71869628
6049584;1;1;1;90;2;;1;21;2;;1;28;2;;2;;2;;2;;2;;2;;54;12;54;548.13703691
6049585;1;1;1;90;2;;1;10;2;;2;;2;;2;;2;;2;;2;;2;;54;12;54;376.31973793
6049586;1;1;1;90;2;;2;;2;;2;;2;;2;;2;;2;;2;;2;;54;12;54;533.08324171
6049586;1;2;1;90;2;;1;38;2;;2;;2;;2;;2;;2;;2;;2;;54;12;54;533.08324171
6049586;1;3;1;90;2;;2;;2;;2;;2;;2;;2;;2;;2;;2;;54;12;54;533.08324171
6049587;1;1;1;90;2;;2;;2;;2;;2;;2;;2;;2;;2;;2;;54;12;54;226.93859918
6049587;1;2;1;90;2;;1;38;2;;2;;1;24;2;;2;;2;;2;;2;;54;12;54;226.93859918
6049587;1;3;1;90;2;;2;;2;;2;;2;;2;;2;;2;;2;;2;;54;12;54;226.93859918
6049587;1;4;1;90;2;;1;14;2;;2;;2;;2;;2;;2;;2;;2;;54;12;54;226.93859918
6049587;1;6;1;90;2;;1;14;2;;2;;2;;2;;2;;2;;2;;2;;54;12;54;226.93859918
6049587;1;8;1;90;2;;2;;2;;2;;2;;2;;2;;2;;2;;2;;54;12;54;226.93859918
6049587;1;9;1;90;2;;1;38;2;;2;;2;;2;;2;;2;;2;;2;;54;12;54;226.93859918
6049588;1;1;1;90;2;;1;12;2;;2;;2;;2;;2;;2;;2;;2;;54;12;54;544.55947108
6049590;1;1;1;90;2;;1;2;2;;2;;2;;2;;2;;2;;2;;2;;54;12;54;635.24174379
6049590;1;2;1;90;2;;1;2;2;;2;;2;;2;;2;;2;;2;;2;;54;12;54;635.24174379
6049591;1;1;1;90;2;;2;;2;;2;;2;;2;;2;;1;24;2;;2;;54;12;54;417.08922736
6049591;1;2;1;90;2;;1;14;2;;2;;2;;2;;2;;2;;2;;2;;54;12;54;417.08922736
6049592;1;1;1;90;2;;2;;2;;2;;2;;2;;2;;2;;2;;2;;54;12;54;549.38166722
6049592;1;2;1;90;2;;1;25;2;;1;18;2;;2;;2;;2;;2;;2;;54;12;54;549.38166722
6049593;1;1;1;90;2;;2;;2;;2;;2;;2;;2;;2;;2;;2;;54;12;54;483.17045842
6049593;1;2;1;90;2;;1;42;2;;2;;2;;2;;2;;2;;2;;2;;54;12;54;483.17045842
6049593;1;3;1;90;2;;1;3;2;;2;;2;;2;;2;;2;;2;;2;;54;12;54;483.17045842
6049594;1;1;1;90;2;;1;14;2;;2;;2;;2;;2;;2;;2;;2;;54;12;54;494.64668779
6049596;1;1;1;90;2;;2;;2;;2;;2;;2;;2;;2;;2;;2;;54;12;54;494.64668779
6049598;1;1;1;90;2;;2;;2;;2;;2;;2;;2;;2;;2;;2;;54;12;54;495.89131811
6049598;1;2;1;90;2;;1;35;2;;1;21;2;;2;;2;;2;;2;;2;;54;12;54;495.89131811
6049599;1;1;1;90;2;;1;40;2;;2;;2;;2;;2;;2;;2;;2;;54;12;54;368.2800582
6049599;1;2;1;90;2;;2;;2;;2;;2;;2;;2;;2;;2;;2;;54;12;54;368.2800582
6049599;1;3;1;90;2;;1;10;2;;2;;2;;2;;2;;2;;2;;2;;54;12;54;368.2800582
6049599;1;4;1;90;2;;1;15;2;;2;;2;;2;;2;;2;;2;;2;;54;12;54;368.2800582
6049599;1;5;1;90;2;;2;;2;;2;;2;;2;;2;;2;;2;;2;;54;12;54;368.2800582
6049600;1;1;1;90;2;;1;49;2;;1;10;2;;2;;2;;2;;2;;2;;54;12;54;584.37007068
6049600;1;2;1;90;2;;2;;2;;2;;2;;2;;2;;2;;2;;2;;54;12;54;584.37007068
6049600;1;3;1;90;2;;2;;2;;2;;2;;2;;2;;2;;2;;2;;54;12;54;584.37007068
6049600;1;4;1;90;2;;1;30;2;;2;;2;;2;;2;;2;;2;;2;;54;12;54;584.37007068
6049600;1;7;1;90;2;;1;35;2;;2;;2;;2;;2;;2;;2;;2;;54;12;54;584.37007068
6049600;1;8;1;90;2;;2;;2;;2;;2;;2;;2;;2;;2;;2;;54;12;54;584.37007068
6049600;1;9;1;90;2;;2;;2;;2;;2;;2;;2;;2;;2;;2;;54;12;54;584.37007068
6049600;1;10;1;90;2;;2;;2;;2;;2;;2;;2;;2;;2;;2;;54;12;54;584.37007068
6049600;1;11;1;90;2;;2;;2;;2;;2;;2;;2;;1;14;2;;2;;54;12;54;584.37007068
6049601;1;1;1;90;2;;2;;2;;2;;2;;2;;2;;2;;2;;2;;54;12;54;442.40096899
6049601;1;2;1;90;2;;1;38;2;;2;;2;;2;;2;;2;;2;;2;;54;12;54;442.40096899
6049602;1;1;1;90;2;;1;31;2;;2;;2;;2;;2;;2;;2;;2;;54;12;54;594.65859279
6049602;1;2;1;90;2;;1;2;2;;2;;2;;2;;2;;2;;2;;2;;54;12;54;594.65859279
6049602;1;3;1;90;2;;2;;2;;2;;2;;2;;2;;2;;2;;2;;54;12;54;594.65859279
6049602;1;4;1;90;2;;1;2;2;;2;;2;;2;;2;;2;;2;;2;;54;12;54;594.65859279
6049603;1;1;1;90;2;;2;;2;;2;;2;;2;;2;;2;;2;;2;;54;12;54;576.88532819
6049603;1;2;1;90;2;;1;20;2;;1;10;2;;2;;2;;2;;2;;2;;54;12;54;576.88532819
6049603;1;3;1;90;2;;1;15;2;;2;;2;;2;;2;;2;;2;;2;;54;12;54;576.88532819
6049604;1;1;1;90;2;;1;35;2;;1;18;2;;2;;2;;2;;2;;2;;54;12;54;474.22523943
6049604;1;2;1;90;2;;1;7;2;;2;;2;;2;;2;;2;;2;;2;;54;12;54;474.22523943
6049604;1;3;1;90;2;;1;7;2;;2;;2;;2;;2;;2;;2;;2;;54;12;54;474.22523943
6049605;1;1;1;90;2;;1;38;2;;2;;2;;2;;2;;2;;2;;2;;54;12;54;509.58803425
6049605;1;2;1;90;2;;2;;2;;2;;2;;2;;2;;2;;2;;2;;54;12;54;509.58803425
6049605;1;3;1;90;2;;1;24;2;;1;14;2;;2;;2;;2;;2;;2;;54;12;54;509.58803425
6049607;1;1;1;90;2;;1;40;2;;2;;2;;2;;2;;2;;2;;2;;54;12;54;462.64162458
6049607;1;2;1;90;2;;2;;2;;2;;2;;2;;2;;2;;2;;2;;54;12;54;462.64162458
6049607;1;3;1;90;2;;1;8;2;;2;;2;;2;;2;;2;;2;;2;;54;12;54;462.64162458
6049607;1;4;1;90;2;;1;5;2;;2;;2;;2;;2;;2;;2;;2;;54;12;54;462.64162458
6049609;1;1;1;90;2;;2;;2;;2;;2;;2;;2;;2;;2;;2;;54;12;54;532.62236607
6049609;1;2;1;90;2;;1;15;2;;1;31;2;;2;;2;;2;;2;;2;;54;12;54;532.62236607
6049610;1;1;1;90;2;;1;38;2;;1;24;2;;2;;2;;2;;2;;2;;54;12;54;439.36403128
6049610;1;2;1;90;2;;2;;2;;2;;2;;2;;2;;2;;2;;2;;54;12;54;439.36403128
6049610;1;3;1;90;2;;2;;2;;2;;2;;2;;2;;2;;2;;2;;54;12;54;439.36403128
6049610;1;4;1;90;2;;2;;2;;2;;2;;2;;2;;2;;2;;2;;54;12;54;439.36403128
6049611;1;1;1;90;2;;1;7;2;;2;;2;;2;;2;;2;;2;;2;;54;12;54;581.53378051
6049611;1;2;1;90;2;;2;;2;;2;;2;;2;;1;2;2;;2;;1;3;54;12;54;581.53378051
6049614;1;1;1;90;2;;2;;2;;2;;2;;2;;2;;2;;2;;2;;54;12;54;351.90503471
6049614;1;2;1;90;2;;1;38;2;;2;;2;;2;;2;;2;;2;;2;;54;12;54;351.90503471
6049614;1;3;1;90;2;;2;;2;;2;;2;;2;;2;;2;;2;;2;;54;12;54;351.90503471
6049614;1;4;1;90;2;;2;;2;;2;;2;;2;;2;;2;;2;;2;;54;12;54;351.90503471
6049615;1;1;1;90;2;;1;18;2;;2;;2;;2;;2;;2;;2;;2;;54;12;54;480.2692618
6049615;1;2;1;90;2;;1;10;2;;2;;2;;2;;2;;2;;2;;2;;54;12;54;480.2692618
6049616;1;1;1;90;2;;2;;2;;2;;2;;2;;2;;2;;2;;2;;54;12;54;640.9579233
6049616;1;2;1;90;2;;1;38;2;;1;24;2;;2;;2;;2;;2;;2;;54;12;54;640.9579233
6049617;1;1;1;90;2;;2;;2;;2;;2;;2;;2;;2;;2;;2;;54;12;54;303.05054331
6049617;1;2;1;90;2;;1;45;2;;1;14;1;14;2;;2;;2;;2;;2;;54;12;54;303.05054331
6049618;1;1;1;90;2;;1;1;2;;2;;2;;2;;2;;2;;2;;2;;54;12;54;456.41976464
6049618;1;2;1;90;2;;1;35;2;;2;;2;;2;;2;;2;;2;;2;;54;12;54;456.41976464
6049618;1;3;1;90;2;;1;15;2;;2;;2;;2;;2;;2;;2;;2;;54;12;54;456.41976464
6049619;1;1;1;90;2;;2;;2;;2;;2;;2;;2;;2;;2;;2;;54;12;54;445.51543913
6049619;1;2;1;90;2;;1;40;2;;1;18;2;;2;;2;;2;;2;;2;;54;12;54;445.51543913
6049619;1;3;1;90;2;;2;;2;;1;8;2;;2;;2;;2;;2;;2;;54;12;54;445.51543913
6049619;1;5;1;90;2;;2;;2;;2;;2;;2;;2;;2;;2;;2;;54;12;54;445.51543913
6049620;1;1;1;90;2;;1;1;2;;2;;2;;2;;2;;2;;2;;2;;54;12;54;421.01886282
6049620;1;2;1;90;2;;2;;2;;2;;2;;2;;2;;2;;2;;2;;54;12;54;421.01886282
6049620;1;3;1;90;2;;2;;2;;2;;2;;2;;2;;2;;2;;2;;54;12;54;421.01886282
6049620;1;4;1;90;2;;1;2;2;;2;;2;;2;;2;;2;;2;;2;;54;12;54;421.01886282
6049621;1;1;1;90;2;;1;45;2;;1;28;2;;2;;2;;2;;2;;2;;54;12;54;569.83993697
6049621;1;2;1;90;2;;2;;2;;2;;2;;2;;2;;2;;2;;2;;54;12;54;569.83993697
6049621;1;3;1;90;2;;1;14;2;;2;;2;;2;;2;;2;;2;;2;;54;12;54;569.83993697
6049621;1;4;1;90;2;;2;;2;;2;;2;;2;;2;;2;;2;;2;;54;12;54;569.83993697
6049622;1;1;1;90;2;;2;;2;;2;;2;;2;;2;;2;;2;;2;;54;12;54;605.0925031
6049622;1;2;1;90;2;;1;38;2;;1;10;2;;2;;2;;2;;2;;2;;54;12;54;605.0925031
6049622;1;3;1;90;2;;1;12;2;;1;4;2;;2;;2;;2;;2;;2;;54;12;54;605.0925031
6049622;1;5;1;90;2;;2;;2;;2;;2;;2;;2;;2;;2;;2;;54;12;54;605.0925031
6049622;1;6;1;90;2;;1;35;2;;1;20;2;;2;;2;;2;;2;;2;;54;12;54;605.0925031
6049623;1;1;1;90;2;;1;31;2;;1;15;2;;2;;2;;2;;2;;2;;54;12;54;678.03961821
6049623;1;2;1;90;2;;2;;2;;1;2;2;;2;;2;;2;;2;;2;;54;12;54;678.03961821
6049623;1;5;1;90;2;;1;16;2;;1;29;2;;2;;2;;2;;2;;2;;54;12;54;678.03961821
6049623;1;6;1;90;2;;1;1;2;;1;2;2;;2;;2;;2;;2;;2;;54;12;54;678.03961821
6049624;1;1;1;90;2;;1;36;2;;2;;2;;2;;2;;2;;2;;2;;54;12;54;439.36403128
6049624;1;2;1;90;2;;2;;2;;2;;2;;2;;2;;2;;2;;2;;54;12;54;439.36403128
6049624;2;1;2;90;2;;2;;2;;1;21;2;;2;;2;;2;;2;;2;;54;12;54;439.36403128
6049624;2;2;2;90;2;;1;21;2;;1;70;2;;2;;2;;2;;2;;2;;54;12;54;439.36403128
6049625;1;1;1;90;2;;2;;2;;2;;2;;2;;2;;2;;2;;2;;54;12;54;442.40096899
6049625;1;2;1;90;2;;1;38;2;;2;;2;;2;;2;;2;;2;;2;;54;12;54;442.40096899
6049626;1;1;1;90;2;;2;;2;;2;;2;;2;;2;;2;;2;;2;;54;12;54;485.30907211
6049626;1;2;1;90;2;;1;15;2;;1;1;2;;2;;2;;2;;2;;2;;54;12;54;485.30907211
6049626;1;3;1;90;2;;1;2;2;;2;;2;;2;;2;;2;;2;;2;;54;12;54;485.30907211
6049627;1;1;1;90;2;;2;;2;;2;;2;;2;;2;;2;;2;;2;;54;12;54;392.70003653
6049627;1;2;1;90;2;;1;40;2;;2;;2;;2;;2;;2;;2;;2;;54;12;54;392.70003653
6049627;1;3;1;90;2;;1;21;2;;2;;2;;2;;2;;2;;2;;2;;54;12;54;392.70003653
6049628;1;1;1;90;2;;1;25;2;;1;12;2;;2;;2;;2;;2;;2;;54;12;54;394.62679939
6049628;1;2;1;90;2;;1;6;2;;2;;2;;2;;2;;2;;2;;2;;54;12;54;394.62679939
6049629;1;1;1;90;2;;1;42;2;;1;28;2;;2;;2;;2;;2;;2;;54;12;54;442.61281982
6049629;1;2;1;90;2;;2;;2;;2;;2;;2;;2;;2;;2;;2;;54;12;54;442.61281982
6049629;1;3;1;90;2;;1;20;2;;1;28;2;;2;;2;;2;;2;;2;;54;12;54;442.61281982
6049631;1;1;1;90;2;;1;15;2;;2;;2;;2;;2;;2;;2;;2;;54;12;54;388.69300572
6049631;1;2;1;90;2;;2;;2;;2;;2;;2;;2;;2;;2;;2;;54;12;54;388.69300572
6049632;1;1;1;90;2;;1;15;2;;1;12;1;38;2;;2;;2;;2;;2;;54;12;54;335.41450742
6049632;1;2;1;90;2;;1;2;2;;2;;2;;2;;2;;2;;2;;2;;54;12;54;335.41450742
6049632;1;4;1;90;2;;2;;2;;2;;2;;2;;2;;2;;2;;2;;54;12;54;335.41450742
6049634;1;1;1;90;2;;1;36;2;;2;;2;;2;;2;;2;;2;;2;;54;12;54;612.96565425
6049634;1;2;1;90;2;;2;;2;;2;;2;;2;;2;;1;20;2;;2;;54;12;54;612.96565425
6049634;1;3;1;90;2;;2;;2;;2;;2;;2;;2;;2;;2;;2;;54;12;54;612.96565425
6049634;1;4;1;90;2;;1;36;2;;1;45;2;;2;;2;;2;;2;;2;;54;12;54;612.96565425
6049634;1;6;1;90;2;;2;;2;;2;;2;;2;;2;;2;;2;;2;;54;12;54;612.96565425
6049635;1;1;1;90;2;;1;6;2;;2;;2;;2;;2;;2;;2;;2;;54;12;54;412.97196785
6049635;1;2;1;90;2;;1;2;2;;2;;2;;2;;2;;2;;2;;2;;54;12;54;412.97196785
6049636;1;1;1;90;2;;1;14;2;;1;21;2;;2;;2;;2;;2;;2;;54;12;54;466.67993113
6049636;1;2;1;90;2;;2;;2;;2;;2;;2;;2;;2;;2;;2;;54;12;54;466.67993113
6049737;1;1;1;90;2;;1;10;2;;2;;2;;2;;2;;2;;2;;2;;66;12;66;395.79529381
6049738;1;1;1;90;2;;1;14;2;;2;;2;;2;;2;;2;;2;;2;;66;12;66;438.35528992
6049739;1;1;1;90;2;;1;28;2;;2;;2;;2;;2;;2;;2;;2;;66;12;66;348.4157793
6049740;1;1;1;90;2;;1;12;2;;2;;2;;2;;2;;2;;2;;2;;66;12;66;436.19194982
6049742;1;1;1;90;2;;2;;2;;2;;2;;2;;2;;2;;2;;2;;66;12;66;325.92803969
6049742;1;2;1;90;2;;1;28;2;;2;;2;;2;;2;;2;;2;;2;;66;12;66;325.92803969
6049742;1;3;1;90;2;;2;;2;;2;;2;;2;;2;;2;;2;;2;;66;12;66;325.92803969
6049744;1;1;1;90;2;;1;15;2;;2;;2;;2;;2;;2;;2;;2;;66;12;66;416.51281005
6049744;1;2;1;90;2;;1;15;2;;2;;2;;2;;2;;2;;2;;2;;66;12;66;416.51281005
6049745;1;1;1;90;2;;1;41;2;;2;;2;;2;;2;;2;;2;;2;;66;12;66;305.21052346
6049745;1;2;1;90;2;;1;2;2;;2;;2;;2;;2;;2;;2;;2;;66;12;66;305.21052346
6049746;1;1;1;90;2;;1;15;2;;2;;2;;2;;2;;2;;2;;2;;66;12;66;436.19194982
6049747;1;1;1;90;2;;1;10;2;;2;;1;10;2;;2;;2;;2;;1;15;66;12;66;279.19378492
6049747;1;2;1;90;2;;1;15;2;;2;;2;;2;;2;;2;;2;;2;;66;12;66;279.19378492
6049748;1;1;1;90;2;;1;5;2;;2;;2;;2;;2;;2;;2;;2;;66;12;66;450.43657672
6049748;1;2;1;90;2;;1;15;2;;2;;2;;2;;2;;2;;2;;2;;66;12;66;450.43657672
6049748;1;3;1;90;2;;1;15;2;;2;;2;;2;;2;;2;;2;;2;;66;12;66;450.43657672
6049748;1;4;1;90;2;;1;10;2;;2;;2;;2;;2;;2;;2;;2;;66;12;66;450.43657672
6049749;1;1;1;90;2;;1;15;2;;2;;2;;2;;2;;2;;2;;2;;66;12;66;411.16488437
6049749;1;2;1;90;2;;1;14;2;;2;;2;;2;;2;;2;;2;;2;;66;12;66;411.16488437
6049750;1;1;1;90;2;;1;28;2;;2;;2;;2;;2;;2;;2;;2;;66;12;66;348.4157793
6049752;1;1;1;90;2;;1;10;2;;2;;2;;2;;2;;2;;2;;2;;66;12;66;366.96995543
6049752;1;2;1;90;2;;2;;2;;2;;2;;2;;2;;2;;2;;2;;66;12;66;366.96995543
6049753;1;1;1;90;2;;2;;2;;1;13;2;;2;;2;;2;;2;;2;;66;12;66;501.25997186
6049753;1;2;1;90;2;;1;16;2;;1;20;2;;2;;2;;2;;2;;2;;66;12;66;501.25997186
6049753;1;3;1;90;2;;1;5;2;;2;;2;;2;;2;;2;;2;;2;;66;12;66;501.25997186
6049754;1;1;1;90;2;;1;30;2;;2;;2;;2;;2;;2;;2;;2;;66;12;66;341.94288998
6049754;1;2;1;90;2;;1;24;2;;2;;2;;2;;2;;2;;2;;2;;66;12;66;341.94288998
6049754;1;3;1;90;2;;1;10;2;;2;;2;;2;;2;;2;;2;;2;;66;12;66;341.94288998
6049755;1;1;1;90;2;;1;14;2;;2;;2;;2;;2;;2;;2;;2;;66;12;66;348.4157793
6049757;1;1;1;90;2;;1;5;2;;2;;2;;2;;2;;2;;2;;2;;66;12;66;305.21052346
6049757;1;2;1;90;2;;1;40;2;;2;;2;;2;;2;;2;;2;;2;;66;12;66;305.21052346
6049758;1;1;1;90;2;;1;4;2;;2;;2;;2;;2;;2;;2;;2;;66;12;66;475.46364217
6049758;1;2;1;90;2;;1;5;2;;2;;2;;2;;2;;2;;2;;2;;66;12;66;475.46364217
6049758;1;3;1;90;2;;1;10;2;;2;;2;;2;;2;;2;;2;;2;;66;12;66;475.46364217
6049760;1;1;1;90;2;;1;2;2;;2;;2;;2;;2;;2;;2;;2;;66;12;66;396.10025911
6049760;1;2;1;90;2;;1;10;2;;2;;1;5;2;;2;;2;;2;;2;;66;12;66;396.10025911
6049760;1;3;1;90;2;;1;10;2;;2;;2;;2;;2;;2;;2;;2;;66;12;66;396.10025911
6049760;1;4;1;90;2;;1;20;2;;1;12;2;;2;;2;;2;;2;;2;;66;12;66;396.10025911
6049760;1;6;1;90;2;;1;10;2;;1;10;2;;2;;2;;2;;2;;2;;66;12;66;396.10025911
6049760;1;7;1;90;2;;2;;2;;2;;2;;2;;2;;2;;2;;2;;66;12;66;396.10025911
6049760;1;8;1;90;2;;1;5;2;;2;;2;;2;;2;;2;;2;;2;;66;12;66;396.10025911
6049762;1;1;1;90;2;;1;15;2;;2;;2;;2;;2;;2;;2;;2;;66;12;66;348.4157793
6049763;1;1;1;90;2;;1;28;2;;2;;2;;2;;2;;2;;2;;2;;66;12;66;385.52413156
6049763;1;2;1;90;2;;2;;2;;2;;2;;2;;2;;2;;2;;2;;66;12;66;385.52413156
6049763;1;3;1;90;2;;2;;2;;2;;2;;2;;2;;2;;2;;2;;66;12;66;385.52413156
6049764;1;1;1;90;2;;1;20;2;;1;30;2;;2;;2;;2;;2;;2;;66;12;66;515.10727216
6049764;1;2;1;90;2;;1;12;2;;1;14;2;;2;;2;;2;;2;;2;;66;12;66;515.10727216
6049764;1;3;1;90;2;;1;10;2;;1;15;2;;2;;1;6;2;;2;;2;;66;12;66;515.10727216
6049766;1;1;1;90;2;;2;;2;;2;;2;;2;;2;;2;;2;;2;;66;12;66;357.68846626
6049766;1;2;1;90;2;;1;14;2;;2;;2;;2;;2;;2;;2;;2;;66;12;66;357.68846626
6049766;1;3;1;90;2;;2;;2;;2;;2;;2;;2;;2;;2;;2;;66;12;66;357.68846626
6049766;1;4;1;90;2;;2;;2;;2;;2;;2;;2;;2;;2;;2;;66;12;66;357.68846626
6049766;1;5;1;90;2;;2;;2;;2;;2;;2;;2;;2;;2;;2;;66;12;66;357.68846626
6049767;1;1;1;90;2;;1;14;2;;2;;2;;2;;2;;2;;2;;2;;66;12;66;453.72488047
6049767;1;2;1;90;2;;1;15;2;;2;;2;;2;;2;;2;;2;;2;;66;12;66;453.72488047
6049768;1;1;1;90;2;;1;21;2;;2;;2;;2;;2;;2;;2;;2;;66;12;66;387.68747166
6049768;1;2;1;90;2;;2;;2;;2;;2;;2;;2;;2;;2;;2;;66;12;66;387.68747166
6049768;1;3;1;90;2;;2;;2;;2;;2;;2;;2;;2;;2;;2;;66;12;66;387.68747166
6049769;1;1;1;90;2;;1;26;2;;1;72;2;;2;;2;;2;;2;;2;;66;12;66;566.53947329
6049769;1;2;1;90;2;;1;12;2;;1;15;2;;2;;2;;2;;2;;2;;66;12;66;566.53947329
6049771;1;1;1;90;2;;1;40;2;;2;;2;;2;;2;;2;;2;;2;;66;12;66;385.52413156
6049771;1;2;1;90;2;;1;4;2;;2;;2;;2;;2;;2;;2;;2;;66;12;66;385.52413156
6049771;1;3;1;90;2;;1;4;2;;2;;2;;2;;2;;2;;2;;2;;66;12;66;385.52413156
6049772;1;1;1;90;2;;1;21;2;;2;;2;;2;;2;;2;;2;;2;;66;12;66;320.58011401
6049772;1;2;1;90;2;;1;21;2;;2;;2;;2;;2;;2;;2;;2;;66;12;66;320.58011401
6049772;1;3;1;90;2;;1;21;2;;2;;2;;2;;2;;2;;2;;2;;66;12;66;320.58011401
6049773;1;1;1;90;2;;1;5;2;;2;;2;;2;;2;;2;;2;;2;;66;12;66;536.94975203
6049773;1;2;1;90;2;;1;20;2;;1;10;2;;2;;2;;2;;2;;2;;66;12;66;536.94975203
6049775;1;1;1;90;2;;1;10;2;;2;;2;;2;;2;;2;;2;;2;;66;12;66;516.76181983
6049775;1;2;1;90;2;;1;10;2;;2;;2;;2;;2;;2;;2;;2;;66;12;66;516.76181983
6049775;1;3;1;90;2;;1;4;2;;2;;2;;2;;2;;2;;2;;2;;66;12;66;516.76181983
6049775;1;4;1;90;2;;1;10;2;;2;;2;;2;;2;;2;;2;;2;;66;12;66;516.76181983
6049775;1;5;1;90;2;;1;20;2;;2;;2;;2;;2;;2;;2;;2;;66;12;66;516.76181983
6049775;1;6;1;90;2;;1;4;2;;1;2;2;;2;;2;;2;;2;;2;;66;12;66;516.76181983
6049775;1;7;1;90;2;;1;2;2;;2;;2;;2;;2;;2;;2;;2;;66;12;66;516.76181983
6049777;1;1;1;90;2;;2;;2;;2;;2;;2;;2;;2;;2;;2;;66;12;66;472.31130046
6049777;1;2;1;90;2;;1;48;2;;1;20;2;;2;;2;;2;;2;;2;;66;12;66;472.31130046
6049778;1;1;1;90;2;;1;10;2;;2;;2;;2;;2;;2;;2;;2;;66;12;66;423.72587507
6049778;1;2;1;90;2;;1;38;2;;2;;2;;2;;2;;2;;2;;2;;66;12;66;423.72587507
6049778;1;3;1;90;2;;1;24;2;;2;;2;;2;;2;;2;;2;;2;;66;12;66;423.72587507
6049778;1;4;1;90;2;;1;24;2;;2;;2;;2;;2;;2;;2;;2;;66;12;66;423.72587507
6049779;1;1;1;90;2;;1;20;2;;1;10;2;;2;;2;;2;;2;;2;;66;12;66;461.9882795
6049780;1;1;1;90;2;;1;5;2;;2;;2;;2;;2;;2;;2;;2;;66;12;66;305.21052346
6049780;1;2;1;90;2;;1;40;2;;2;;2;;2;;2;;2;;2;;2;;66;12;66;305.21052346
6049781;1;1;1;90;2;;1;32;2;;1;24;2;;2;;2;;2;;2;;2;;66;12;66;567.4852014
6049781;1;2;1;90;2;;1;28;2;;1;34;2;;2;;2;;2;;2;;2;;66;12;66;567.4852014
6049782;1;1;1;90;2;;1;10;2;;2;;2;;2;;2;;2;;2;;2;;66;12;66;374.43251784
6049784;1;1;1;90;2;;1;12;2;;2;;2;;2;;2;;2;;2;;2;;66;12;66;363.78536986
6049784;1;2;1;90;2;;1;38;2;;2;;2;;2;;2;;2;;2;;2;;66;12;66;363.78536986
6049785;1;1;1;90;2;;1;30;2;;2;;2;;2;;2;;2;;2;;2;;66;12;66;348.4157793
6049786;1;1;1;90;2;;1;4;2;;2;;2;;2;;2;;2;;2;;2;;66;12;66;367.95962852
6049786;1;2;1;90;2;;1;10;2;;2;;2;;2;;2;;2;;2;;2;;66;12;66;367.95962852
6049786;1;3;1;90;2;;1;5;2;;2;;2;;2;;2;;2;;2;;2;;66;12;66;367.95962852
6049787;1;1;1;90;2;;2;;2;;2;;2;;2;;2;;2;;2;;2;;66;12;66;323.76469958
6049787;1;2;1;90;2;;1;28;2;;2;;1;60;2;;2;;2;;2;;2;;66;12;66;323.76469958
6049787;1;3;1;90;2;;2;;2;;2;;2;;2;;2;;2;;2;;2;;66;12;66;323.76469958
6049788;1;1;1;90;2;;2;;2;;2;;2;;2;;2;;2;;2;;2;;66;12;66;424.5225018
6049788;1;2;1;90;2;;1;14;2;;2;;2;;2;;2;;2;;2;;2;;66;12;66;424.5225018
6049788;1;3;1;90;2;;2;;2;;2;;2;;2;;2;;2;;2;;2;;66;12;66;424.5225018
6049788;1;6;1;90;2;;1;12;2;;2;;2;;2;;2;;2;;2;;2;;66;12;66;424.5225018
6049789;1;1;1;90;2;;1;25;2;;2;;2;;2;;2;;2;;2;;2;;66;12;66;383.37792245
6049789;1;2;1;90;2;;1;15;2;;2;;2;;2;;2;;2;;2;;2;;66;12;66;383.37792245
6049789;1;3;1;90;2;;2;;2;;2;;2;;2;;2;;2;;2;;2;;66;12;66;383.37792245
6049789;1;4;1;90;2;;2;;2;;2;;2;;2;;2;;2;;2;;2;;66;12;66;383.37792245
6049789;1;5;1;90;2;;1;14;2;;2;;2;;2;;2;;2;;2;;2;;66;12;66;383.37792245
6049790;1;1;1;90;2;;1;13;2;;2;;2;;2;;2;;2;;2;;2;;66;12;66;429.71906049
6049790;1;2;1;90;2;;1;24;2;;2;;2;;2;;2;;2;;2;;2;;66;12;66;429.71906049
6049790;1;3;1;90;2;;1;14;2;;2;;2;;2;;2;;2;;2;;2;;66;12;66;429.71906049
6049791;1;1;1;90;2;;1;14;2;;2;;2;;2;;2;;2;;2;;2;;66;12;66;305.21052346
6049791;1;2;1;90;2;;2;;2;;2;;2;;2;;2;;2;;2;;2;;66;12;66;305.21052346
6049793;1;1;1;90;2;;1;40;2;;2;;2;;2;;2;;2;;2;;2;;66;12;66;326.57329943
6049793;1;2;1;90;2;;1;10;2;;2;;2;;2;;2;;2;;2;;2;;66;12;66;326.57329943
6049794;1;1;1;90;2;;2;;2;;2;;2;;2;;2;;2;;2;;2;;66;12;66;418.78302365
6049794;1;2;1;90;2;;1;40;2;;2;;2;;2;;2;;2;;2;;2;;66;12;66;418.78302365
6049795;1;1;1;90;2;;1;30;2;;1;10;2;;2;;2;;2;;2;;2;;66;12;66;327.71854939
6049795;1;2;1;90;2;;2;;2;;2;;2;;2;;2;;2;;2;;2;;66;12;66;327.71854939
6049795;1;3;1;90;2;;1;15;2;;2;;2;;2;;2;;2;;2;;2;;66;12;66;327.71854939
6049795;1;5;1;90;2;;2;;2;;2;;2;;2;;2;;2;;2;;2;;66;12;66;327.71854939
6049799;1;1;1;90;2;;1;40;2;;2;;2;;2;;2;;2;;2;;2;;66;12;66;363.78536986
6049799;1;2;1;90;2;;1;5;2;;2;;2;;2;;2;;2;;2;;2;;66;12;66;363.78536986
6049802;1;1;1;90;2;;1;30;2;;2;;2;;2;;2;;2;;2;;2;;66;12;66;305.21052346
6049802;1;2;1;90;2;;1;38;2;;2;;2;;2;;2;;2;;2;;2;;66;12;66;305.21052346
6049804;1;1;1;90;2;;1;14;2;;2;;2;;2;;2;;2;;2;;2;;66;12;66;431.8824006
6049804;1;2;1;90;2;;2;;2;;2;;2;;2;;2;;2;;2;;2;;66;12;66;431.8824006
6049804;1;3;1;90;2;;2;;2;;2;;2;;2;;2;;2;;2;;2;;66;12;66;431.8824006
6049805;1;1;1;90;2;;1;21;2;;2;;2;;2;;2;;2;;2;;2;;66;12;66;526.5230129
6049805;1;2;1;90;2;;1;30;2;;2;;2;;2;;2;;2;;2;;2;;66;12;66;526.5230129
6049805;1;4;1;90;2;;1;7;2;;2;;2;;2;;2;;2;;2;;2;;66;12;66;526.5230129
6049806;1;1;1;90;2;;1;15;2;;2;;2;;2;;2;;2;;2;;2;;66;12;66;235.98852907
6049806;1;2;1;90;2;;1;25;2;;2;;1;30;2;;2;;2;;2;;2;;66;12;66;235.98852907
6049806;1;3;1;90;2;;1;12;2;;2;;1;23;2;;2;;2;;2;;2;;66;12;66;235.98852907
6049807;1;1;1;90;2;;1;2;2;;2;;2;;2;;2;;2;;2;;2;;66;12;66;305.21052346
6049807;1;2;1;90;2;;1;40;2;;2;;2;;2;;2;;2;;2;;2;;66;12;66;305.21052346
6049808;1;1;1;90;2;;1;36;2;;1;18;2;;2;;2;;2;;2;;2;;66;12;66;506.87611699
6049808;1;2;1;90;2;;1;5;2;;1;5;2;;2;;2;;2;;2;;2;;66;12;66;506.87611699
6049808;1;3;1;90;2;;1;5;2;;1;2;2;;2;;2;;2;;2;;2;;66;12;66;506.87611699
6049809;1;1;1;90;2;;1;20;2;;2;;2;;2;;2;;2;;2;;2;;66;12;66;366.96995543
6049809;1;2;1;90;2;;2;;2;;2;;2;;2;;2;;2;;2;;2;;66;12;66;366.96995543
6049810;1;1;1;90;2;;1;14;2;;2;;2;;2;;2;;2;;2;;2;;66;12;66;320.58011401
6049810;1;2;1;90;2;;1;14;2;;2;;2;;2;;2;;2;;2;;2;;66;12;66;320.58011401
6049810;1;3;1;90;2;;2;;2;;2;;2;;2;;2;;2;;2;;2;;66;12;66;320.58011401
6049811;1;1;1;90;2;;1;38;2;;2;;2;;2;;2;;2;;2;;2;;66;12;66;389.80210839
6049811;1;2;1;90;2;;1;12;2;;2;;2;;2;;2;;2;;2;;2;;66;12;66;389.80210839
6049812;1;1;1;90;2;;1;22;2;;1;25;2;;2;;2;;2;;2;;2;;66;12;66;432.67902733
6049812;1;2;1;90;2;;1;24;2;;1;60;2;;2;;2;;2;;2;;2;;66;12;66;432.67902733
6049812;1;3;1;90;2;;1;5;2;;1;15;2;;2;;2;;2;;2;;2;;66;12;66;432.67902733
6049813;1;1;1;90;2;;1;14;2;;2;;2;;2;;2;;2;;2;;2;;66;12;66;348.4157793
6049814;1;1;1;90;2;;1;12;2;;2;;2;;2;;2;;2;;2;;2;;66;12;66;453.72488047
6049814;1;2;1;90;2;;2;;2;;2;;2;;2;;2;;2;;2;;2;;66;12;66;453.72488047
6049816;1;1;1;90;2;;1;10;2;;2;;2;;2;;2;;2;;2;;2;;66;12;66;374.43251784
6049817;1;1;1;90;2;;1;13;2;;2;;2;;2;;2;;2;;2;;2;;66;12;66;374.43251784
6049818;1;1;1;90;2;;1;16;2;;2;;2;;2;;2;;2;;2;;2;;66;12;66;374.43251784
6049819;1;1;1;90;2;;1;4;2;;2;;2;;2;;2;;2;;2;;2;;66;12;66;507.96883678
6049819;1;2;1;90;2;;1;10;2;;2;;2;;2;;2;;2;;2;;2;;66;12;66;507.96883678
6049822;1;1;1;90;2;;1;14;2;;2;;2;;2;;2;;2;;2;;2;;66;12;66;469.09447102
6049822;1;2;1;90;2;;2;;2;;2;;2;;2;;2;;2;;2;;2;;66;12;66;469.09447102
6049822;1;3;1;90;2;;2;;2;;2;;2;;2;;2;;2;;2;;2;;66;12;66;469.09447102
6049823;1;1;1;90;2;;2;;2;;1;15;2;;2;;2;;2;;2;;2;;66;12;66;510.02845871
6049823;1;2;1;90;2;;1;26;2;;1;65;2;;2;;2;;2;;2;;2;;66;12;66;510.02845871
6049823;1;4;1;90;2;;2;;2;;2;;2;;2;;2;;2;;2;;2;;66;12;66;510.02845871
6049823;1;5;1;90;2;;2;;2;;2;;2;;2;;2;;2;;2;;2;;66;12;66;510.02845871
6049824;1;1;1;90;2;;2;;2;;2;;2;;2;;2;;2;;2;;2;;66;12;66;436.5792924
6049824;1;2;1;90;2;;1;14;2;;2;;2;;2;;2;;2;;2;;2;;66;12;66;436.5792924
6049824;1;3;1;90;2;;2;;2;;2;;2;;2;;2;;2;;2;;2;;66;12;66;436.5792924
6049825;1;1;1;90;2;;1;21;2;;1;25;2;;2;;2;;2;;2;;2;;66;12;66;461.9882795
6049826;1;1;1;90;2;;1;14;2;;2;;2;;2;;2;;2;;2;;2;;66;12;66;474.4423967
6049826;1;2;1;90;2;;2;;2;;2;;2;;2;;2;;2;;2;;2;;66;12;66;474.4423967
6049826;1;3;1;90;2;;2;;2;;2;;2;;2;;2;;2;;2;;2;;66;12;66;474.4423967
6049827;1;1;1;90;2;;1;12;2;;2;;2;;2;;2;;2;;2;;2;;66;12;66;436.19194982
6049828;1;1;1;90;2;;2;;2;;2;;2;;2;;2;;2;;2;;2;;66;12;66;305.21052346
6049828;1;2;1;90;2;;1;40;2;;2;;2;;2;;2;;2;;2;;2;;66;12;66;305.21052346
6049829;1;1;1;90;2;;1;24;2;;2;;2;;2;;2;;2;;2;;2;;66;12;66;451.56154037
6049829;1;2;1;90;2;;1;30;2;;2;;2;;2;;2;;2;;2;;2;;66;12;66;451.56154037
6049831;1;1;1;90;2;;1;40;2;;2;;2;;2;;2;;2;;2;;2;;66;12;66;494.03494929
6049831;1;2;1;90;2;;2;;2;;2;;2;;2;;2;;2;;2;;2;;66;12;66;494.03494929
6049831;1;3;1;90;2;;2;;2;;2;;2;;2;;2;;2;;2;;2;;66;12;66;494.03494929
6049831;1;4;1;90;2;;2;;2;;2;;2;;2;;2;;2;;2;;2;;66;12;66;494.03494929
6049831;1;5;1;90;2;;1;10;2;;2;;2;;2;;2;;2;;2;;2;;66;12;66;494.03494929
6049831;1;6;1;90;2;;1;20;2;;2;;2;;2;;2;;2;;2;;2;;66;12;66;494.03494929
6049832;1;1;1;90;2;;1;38;2;;2;;2;;2;;2;;2;;2;;2;;66;12;66;436.19194982
6049833;1;1;1;90;2;;2;;1;10;2;;2;;2;;2;;2;;2;;2;;66;12;66;458.69997575
6049833;1;2;1;90;2;;1;28;2;;1;34;2;;2;;2;;2;;2;;2;;66;12;66;458.69997575
6049833;1;3;1;90;2;;1;10;2;;2;;2;;2;;2;;2;;2;;2;;66;12;66;458.69997575
6049834;1;1;1;90;2;;1;40;2;;2;;2;;2;;2;;2;;2;;2;;66;12;66;363.78536986
6049834;1;2;1;90;2;;1;20;2;;2;;2;;2;;2;;2;;2;;2;;66;12;66;363.78536986
6049836;1;1;1;90;2;;1;2;2;;2;;2;;2;;2;;2;;2;;2;;66;12;66;486.1263569
6049836;1;2;1;90;2;;1;15;2;;2;;2;;2;;2;;2;;2;;2;;66;12;66;486.1263569
6049836;1;3;1;90;2;;1;15;2;;2;;2;;2;;2;;2;;2;;2;;66;12;66;486.1263569
6049837;1;1;1;90;2;;1;30;2;;2;;2;;2;;2;;2;;2;;2;;66;12;66;323.76469958
6049837;1;2;1;90;2;;1;25;2;;2;;2;;2;;2;;2;;2;;2;;66;12;66;323.76469958
6049837;1;3;1;90;2;;1;10;2;;2;;2;;2;;2;;2;;2;;2;;66;12;66;323.76469958
6049839;1;1;1;90;2;;1;2;2;;1;2;2;;2;;2;;2;;2;;2;;66;12;66;480.54245562
6049839;1;2;1;90;2;;1;38;2;;1;10;2;;2;;2;;2;;2;;2;;66;12;66;480.54245562
6049840;1;1;1;90;2;;1;5;2;;2;;2;;2;;2;;2;;2;;2;;66;12;66;436.19194982
6049841;1;1;1;90;2;;1;15;2;;1;10;2;;2;;2;;2;;2;;2;;66;12;66;495.42813239
6049841;1;2;1;90;2;;1;5;2;;2;;2;;2;;2;;2;;2;;2;;66;12;66;495.42813239
6049841;1;3;1;90;2;;1;30;2;;2;;2;;2;;2;;2;;2;;2;;66;12;66;495.42813239
6049841;1;4;1;90;2;;1;8;2;;2;;2;;2;;2;;2;;2;;2;;66;12;66;495.42813239
6049843;1;1;1;90;2;;1;30;2;;1;24;2;;2;;2;;2;;2;;2;;66;12;66;489.41466065
6049844;1;1;1;90;2;;1;15;2;;2;;2;;2;;2;;2;;2;;2;;66;12;66;322.63973594
6049844;1;2;1;90;2;;1;28;2;;2;;2;;2;;2;;2;;2;;2;;66;12;66;322.63973594
6049844;1;3;1;90;2;;1;12;2;;2;;2;;2;;2;;2;;2;;2;;66;12;66;322.63973594
6049844;1;4;1;90;2;;1;17;2;;2;;2;;2;;2;;2;;2;;2;;66;12;66;322.63973594
6049844;1;5;1;90;2;;1;10;2;;2;;2;;2;;2;;2;;2;;2;;66;12;66;322.63973594
6049847;1;1;1;90;2;;1;14;2;;2;;2;;2;;2;;2;;2;;2;;66;12;66;472.2790566
6049847;1;2;1;90;2;;1;30;2;;2;;2;;2;;2;;2;;2;;2;;66;12;66;472.2790566
6049847;1;3;1;90;2;;1;7;2;;2;;2;;2;;2;;2;;2;;2;;66;12;66;472.2790566
6049848;1;1;1;90;2;;1;38;2;;2;;2;;2;;2;;2;;2;;2;;66;12;66;348.4157793
6049849;1;1;1;90;2;;2;;2;;2;;2;;2;;2;;2;;2;;2;;66;12;66;376.98741042
6049849;1;2;1;90;2;;1;40;2;;2;;2;;2;;2;;2;;2;;2;;66;12;66;376.98741042
6049849;1;3;1;90;2;;1;15;2;;1;3;2;;2;;2;;2;;2;;2;;66;12;66;376.98741042
6049851;1;1;1;90;2;;1;10;2;;2;;2;;2;;2;;2;;2;;2;;66;12;66;348.4157793
6049852;1;1;1;90;2;;1;38;2;;1;10;1;15;2;;2;;2;;2;;2;;66;12;66;307.76541603
6049852;1;2;1;90;2;;1;2;2;;2;;2;;2;;2;;2;;2;;2;;66;12;66;307.76541603
6049852;1;3;1;90;2;;1;20;2;;1;10;2;;2;;2;;2;;2;;2;;66;12;66;307.76541603
6049852;1;5;1;90;2;;2;;2;;2;;2;;2;;2;;2;;2;;2;;66;12;66;307.76541603
6049855;1;1;1;90;2;;1;10;2;;2;;2;;2;;2;;2;;2;;2;;66;12;66;323.76469958
6049855;1;2;1;90;2;;1;30;2;;2;;2;;2;;2;;2;;2;;2;;66;12;66;323.76469958
6049855;1;3;1;90;2;;1;10;2;;2;;2;;2;;2;;2;;2;;2;;66;12;66;323.76469958
6049856;1;1;1;90;2;;1;5;2;;2;;2;;2;;2;;2;;2;;2;;66;12;66;374.43251784
6049857;1;1;1;90;2;;1;15;2;;1;10;2;;2;;2;;2;;2;;2;;66;12;66;420.19266627
6049857;1;2;1;90;2;;1;3;2;;1;8;2;;2;;2;;2;;2;;2;;66;12;66;420.19266627
6049858;1;1;1;90;2;;1;15;2;;2;;2;;2;;2;;2;;2;;2;;66;12;66;451.56154037
6049858;1;2;1;90;2;;1;2;2;;2;;2;;2;;2;;2;;2;;2;;66;12;66;451.56154037
6049860;1;1;1;90;2;;2;;2;;2;;2;;2;;2;;2;;2;;2;;66;12;66;235.98852907
6049860;1;2;1;90;2;;2;;2;;2;;2;;2;;2;;2;;2;;2;;66;12;66;235.98852907
6049860;1;3;1;90;2;;1;30;2;;2;;1;30;2;;2;;2;;2;;2;;66;12;66;235.98852907
6049861;1;1;1;90;2;;2;;1;2;2;;2;;2;;2;;2;;2;;2;;66;12;66;454.74612594
6049861;1;2;1;90;2;;1;18;2;;2;;2;;2;;2;;2;;2;;2;;66;12;66;454.74612594
6049864;1;1;1;90;2;;1;10;2;;1;8;2;;2;;2;;2;;2;;2;;66;12;66;482.70579573
6049864;1;2;1;90;2;;1;20;2;;1;15;2;;2;;2;;2;;2;;2;;66;12;66;482.70579573
6049866;1;1;1;90;2;;2;;1;28;2;;1;24;2;;2;;2;;2;;2;;66;12;66;433.00736424
6049870;1;1;1;90;2;;1;32;2;;2;;2;;2;;2;;2;;2;;2;;66;12;66;348.4157793
6049871;1;1;1;90;2;;1;24;2;;2;;2;;2;;2;;2;;2;;2;;66;12;66;453.72488047
6049871;1;2;1;90;2;;1;7;2;;2;;2;;2;;2;;2;;2;;2;;66;12;66;453.72488047
6049872;1;1;1;90;2;;1;24;2;;2;;2;;2;;2;;2;;2;;2;;66;12;66;448.37695479
6049872;1;2;1;90;2;;1;24;2;;2;;2;;2;;2;;2;;2;;2;;66;12;66;448.37695479
6049873;1;1;1;90;2;;1;40;2;;2;;2;;2;;2;;2;;2;;2;;66;12;66;382.33954598
6049873;1;2;1;90;2;;1;35;2;;2;;2;;2;;2;;2;;2;;2;;66;12;66;382.33954598
6049873;1;3;1;90;2;;1;2;2;;2;;2;;2;;2;;2;;2;;2;;66;12;66;382.33954598
6049874;1;1;1;90;2;;1;10;2;;1;14;2;;2;;2;;2;;2;;2;;66;12;66;585.09364942
6049874;1;2;1;90;2;;1;24;2;;1;28;2;;2;;2;;2;;2;;2;;66;12;66;585.09364942
6049874;1;5;1;90;2;;1;14;2;;2;;2;;2;;2;;2;;2;;2;;66;12;66;585.09364942
6049876;1;1;1;90;2;;1;24;2;;2;;2;;2;;2;;2;;2;;2;;66;12;66;436.19194982
6049877;1;1;1;90;2;;1;21;2;;2;;2;;2;;2;;2;;2;;2;;66;12;66;305.21052346
6049877;1;2;1;90;2;;1;30;2;;2;;2;;2;;2;;2;;2;;2;;66;12;66;305.21052346
6049878;1;1;1;90;2;;2;;2;;2;;2;;2;;2;;2;;2;;2;;66;12;66;394.67033017
6049878;1;2;1;90;2;;1;14;2;;2;;2;;2;;2;;2;;2;;2;;66;12;66;394.67033017
6049878;1;3;1;90;2;;2;;2;;2;;2;;2;;2;;2;;2;;2;;66;12;66;394.67033017
6049881;1;1;1;90;2;;1;12;2;;1;24;2;;2;;2;;2;;2;;2;;68;12;68;601.23754265
6049881;1;3;1;90;2;;1;14;2;;2;;2;;2;;2;;2;;2;;2;;68;12;68;601.23754265
6049882;1;1;1;90;2;;1;14;2;;2;;2;;2;;2;;2;;2;;2;;68;12;68;493.4923314
6049882;1;2;1;90;2;;1;3;2;;2;;2;;2;;2;;2;;2;;2;;68;12;68;493.4923314
6049883;1;1;1;90;2;;1;24;2;;2;;2;;2;;2;;2;;2;;2;;68;12;68;525.11537313
6049883;1;2;1;90;2;;2;;2;;2;;2;;2;;2;;2;;2;;2;;68;12;68;525.11537313
6049884;1;1;1;90;2;;1;14;2;;1;14;2;;2;;2;;2;;2;;2;;68;12;68;837.07452359
6049884;1;2;1;90;2;;1;24;2;;1;14;2;;2;;2;;2;;2;;2;;68;12;68;837.07452359
6049884;2;1;2;90;2;;1;14;2;;2;;2;;2;;2;;2;;2;;2;;68;12;68;837.07452359
6049885;1;1;1;90;2;;1;19;2;;2;;2;;2;;2;;2;;2;;2;;68;12;68;514.03956327
6049885;1;2;1;90;2;;1;29;2;;2;;2;;2;;2;;2;;2;;2;;68;12;68;514.03956327
6049885;2;1;2;90;2;;1;6;2;;2;;2;;2;;2;;2;;2;;2;;68;12;68;514.03956327
6049885;3;1;3;90;2;;1;25;2;;2;;2;;2;;2;;2;;2;;2;;68;12;68;514.03956327
6049885;3;2;3;90;2;;2;;2;;2;;2;;2;;2;;2;;2;;2;;68;12;68;514.03956327
6049886;1;1;1;90;2;;1;20;2;;2;;2;;2;;2;;2;;2;;2;;68;12;68;525.11537313
6049886;1;2;1;90;2;;1;24;2;;2;;2;;2;;2;;2;;2;;2;;68;12;68;525.11537313
6049887;1;1;1;90;2;;1;12;2;;2;;2;;2;;2;;2;;2;;2;;68;12;68;525.11537313
6049887;1;2;1;90;2;;1;40;2;;2;;2;;2;;2;;2;;2;;1;10;68;12;68;525.11537313
6049888;1;1;1;90;2;;2;;2;;2;;2;;2;;2;;2;;2;;2;;68;12;68;662.03001333
6049888;1;2;1;90;2;;1;4;2;;2;;2;;2;;2;;2;;2;;2;;68;12;68;662.03001333
6049888;1;3;1;90;2;;1;38;2;;2;;2;;2;;2;;2;;2;;2;;68;12;68;662.03001333
6049888;1;4;1;90;2;;1;2;2;;2;;2;;2;;2;;2;;2;;2;;68;12;68;662.03001333
6049889;1;1;1;90;2;;2;;2;;2;;2;;2;;2;;2;;2;;2;;68;12;68;548.81408787
6049889;1;2;1;90;2;;1;30;2;;1;20;2;;2;;2;;2;;2;;2;;68;12;68;548.81408787
6049889;1;3;1;90;2;;1;6;2;;2;;2;;2;;2;;2;;2;;2;;68;12;68;548.81408787
6049889;1;5;1;90;2;;1;4;2;;2;;2;;2;;2;;2;;2;;2;;68;12;68;548.81408787
6049890;1;1;1;90;2;;2;;2;;2;;2;;2;;2;;2;;2;;2;;68;12;68;835.27434682
6049890;1;2;1;90;2;;1;2;2;;2;;2;;2;;2;;2;;2;;2;;68;12;68;835.27434682
6049890;2;1;2;90;2;;1;24;2;;2;;2;;2;;2;;2;;2;;2;;68;12;68;835.27434682
6049890;3;1;3;90;2;;1;14;2;;2;;2;;2;;2;;2;;2;;2;;68;12;68;835.27434682
6049890;3;2;3;90;2;;2;;2;;2;;2;;2;;2;;2;;2;;2;;68;12;68;835.27434682
6049890;4;1;4;90;2;;1;18;2;;2;;2;;2;;2;;2;;2;;2;;68;12;68;835.27434682
6049890;5;1;5;90;2;;2;;2;;2;;2;;2;;2;;2;;2;;2;;68;12;68;835.27434682
6049891;1;1;1;90;2;;1;30;2;;1;15;2;;2;;2;;2;;2;;2;;68;12;68;461.99356425
6049891;1;2;1;90;2;;2;;2;;2;;2;;2;;2;;2;;2;;2;;68;12;68;461.99356425
6049891;1;3;1;90;2;;2;;2;;2;;2;;2;;2;;2;;2;;2;;68;12;68;461.99356425
6049891;1;4;1;90;2;;1;10;2;;2;;2;;2;;2;;2;;2;;2;;68;12;68;461.99356425
6049891;1;5;1;90;2;;2;;2;;2;;2;;2;;2;;2;;2;;2;;68;12;68;461.99356425
6049891;1;6;1;90;2;;1;14;2;;2;;2;;2;;2;;2;;2;;2;;68;12;68;461.99356425
6049892;1;1;1;90;2;;1;9;2;;2;;2;;2;;2;;2;;2;;2;;68;12;68;526.02584251
6049893;1;1;1;90;2;;1;24;2;;2;;2;;2;;2;;2;;2;;2;;68;12;68;536.05399558
6049893;1;2;1;90;2;;1;6;2;;2;;2;;2;;2;;2;;2;;2;;68;12;68;536.05399558
6049893;1;4;1;90;2;;1;3;2;;2;;2;;2;;2;;2;;2;;2;;68;12;68;536.05399558
6049893;1;5;1;90;2;;2;;2;;2;;2;;2;;2;;2;;2;;2;;68;12;68;536.05399558
6049894;1;1;1;90;2;;1;4;2;;2;;2;;2;;2;;2;;2;;2;;68;12;68;433.27584004
6049894;1;2;1;90;2;;1;30;2;;2;;2;;2;;2;;2;;2;;2;;68;12;68;433.27584004
6049894;1;3;1;90;2;;1;3;2;;2;;2;;2;;2;;2;;2;;2;;68;12;68;433.27584004
6049894;1;4;1;90;2;;1;12;2;;2;;2;;2;;2;;2;;2;;2;;68;12;68;433.27584004
6049895;1;1;1;90;2;;1;28;2;;2;;2;;2;;2;;2;;2;;2;;68;12;68;525.11537313
6049895;1;2;1;90;2;;1;7;2;;2;;2;;2;;2;;2;;2;;2;;68;12;68;525.11537313
6049896;1;1;1;90;2;;1;22;2;;1;10;2;;2;;2;;2;;2;;2;;68;12;68;710.63348227
6049896;1;2;1;90;2;;1;10;2;;1;19;2;;2;;2;;2;;2;;2;;68;12;68;710.63348227
6049897;1;1;1;90;2;;1;30;2;;2;;2;;2;;2;;2;;2;;2;;68;12;68;571.4044995
6049897;1;2;1;90;2;;1;5;2;;2;;2;;2;;2;;2;;2;;2;;68;12;68;571.4044995
6049897;1;3;1;90;2;;1;2;2;;2;;2;;2;;2;;2;;2;;2;;68;12;68;571.4044995
6049897;1;4;1;90;2;;1;20;2;;1;15;2;;2;;2;;2;;2;;2;;68;12;68;571.4044995
6049897;1;6;1;90;2;;2;;2;;2;;2;;2;;2;;2;;2;;2;;68;12;68;571.4044995
6049897;1;7;1;90;2;;1;3;2;;2;;2;;2;;2;;2;;2;;2;;68;12;68;571.4044995
6049897;1;8;1;90;2;;2;;2;;2;;2;;2;;2;;2;;2;;2;;68;12;68;571.4044995
6049898;1;1;1;90;2;;2;;2;;2;;2;;2;;2;;2;;2;;2;;68;12;68;538.3732269
6049898;1;2;1;90;2;;1;24;2;;2;;2;;2;;2;;2;;2;;2;;68;12;68;538.3732269
6049898;1;3;1;90;2;;1;7;2;;2;;2;;2;;2;;2;;2;;2;;68;12;68;538.3732269
6049898;1;4;1;90;2;;2;;2;;2;;2;;2;;2;;2;;2;;2;;68;12;68;538.3732269
6049898;1;5;1;90;2;;2;;2;;2;;2;;2;;2;;2;;2;;2;;68;12;68;538.3732269
6049899;1;1;1;90;2;;1;24;2;;1;14;2;;2;;2;;2;;2;;2;;68;12;68;471.08532268
6049899;1;2;1;90;2;;1;7;2;;2;;2;;2;;2;;2;;2;;2;;68;12;68;471.08532268
6049900;1;1;1;90;2;;1;21;2;;2;;2;;2;;2;;2;;2;;2;;68;12;68;721.99800512
6049900;1;2;1;90;2;;2;;2;;2;;2;;2;;2;;2;;2;;2;;68;12;68;721.99800512
6049900;1;3;1;90;2;;1;14;2;;2;;2;;2;;2;;2;;2;;2;;68;12;68;721.99800512
6049900;1;4;1;90;2;;1;28;2;;2;;2;;2;;2;;2;;2;;2;;68;12;68;721.99800512
6049900;1;5;1;90;2;;2;;2;;2;;2;;2;;2;;2;;2;;2;;68;12;68;721.99800512
6049901;1;1;1;90;2;;2;;2;;2;;2;;2;;2;;2;;2;;2;;68;12;68;463.79594459
6049901;1;2;1;90;2;;1;6;2;;2;;2;;2;;2;;2;;2;;2;;68;12;68;463.79594459
6049902;1;1;1;90;2;;2;;2;;2;;2;;2;;2;;2;;2;;2;;68;12;68;535.5562341
6049903;1;1;1;90;2;;1;6;2;;2;;2;;2;;2;;2;;2;;2;;68;12;68;526.02584251
6049904;1;1;1;90;2;;2;;2;;2;;2;;2;;2;;2;;2;;2;;68;12;68;708.46486092
6049904;1;2;1;90;2;;1;14;2;;2;;2;;2;;2;;2;;2;;2;;68;12;68;708.46486092
6049904;1;3;1;90;2;;1;7;2;;2;;2;;2;;2;;2;;2;;2;;68;12;68;708.46486092
6049904;1;4;1;90;2;;1;21;2;;2;;2;;2;;2;;2;;2;;2;;68;12;68;708.46486092
6049905;1;1;1;90;2;;1;7;2;;2;;2;;2;;2;;2;;2;;2;;68;12;68;538.3732269
6049905;2;1;2;90;2;;1;4;2;;2;;2;;2;;2;;2;;2;;2;;68;12;68;538.3732269
6049905;2;2;2;90;2;;1;24;2;;1;7;2;;2;;2;;2;;2;;2;;68;12;68;538.3732269
6049905;2;3;2;90;2;;1;7;2;;1;9;2;;2;;2;;2;;2;;2;;68;12;68;538.3732269
6049905;2;4;2;90;2;;1;8;2;;2;;2;;2;;2;;2;;2;;2;;68;12;68;538.3732269
6049906;1;1;1;90;2;;1;14;2;;2;;2;;2;;2;;2;;2;;2;;68;12;68;613.99763495
6049906;1;2;1;90;2;;1;18;2;;2;;2;;2;;2;;2;;2;;2;;68;12;68;613.99763495
6049907;1;1;1;90;2;;1;10;2;;1;10;2;;2;;2;;2;;2;;2;;68;12;68;670.69406822
6049907;1;2;1;90;2;;1;19;2;;1;10;2;;2;;2;;2;;2;;2;;68;12;68;670.69406822
6049907;1;3;1;90;2;;1;12;2;;2;;2;;2;;2;;2;;2;;2;;68;12;68;670.69406822
6049908;1;1;1;90;2;;1;24;2;;2;;2;;2;;2;;2;;2;;2;;68;12;68;543.53811635
6049908;1;2;1;90;2;;1;7;2;;2;;2;;2;;2;;2;;2;;2;;68;12;68;543.53811635
6049908;1;3;1;90;2;;1;14;2;;2;;2;;2;;2;;2;;2;;2;;68;12;68;543.53811635
6049908;1;4;1;90;2;;1;14;2;;2;;2;;2;;2;;2;;2;;2;;68;12;68;543.53811635
6049908;1;5;1;90;2;;2;;2;;2;;2;;2;;2;;2;;2;;2;;68;12;68;543.53811635
6049909;1;1;1;90;2;;1;3;2;;2;;2;;2;;2;;2;;2;;2;;68;12;68;640.46432104
6049909;1;2;1;90;2;;1;26;2;;1;40;2;;2;;2;;2;;2;;2;;68;12;68;640.46432104
6049910;1;1;1;90;2;;1;10;2;;1;10;2;;2;;2;;2;;2;;2;;68;12;68;640.46432104
6049910;1;2;1;90;2;;1;28;2;;1;21;2;;2;;2;;2;;2;;2;;68;12;68;640.46432104
6049911;1;1;1;90;2;;1;14;2;;2;;2;;2;;2;;2;;2;;2;;68;12;68;526.02584251
6049912;1;1;1;90;2;;1;10;2;;2;;2;;2;;2;;2;;2;;2;;68;12;68;613.99763495
6049912;1;2;1;90;2;;1;12;2;;2;;2;;2;;2;;2;;2;;2;;68;12;68;613.99763495
6049913;1;1;1;90;2;;1;15;2;;2;;2;;2;;2;;2;;2;;2;;68;12;68;526.02584251
6049914;1;1;1;90;2;;2;;2;;2;;2;;2;;2;;2;;2;;2;;68;12;68;682.31025851
6049914;1;2;1;90;2;;1;14;2;;2;;2;;2;;2;;2;;2;;2;;68;12;68;682.31025851
6049914;1;3;1;90;2;;1;12;2;;1;12;2;;2;;2;;2;;2;;2;;68;12;68;682.31025851
6049914;2;1;2;90;2;;1;14;2;;2;;2;;2;;2;;2;;2;;2;;68;12;68;682.31025851
6049914;3;1;3;90;2;;2;;2;;2;;2;;2;;2;;2;;2;;2;;68;12;68;682.31025851
6049914;3;2;3;90;2;;1;24;2;;2;;1;24;2;;2;;2;;2;;2;;68;12;68;682.31025851
6049915;1;1;1;90;2;;2;;2;;2;;2;;2;;2;;2;;2;;2;;68;12;68;468.05036464
6049915;1;2;1;90;2;;1;30;2;;2;;2;;2;;2;;2;;2;;2;;68;12;68;468.05036464
6049915;1;3;1;90;2;;1;16;2;;2;;2;;2;;2;;2;;2;;2;;68;12;68;468.05036464
6049916;1;1;1;90;2;;2;;2;;2;;2;;2;;2;;2;;2;;2;;68;12;68;526.02584251
6049917;1;1;1;90;2;;1;2;2;;2;;2;;2;;2;;2;;2;;2;;68;12;68;516.99321241
6049917;1;2;1;90;2;;1;24;2;;2;;2;;2;;2;;2;;2;;2;;68;12;68;516.99321241
6049917;1;3;1;90;2;;1;7;2;;2;;2;;2;;2;;2;;2;;2;;68;12;68;516.99321241
6049917;1;4;1;90;2;;1;7;2;;2;;2;;2;;2;;2;;2;;2;;68;12;68;516.99321241
6049918;1;1;1;90;2;;2;;2;;2;;2;;2;;2;;2;;2;;1;2;68;12;68;581.46412383
6049918;1;2;1;90;2;;1;20;2;;2;;2;;2;;2;;2;;2;;2;;68;12;68;581.46412383
6049918;1;3;1;90;2;;1;15;2;;2;;2;;2;;2;;2;;2;;1;3;68;12;68;581.46412383
6049919;1;1;1;90;2;;1;24;2;;2;;2;;2;;2;;2;;2;;2;;68;12;68;485.17595908
6049919;1;2;1;90;2;;1;5;2;;2;;2;;2;;2;;2;;2;;2;;68;12;68;485.17595908
6049919;1;3;1;90;2;;1;4;2;;2;;2;;2;;2;;2;;2;;2;;68;12;68;485.17595908
6049920;1;1;1;90;2;;1;18;2;;2;;2;;2;;2;;2;;2;;2;;68;12;68;453.55291735
6049920;1;2;1;90;2;;1;6;2;;2;;2;;2;;2;;2;;2;;2;;68;12;68;453.55291735
6049920;1;3;1;90;2;;1;3;2;;2;;2;;2;;1;10;2;;2;;2;;68;12;68;453.55291735
6049921;1;1;1;90;2;;1;14;2;;2;;2;;2;;1;10;2;;2;;2;;68;12;68;621.40353788
6049921;1;2;1;90;2;;1;14;2;;2;;2;;2;;2;;2;;2;;2;;68;12;68;621.40353788
6049922;1;1;1;90;2;;1;26;2;;2;;2;;2;;2;;2;;2;;2;;68;12;68;483.84541498
6049922;1;2;1;90;2;;1;14;2;;2;;2;;2;;2;;2;;2;;2;;68;12;68;483.84541498
6049923;1;1;1;90;2;;1;5;2;;2;;2;;2;;2;;2;;2;;2;;68;12;68;463.08330893
6049923;1;2;1;90;2;;1;6;2;;2;;2;;2;;2;;2;;2;;2;;68;12;68;463.08330893
6049923;1;4;1;90;2;;1;12;2;;2;;2;;2;;2;;2;;2;;2;;68;12;68;463.08330893
6049924;1;1;1;90;2;;2;;2;;2;;2;;2;;2;;2;;2;;2;;68;12;68;656.17806248
6049925;1;1;1;90;2;;1;2;2;;2;;2;;2;;2;;2;;2;;2;;68;12;68;621.40353788
6049925;1;2;1;90;2;;1;18;2;;2;;2;;2;;2;;2;;2;;2;;68;12;68;621.40353788
6049926;1;1;1;90;2;;1;12;2;;2;;2;;2;;2;;2;;2;;2;;68;12;68;603.07167392
6049926;1;2;1;90;2;;1;36;2;;2;;2;;2;;2;;2;;2;;2;;68;12;68;603.07167392
6049926;2;1;2;90;2;;1;7;2;;1;10;2;;2;;2;;2;;2;;2;;68;12;68;603.07167392
6049926;2;2;2;90;2;;1;38;2;;1;30;2;;2;;2;;2;;2;;2;;68;12;68;603.07167392
6049926;2;3;2;90;2;;1;18;2;;2;;2;;2;;2;;2;;2;;2;;68;12;68;603.07167392
6049927;1;1;1;90;2;;1;14;2;;2;;2;;2;;2;;2;;2;;2;;68;12;68;533.43174545
6049928;1;1;1;90;2;;2;;2;;2;;2;;2;;2;;2;;2;;2;;68;12;68;656.17806248
6049929;1;1;1;90;2;;1;11;2;;1;20;2;;2;;2;;2;;2;;2;;68;12;68;662.37769589
6049929;1;2;1;90;2;;1;30;2;;1;12;2;;2;;2;;2;;2;;2;;68;12;68;662.37769589
6049929;1;3;1;90;2;;2;;2;;1;16;2;;2;;2;;2;;2;;2;;68;12;68;662.37769589
6049929;1;5;1;90;2;;1;10;2;;2;;2;;2;;2;;2;;2;;2;;68;12;68;662.37769589
6049930;1;1;1;90;2;;1;14;2;;1;7;2;;2;;2;;2;;2;;2;;68;12;68;566.46301804
6049930;1;2;1;90;2;;1;7;2;;1;3;2;;2;;2;;2;;2;;2;;68;12;68;566.46301804
6049930;1;3;1;90;2;;1;3;2;;2;;2;;2;;2;;2;;2;;2;;68;12;68;566.46301804
6049931;1;1;1;90;2;;1;7;2;;1;14;2;;2;;2;;2;;2;;2;;68;12;68;615.22018802
6049931;1;2;1;90;2;;1;36;2;;1;50;2;;2;;2;;2;;2;;2;;68;12;68;615.22018802
6049931;1;5;1;90;2;;1;12;2;;2;;2;;2;;2;;2;;2;;2;;68;12;68;615.22018802
6049932;1;1;1;90;2;;1;12;2;;2;;2;;2;;2;;2;;2;;2;;68;12;68;389.08200593
6049932;1;2;1;90;2;;1;14;2;;2;;2;;2;;2;;2;;2;;2;;68;12;68;389.08200593
6049932;1;3;1;90;2;;1;27;2;;2;;2;;2;;2;;2;;2;;2;;68;12;68;389.08200593
6049932;1;4;1;90;2;;2;;2;;2;;2;;2;;2;;2;;2;;2;;68;12;68;389.08200593
6049933;1;1;1;90;2;;2;;2;;2;;2;;2;;2;;2;;2;;2;;68;12;68;393.33642599
6049933;1;2;1;90;2;;1;24;2;;2;;2;;2;;2;;2;;2;;2;;68;12;68;393.33642599
6049933;1;3;1;90;2;;2;;2;;2;;2;;2;;2;;2;;2;;2;;68;12;68;393.33642599
6049933;1;4;1;90;2;;1;10;2;;2;;2;;2;;2;;2;;2;;2;;68;12;68;393.33642599
6049933;1;5;1;90;2;;1;12;2;;2;;2;;2;;2;;2;;2;;2;;68;12;68;393.33642599
6049934;1;1;1;90;2;;1;1;2;;2;;2;;2;;2;;2;;2;;2;;68;12;68;526.02584251
6049935;1;1;1;90;2;;1;15;2;;2;;2;;2;;2;;2;;2;;2;;68;12;68;451.31190386
6049935;1;2;1;90;2;;2;;2;;2;;2;;2;;2;;2;;2;;2;;68;12;68;451.31190386
6049935;1;3;1;90;2;;2;;2;;2;;2;;2;;2;;2;;2;;2;;68;12;68;451.31190386
6049936;1;1;1;90;2;;1;10;2;;1;5;2;;2;;2;;2;;2;;2;;68;12;68;868.92737581
6049936;1;2;1;90;2;;1;21;2;;1;10;2;;2;;2;;2;;2;;2;;68;12;68;868.92737581
6049937;1;1;1;90;2;;1;5;2;;2;;2;;2;;2;;2;;2;;2;;68;12;68;930.19981067
6049937;1;2;1;90;2;;2;;2;;2;;2;;2;;2;;2;;2;;2;;68;12;68;930.19981067
6049937;1;3;1;90;2;;2;;2;;2;;2;;2;;2;;2;;2;;2;;68;12;68;930.19981067
6049937;1;4;1;90;2;;1;30;2;;2;;2;;2;;2;;2;;2;;2;;68;12;68;930.19981067
6049937;1;5;1;90;2;;1;3;2;;2;;2;;2;;2;;2;;2;;2;;68;12;68;930.19981067
6049937;1;6;1;90;2;;2;;2;;2;;2;;2;;2;;2;;2;;2;;68;12;68;930.19981067
6049937;1;7;1;90;2;;1;3;2;;2;;2;;2;;2;;2;;2;;2;;68;12;68;930.19981067
6049937;1;8;1;90;2;;1;12;2;;2;;2;;2;;2;;2;;2;;2;;68;12;68;930.19981067
6049938;1;1;1;90;2;;1;28;2;;2;;2;;2;;2;;2;;2;;2;;68;12;68;468.96083403
6049938;1;2;1;90;2;;1;14;2;;2;;2;;2;;2;;2;;2;;2;;68;12;68;468.96083403
6049939;1;1;1;90;2;;1;10;2;;2;;2;;2;;2;;2;;2;;2;;68;12;68;566.46301804
6049939;1;2;1;90;2;;1;10;2;;2;;2;;2;;2;;2;;2;;2;;68;12;68;566.46301804
6049939;1;3;1;90;2;;1;15;2;;2;;2;;2;;1;20;2;;2;;2;;68;12;68;566.46301804
6049940;1;1;1;90;2;;2;;2;;2;;2;;2;;2;;2;;2;;2;;68;12;68;485.17595908
6049940;1;2;1;90;2;;1;24;2;;2;;2;;2;;2;;2;;2;;2;;68;12;68;485.17595908
6049940;1;3;1;90;2;;1;5;2;;2;;2;;2;;2;;2;;2;;2;;68;12;68;485.17595908
6049941;1;1;1;90;2;;1;22;2;;2;;2;;2;;2;;2;;2;;2;;68;12;68;498.65722084
6049941;1;2;1;90;2;;1;10;2;;2;;2;;2;;2;;2;;2;;2;;68;12;68;498.65722084
6049942;1;1;1;90;2;;1;21;2;;2;;2;;2;;2;;2;;2;;2;;68;12;68;403.57945323
6049942;1;2;1;90;2;;1;7;2;;2;;2;;2;;2;;2;;2;;2;;68;12;68;403.57945323
6049942;1;3;1;90;2;;1;5;2;;2;;2;;2;;2;;2;;2;;2;;68;12;68;403.57945323
6049942;1;4;1;90;2;;1;24;2;;2;;2;;2;;2;;2;;2;;2;;68;12;68;403.57945323
6049943;1;1;1;90;2;;2;;2;;1;8;2;;2;;2;;2;;2;;2;;68;12;68;621.40353788
6049943;1;2;1;90;2;;1;14;2;;1;7;2;;2;;2;;2;;2;;2;;68;12;68;621.40353788
6049944;1;1;1;90;2;;1;3;2;;1;15;2;;2;;2;;2;;2;;2;;68;12;68;630.93392946
6049944;1;2;1;90;2;;1;35;2;;1;50;2;;2;;2;;2;;2;;2;;68;12;68;630.93392946
6049945;1;1;1;90;2;;1;18;2;;2;;2;;2;;2;;2;;2;;2;;68;12;68;808.13566628
6049945;2;1;2;90;2;;1;11;2;;1;10;2;;2;;2;;2;;2;;2;;68;12;68;808.13566628
6049945;2;2;2;90;2;;1;29;2;;1;22;2;;2;;2;;2;;2;;2;;68;12;68;808.13566628
6049946;1;1;1;90;2;;1;7;2;;2;;2;;2;;2;;2;;2;;2;;68;12;68;556.93262646
6049946;1;2;1;90;2;;1;14;2;;2;;2;;2;;2;;2;;2;;2;;68;12;68;556.93262646
6049946;1;3;1;90;2;;1;7;2;;2;;2;;2;;2;;2;;2;;2;;68;12;68;556.93262646
6049947;1;1;1;90;2;;1;10;2;;2;;2;;2;;2;;2;;2;;2;;68;12;68;503.73535864
6049948;1;1;1;90;2;;1;4;2;;2;;2;;2;;2;;2;;2;;2;;68;12;68;701.96942738
6049948;1;2;1;90;2;;1;24;2;;2;;2;;2;;2;;2;;2;;2;;68;12;68;701.96942738
6049948;1;3;1;90;2;;1;20;2;;2;;2;;2;;2;;2;;2;;2;;68;12;68;701.96942738
6049949;1;1;1;90;2;;1;12;2;;2;;2;;2;;2;;2;;2;;2;;68;12;68;329.77598396
6049949;1;2;1;90;2;;1;5;2;;2;;2;;2;;2;;2;;2;;2;;68;12;68;329.77598396
6049949;1;3;1;90;2;;1;15;2;;1;12;2;;2;;1;15;2;;2;;2;;68;12;68;329.77598396
6049949;1;4;1;90;2;;1;15;2;;2;;2;;2;;2;;2;;2;;2;;68;12;68;329.77598396
6049949;1;5;1;90;2;;1;6;2;;2;;2;;2;;2;;2;;2;;2;;68;12;68;329.77598396
6049950;1;1;1;90;2;;1;14;2;;2;;2;;2;;2;;2;;2;;2;;68;12;68;720.16387385
6049950;1;2;1;90;2;;1;24;2;;1;6;2;;2;;2;;2;;2;;2;;68;12;68;720.16387385
6049951;1;1;1;90;2;;1;12;2;;2;;2;;2;;2;;2;;2;;2;;68;12;68;453.55291735
6049951;1;2;1;90;2;;2;;2;;2;;2;;2;;2;;2;;2;;2;;68;12;68;453.55291735
6049951;1;3;1;90;2;;2;;2;;2;;2;;2;;2;;2;;2;;2;;68;12;68;453.55291735
6049952;1;1;1;90;2;;1;12;2;;2;;2;;2;;2;;2;;2;;2;;68;12;68;656.17806248
6049953;1;1;1;90;2;;1;3;2;;1;7;2;;2;;2;;2;;2;;2;;68;12;68;670.69406822
6049953;1;2;1;90;2;;1;24;2;;1;24;2;;2;;2;;2;;2;;2;;68;12;68;670.69406822
6049953;1;3;1;90;2;;1;7;2;;1;7;2;;2;;2;;2;;2;;2;;68;12;68;670.69406822
6049954;1;1;1;90;2;;1;4;2;;2;;2;;2;;2;;2;;2;;2;;68;12;68;396.17355029
6049954;1;2;1;90;2;;1;14;2;;2;;2;;2;;2;;2;;2;;2;;68;12;68;396.17355029
6049954;1;3;1;90;2;;1;8;2;;2;;2;;2;;1;14;2;;2;;2;;68;12;68;396.17355029
6049954;1;4;1;90;2;;1;7;2;;2;;2;;2;;2;;2;;2;;2;;68;12;68;396.17355029
6049955;1;1;1;90;2;;1;7;2;;2;;2;;2;;2;;2;;2;;2;;68;12;68;581.46412383
6049955;1;2;1;90;2;;1;14;2;;1;7;2;;2;;2;;2;;2;;2;;68;12;68;581.46412383
6049955;1;3;1;90;2;;1;7;2;;2;;2;;2;;2;;2;;2;;2;;68;12;68;581.46412383
6049956;1;1;1;90;2;;1;28;2;;2;;2;;2;;2;;2;;2;;2;;68;12;68;526.02584251
6049957;1;1;1;90;2;;1;18;2;;1;12;2;;2;;2;;2;;2;;2;;68;12;68;710.63348227
6049957;1;2;1;90;2;;1;2;2;;1;3;2;;2;;2;;2;;2;;2;;68;12;68;710.63348227
6049958;1;1;1;90;2;;1;5;2;;2;;2;;2;;2;;2;;2;;2;;68;12;68;526.02584251
6050103;1;1;1;90;2;;1;14;2;;2;;2;;2;;2;;2;;2;;2;;73;12;73;319.29473866
6050103;1;2;1;90;2;;1;28;2;;2;;2;;2;;2;;2;;2;;1;50;73;12;73;319.29473866
6050104;1;1;1;90;2;;1;21;2;;2;;2;;2;;2;;2;;2;;2;;73;12;73;178.57607356
6050104;1;2;1;90;2;;1;7;2;;2;;2;;2;;2;;2;;2;;2;;73;12;73;178.57607356
6050104;1;3;1;90;2;;1;7;2;;2;;2;;2;;2;;2;;2;;2;;73;12;73;178.57607356
6050105;1;1;1;90;2;;1;21;2;;1;10;2;;2;;2;;2;;2;;2;;73;12;73;388.99066382
6050105;1;2;1;90;2;;1;35;2;;1;21;2;;2;;2;;2;;2;;2;;73;12;73;388.99066382
6050106;1;1;1;90;2;;2;;2;;2;;2;;2;;2;;2;;2;;2;;73;12;73;385.72443067
6050107;1;1;1;90;2;;2;;2;;1;21;2;;2;;2;;2;;2;;2;;73;12;73;684.59582874
6050107;1;2;1;90;2;;1;30;2;;1;40;2;;2;;2;;2;;2;;2;;73;12;73;684.59582874
6050108;1;1;1;90;2;;2;;2;;2;;2;;2;;2;;2;;2;;2;;73;12;73;261.41959932
6050108;1;2;1;90;2;;1;18;2;;2;;2;;2;;2;;2;;2;;2;;73;12;73;261.41959932
6050109;1;1;1;90;2;;1;28;2;;2;;2;;2;;2;;2;;2;;2;;73;12;73;261.88117882
6050111;1;1;1;90;2;;1;12;2;;2;;2;;2;;2;;2;;2;;2;;73;12;73;178.57607356
6050111;1;2;1;90;2;;1;12;2;;2;;2;;2;;2;;2;;2;;2;;73;12;73;178.57607356
6050111;1;3;1;90;2;;1;10;2;;2;;2;;2;;2;;2;;2;;2;;73;12;73;178.57607356
6050111;1;4;1;90;2;;1;6;2;;2;;2;;2;;2;;2;;2;;2;;73;12;73;178.57607356
6050112;1;1;1;90;2;;1;10;2;;2;;2;;2;;2;;2;;2;;2;;73;12;73;260.85620535
6050112;1;2;1;90;2;;1;21;2;;2;;2;;2;;2;;2;;2;;2;;73;12;73;260.85620535
6050112;1;3;1;90;2;;1;7;2;;2;;2;;2;;2;;2;;2;;2;;73;12;73;260.85620535
6050112;1;4;1;90;2;;1;15;2;;1;21;2;;2;;2;;2;;2;;2;;73;12;73;260.85620535
6050113;1;1;1;90;2;;1;6;2;;2;;2;;2;;2;;2;;2;;2;;73;12;73;356.58875315
6050113;1;2;1;90;2;;1;21;2;;2;;2;;2;;2;;2;;2;;2;;73;12;73;356.58875315
6050114;1;1;1;90;2;;2;;2;;2;;1;15;2;;2;;2;;2;;2;;73;12;73;178.57607356
6050114;1;2;1;90;2;;1;8;2;;2;;2;;2;;2;;2;;2;;2;;73;12;73;178.57607356
6050114;1;3;1;90;2;;1;15;2;;2;;2;;2;;2;;2;;2;;2;;73;12;73;178.57607356
6050115;1;1;1;90;2;;1;10;2;;2;;1;5;2;;2;;2;;2;;2;;73;12;73;322.74191671
6050115;1;2;1;90;2;;1;20;2;;2;;2;;2;;2;;2;;2;;2;;73;12;73;322.74191671
6050115;1;3;1;90;2;;1;21;2;;2;;2;;2;;2;;2;;2;;2;;73;12;73;322.74191671
6050119;1;1;1;90;2;;1;14;2;;2;;2;;2;;2;;2;;2;;2;;73;12;73;385.72443067
6050121;1;1;1;90;2;;2;;2;;1;14;2;;2;;2;;2;;2;;2;;73;12;73;356.58875315
6050121;1;2;1;90;2;;1;25;2;;1;70;2;;2;;2;;2;;2;;2;;73;12;73;356.58875315
6050122;1;1;1;90;2;;1;12;2;;2;;2;;2;;2;;2;;2;;2;;73;12;73;438.1425885
6050122;1;2;1;90;2;;1;24;2;;2;;2;;2;;2;;2;;2;;2;;73;12;73;438.1425885
6050122;1;3;1;90;2;;2;;2;;2;;2;;2;;2;;2;;2;;2;;73;12;73;438.1425885
6050125;1;1;1;90;2;;1;35;2;;2;;2;;2;;2;;2;;2;;2;;73;12;73;261.88117882
6050126;1;1;1;90;2;;1;3;2;;2;;2;;2;;2;;2;;2;;2;;73;12;73;261.41959932
6050126;1;2;1;90;2;;1;28;2;;2;;2;;2;;2;;2;;2;;2;;73;12;73;261.41959932
6050128;1;1;1;90;2;;1;14;2;;2;;2;;2;;2;;2;;2;;2;;73;12;73;553.53310216
6050128;1;2;1;90;2;;1;10;2;;2;;2;;2;;2;;2;;2;;2;;73;12;73;553.53310216
6050128;1;3;1;90;2;;1;3;2;;2;;2;;2;;2;;2;;2;;2;;73;12;73;553.53310216
6050130;1;1;1;90;2;;1;6;2;;2;;2;;2;;2;;2;;2;;2;;73;12;73;504.39133561
6050130;1;2;1;90;2;;1;21;2;;2;;2;;2;;2;;2;;2;;2;;73;12;73;504.39133561
6050131;1;1;1;90;2;;1;21;2;;2;;2;;2;;2;;2;;2;;2;;73;12;73;178.57607356
6050131;1;2;1;90;2;;1;21;2;;2;;2;;2;;2;;2;;2;;2;;73;12;73;178.57607356
6050131;1;3;1;90;2;;1;10;2;;2;;2;;2;;2;;2;;2;;2;;73;12;73;178.57607356
6050132;1;1;1;90;2;;1;14;2;;2;;2;;2;;2;;2;;2;;2;;73;12;73;261.41959932
6050132;1;2;1;90;2;;1;21;2;;2;;2;;2;;2;;2;;2;;2;;73;12;73;261.41959932
6050133;1;1;1;90;2;;1;12;2;;2;;2;;2;;2;;2;;2;;2;;73;12;73;385.72443067
6050134;1;1;1;90;2;;1;18;2;;2;;2;;2;;2;;2;;2;;2;;73;12;73;318.83315916
6050134;1;2;1;90;2;;1;48;2;;2;;2;;2;;2;;2;;2;;2;;73;12;73;318.83315916
6050134;1;3;1;90;2;;1;7;2;;2;;2;;2;;2;;2;;2;;2;;73;12;73;318.83315916
6050135;1;1;1;90;2;;1;12;2;;2;;2;;2;;2;;2;;2;;2;;73;12;73;589.77479808
6050135;1;4;1;90;2;;1;18;2;;1;14;2;;2;;2;;2;;2;;2;;73;12;73;589.77479808
6050136;1;1;1;90;2;;1;15;2;;2;;2;;2;;2;;2;;2;;2;;73;12;73;178.57607356
6050136;1;2;1;90;2;;1;21;2;;2;;2;;2;;2;;2;;2;;2;;73;12;73;178.57607356
6050136;1;3;1;90;2;;1;7;2;;2;;2;;2;;2;;2;;2;;2;;73;12;73;178.57607356
6050137;1;1;1;90;2;;1;30;2;;1;10;2;;2;;2;;2;;1;8;2;;73;12;73;327.4429175
6050137;1;2;1;90;2;;1;2;2;;2;;2;;2;;2;;2;;2;;2;;73;12;73;327.4429175
6050137;1;3;1;90;2;;1;2;2;;2;;2;;2;;2;;2;;2;;2;;73;12;73;327.4429175
6050141;1;1;1;90;2;;1;21;2;;1;10;2;;2;;2;;2;;2;;2;;73;12;73;322.56097181
6050141;1;2;1;90;2;;2;;2;;2;;2;;2;;2;;2;;2;;2;;73;12;73;322.56097181
6050141;1;3;1;90;2;;1;5;2;;1;15;2;;2;;2;;2;;2;;2;;73;12;73;322.56097181
6050144;1;1;1;90;2;;1;10;2;;2;;2;;2;;2;;2;;2;;2;;73;12;73;346.70124732
6050144;1;2;1;90;2;;2;;2;;2;;2;;2;;2;;2;;2;;2;;73;12;73;346.70124732
6050144;1;4;1;90;2;;1;28;2;;2;;2;;2;;2;;2;;2;;2;;73;12;73;346.70124732
6050147;1;1;1;90;2;;1;15;2;;2;;2;;2;;2;;2;;2;;2;;73;12;73;626.08096349
6050147;1;2;1;90;2;;1;7;2;;2;;2;;2;;2;;2;;2;;2;;73;12;73;626.08096349
6050147;1;5;1;90;2;;1;28;2;;1;2;2;;2;;2;;2;;2;;2;;73;12;73;626.08096349
6050147;1;6;1;90;2;;1;14;2;;1;10;2;;2;;2;;2;;2;;2;;73;12;73;626.08096349
6050147;1;7;1;90;2;;1;7;2;;2;;2;;2;;2;;2;;2;;2;;73;12;73;626.08096349
6050147;1;8;1;90;2;;1;21;2;;2;;2;;2;;2;;2;;2;;2;;73;12;73;626.08096349
6050148;1;1;1;90;2;;1;28;2;;2;;2;;2;;2;;2;;2;;2;;73;12;73;241.18808136
6050148;1;2;1;90;2;;1;14;2;;2;;2;;2;;2;;2;;2;;2;;73;12;73;241.18808136
6050149;1;1;1;90;2;;1;21;2;;1;14;2;;2;;2;;2;;2;;2;;73;12;73;498.92419597
6050149;1;2;1;90;2;;1;4;2;;1;5;2;;2;;2;;2;;2;;2;;73;12;73;498.92419597
6050149;1;3;1;90;2;;2;;2;;2;;2;;2;;2;;2;;2;;2;;73;12;73;498.92419597
6050149;1;4;1;90;2;;1;18;2;;2;;2;;2;;2;;2;;2;;2;;73;12;73;498.92419597
6050150;1;1;1;90;2;;1;21;2;;2;;2;;2;;2;;2;;2;;2;;73;12;73;256.04323195
6050150;1;2;1;90;2;;1;7;2;;2;;2;;2;;2;;2;;2;;2;;73;12;73;256.04323195
6050150;1;3;1;90;2;;2;;2;;2;;2;;2;;2;;2;;2;;2;;73;12;73;256.04323195
6050150;1;4;1;90;2;;1;7;2;;2;;2;;2;;2;;2;;2;;2;;73;12;73;256.04323195
6050150;1;5;1;90;2;;1;10;2;;2;;2;;2;;2;;2;;2;;2;;73;12;73;256.04323195
6050152;1;1;1;90;2;;2;;2;;2;;2;;2;;2;;2;;2;;2;;73;12;73;289.99188287
6050152;1;2;1;90;2;;1;21;2;;2;;1;21;2;;2;;2;;2;;2;;73;12;73;289.99188287
6050152;1;3;1;90;2;;1;21;2;;2;;1;10;2;;2;;2;;2;;2;;73;12;73;289.99188287
6050153;1;1;1;90;2;;1;14;2;;2;;2;;2;;2;;2;;2;;2;;73;12;73;356.69056762
6050154;1;1;1;90;2;;1;4;2;;2;;1;30;2;;2;;2;;2;;2;;73;12;73;437.5690364
6050154;1;2;1;90;2;;1;36;2;;2;;1;24;2;;2;;2;;2;;1;3;73;12;73;437.5690364
6050154;1;3;1;90;2;;1;3;2;;2;;2;;2;;1;1;2;;2;;2;;73;12;73;437.5690364
6050154;1;4;1;90;2;;1;4;2;;2;;1;3;2;;2;;2;;2;;2;;73;12;73;437.5690364
6050154;1;5;1;90;2;;1;5;2;;2;;1;4;2;;2;;2;;2;;2;;73;12;73;437.5690364
6050155;1;1;1;90;2;;1;10;2;;2;;1;15;2;;2;;2;;2;;2;;73;12;73;298.33264845
6050155;1;2;1;90;2;;2;;2;;2;;2;;2;;2;;2;;2;;2;;73;12;73;298.33264845
6050155;1;3;1;90;2;;1;15;2;;2;;2;;2;;2;;2;;2;;2;;73;12;73;298.33264845
6050155;1;4;1;90;2;;1;10;2;;2;;2;;2;;2;;2;;2;;2;;73;12;73;298.33264845
6050156;1;1;1;90;2;;1;24;2;;2;;1;18;2;;2;;2;;2;;2;;73;12;73;261.41959932
6050156;1;2;1;90;2;;2;;2;;2;;2;;2;;2;;2;;2;;2;;73;12;73;261.41959932
6050157;1;1;1;90;2;;2;;2;;2;;2;;2;;2;;2;;2;;2;;73;12;73;178.57607356
6050157;1;2;1;90;2;;1;18;2;;2;;2;;2;;2;;2;;2;;2;;73;12;73;178.57607356
6050157;1;3;1;90;2;;1;15;2;;2;;2;;2;;2;;2;;2;;2;;73;12;73;178.57607356
6050159;1;1;1;90;2;;1;20;2;;2;;2;;2;;2;;2;;2;;2;;73;12;73;178.57607356
6050159;1;2;1;90;2;;1;24;2;;2;;2;;2;;2;;2;;2;;2;;73;12;73;178.57607356
6050159;1;3;1;90;2;;2;;2;;2;;2;;2;;2;;2;;2;;2;;73;12;73;178.57607356
6050161;1;1;1;90;2;;1;18;2;;2;;2;;2;;2;;2;;2;;2;;73;12;73;328.01646961
6050163;1;1;1;90;2;;1;12;2;;2;;2;;2;;2;;2;;2;;2;;73;12;73;356.69056762
6050164;1;1;1;90;2;;1;21;2;;1;12;2;;2;;2;;2;;2;;2;;73;12;73;265.03395565
6050164;1;2;1;90;2;;1;12;2;;2;;2;;2;;2;;2;;2;;2;;73;12;73;265.03395565
6050164;1;3;1;90;2;;1;14;2;;2;;2;;2;;2;;2;;2;;2;;73;12;73;265.03395565
6050165;1;1;1;90;2;;1;6;2;;2;;2;;2;;2;;2;;2;;2;;73;12;73;504.39133561
6050165;1;2;1;90;2;;1;28;2;;1;18;2;;2;;2;;2;;2;;2;;73;12;73;504.39133561
6050166;1;1;1;90;2;;1;18;2;;2;;2;;2;;2;;2;;2;;2;;73;12;73;438.70598247
6050168;1;1;1;90;2;;2;;2;;2;;2;;2;;2;;2;;2;;2;;73;12;73;471.98942495
6050168;1;2;1;90;2;;1;35;2;;1;40;2;;2;;2;;2;;2;;2;;73;12;73;471.98942495
6050169;1;1;1;90;2;;2;;1;14;2;;2;;2;;2;;2;;2;;2;;73;12;73;643.92212478
6050169;1;2;1;90;2;;1;14;2;;1;7;2;;2;;2;;2;;2;;2;;73;12;73;643.92212478
6050170;1;1;1;90;2;;2;;2;;2;;2;;2;;2;;2;;2;;2;;73;12;73;380.15547655
6050170;1;2;1;90;2;;1;18;2;;2;;2;;2;;2;;2;;2;;2;;73;12;73;380.15547655
6050170;1;3;1;90;2;;1;3;2;;2;;2;;2;;2;;2;;2;;2;;73;12;73;380.15547655
6050170;1;4;1;90;2;;1;3;2;;2;;2;;2;;2;;2;;2;;2;;73;12;73;380.15547655
6050173;1;1;1;90;2;;1;7;2;;2;;2;;2;;2;;2;;2;;2;;73;12;73;356.01520105
6050173;1;2;1;90;2;;1;38;2;;2;;2;;2;;2;;2;;2;;2;;73;12;73;356.01520105
6050173;1;3;1;90;2;;2;;2;;2;;2;;2;;2;;2;;2;;2;;73;12;73;356.01520105
6050173;1;4;1;90;2;;1;3;2;;2;;2;;2;;2;;2;;2;;2;;73;12;73;356.01520105
6050174;1;1;1;90;2;;1;21;2;;1;10;2;;2;;2;;2;;2;;2;;73;12;73;556.79933531
6050174;1;2;1;90;2;;2;;2;;1;4;2;;2;;2;;2;;2;;2;;73;12;73;556.79933531
6050174;1;4;1;90;2;;1;21;2;;1;12;2;;2;;2;;2;;2;;2;;73;12;73;556.79933531
6050174;1;5;1;90;2;;1;3;2;;2;;2;;2;;2;;2;;2;;2;;73;12;73;556.79933531
6050175;1;1;1;90;2;;1;10;2;;2;;2;;2;;2;;2;;2;;2;;73;12;73;293.70805366
6050175;1;2;1;90;2;;1;21;2;;2;;2;;2;;2;;2;;2;;2;;73;12;73;293.70805366
6050175;1;3;1;90;2;;1;7;2;;2;;2;;2;;2;;2;;2;;2;;73;12;73;293.70805366
6050176;1;1;1;90;2;;1;10;2;;2;;1;24;2;;2;;2;;2;;2;;73;12;73;178.57607356
6050176;1;2;1;90;2;;1;6;2;;2;;2;;2;;2;;2;;2;;2;;73;12;73;178.57607356
6050177;1;1;1;90;2;;2;;2;;2;;2;;2;;2;;2;;2;;2;;73;12;73;471.98942495
6050177;1;2;1;90;2;;1;12;2;;1;10;2;;2;;2;;2;;2;;2;;73;12;73;471.98942495
6050178;1;1;1;90;2;;1;2;2;;2;;2;;2;;2;;2;;2;;2;;73;12;73;290.45346236
6050178;1;2;1;90;2;;1;14;2;;2;;2;;2;;2;;2;;2;;2;;73;12;73;290.45346236
6050179;1;1;1;90;2;;2;;2;;2;;2;;2;;2;;2;;2;;2;;73;12;73;289.99188287
6050179;1;2;1;90;2;;1;20;2;;2;;2;;2;;2;;2;;2;;2;;73;12;73;289.99188287
6050179;1;3;1;90;2;;2;;2;;2;;2;;2;;2;;2;;2;;2;;73;12;73;289.99188287
6050180;1;1;1;90;2;;1;21;2;;2;;2;;2;;2;;2;;2;;2;;73;12;73;178.57607356
6050180;1;2;1;90;2;;1;21;2;;2;;2;;2;;2;;2;;2;;2;;73;12;73;178.57607356
6050180;1;3;1;90;2;;1;7;2;;2;;2;;2;;2;;2;;2;;2;;73;12;73;178.57607356
6050181;1;1;1;90;2;;2;;2;;2;;2;;2;;2;;2;;2;;2;;73;12;73;446.40422366
6050181;1;2;1;90;2;;1;10;2;;1;12;2;;2;;2;;2;;2;;2;;73;12;73;446.40422366
6050181;1;3;1;90;2;;2;;2;;2;;2;;2;;2;;2;;2;;2;;73;12;73;446.40422366
6050183;1;1;1;90;2;;2;;2;;2;;2;;2;;2;;2;;2;;2;;73;12;73;372.00729771
6050183;1;2;1;90;2;;1;10;2;;2;;2;;2;;2;;2;;2;;2;;73;12;73;372.00729771
6050183;1;3;1;90;2;;2;;2;;2;;2;;2;;2;;2;;2;;2;;73;12;73;372.00729771
6050184;1;1;1;90;2;;1;7;2;;2;;2;;2;;2;;2;;2;;2;;73;12;73;504.39133561
6050184;1;2;1;90;2;;1;15;2;;2;;2;;2;;2;;2;;2;;2;;73;12;73;504.39133561
6050185;1;1;1;90;2;;1;4;2;;2;;2;;2;;2;;2;;2;;2;;73;12;73;247.70246637
6050185;1;2;1;90;2;;1;4;2;;2;;2;;2;;2;;2;;2;;2;;73;12;73;247.70246637
6050185;1;3;1;90;2;;1;24;2;;2;;2;;2;;2;;2;;2;;2;;73;12;73;247.70246637
6050185;1;4;1;90;2;;1;16;2;;2;;2;;2;;2;;2;;2;;2;;73;12;73;247.70246637
6050186;1;1;1;90;2;;2;;2;;2;;2;;2;;2;;2;;2;;2;;73;12;73;261.88117882
6050187;1;1;1;90;2;;1;14;2;;2;;2;;2;;2;;2;;2;;2;;73;12;73;178.57607356
6050187;1;2;1;90;2;;1;30;2;;2;;2;;2;;2;;2;;2;;2;;73;12;73;178.57607356
6050187;1;3;1;90;2;;2;;2;;2;;2;;2;;2;;2;;2;;2;;73;12;73;178.57607356
6050187;1;4;1;90;2;;1;7;2;;2;;2;;2;;2;;2;;2;;2;;73;12;73;178.57607356
6050188;1;1;1;90;2;;1;5;2;;2;;2;;2;;1;8;2;;2;;2;;73;12;73;385.72443067
6050190;1;1;1;90;2;;1;10;2;;2;;2;;2;;2;;2;;2;;2;;73;12;73;385.72443067
6050191;1;1;1;90;2;;1;8;2;;2;;2;;2;;2;;2;;2;;2;;73;12;73;356.69056762
6050192;1;1;1;90;2;;1;2;2;;2;;2;;2;;2;;2;;2;;2;;73;12;73;261.41959932
6050192;1;2;1;90;2;;1;14;2;;2;;2;;2;;2;;2;;2;;2;;73;12;73;261.41959932
6050193;1;1;1;90;2;;1;24;2;;2;;2;;2;;2;;2;;2;;2;;73;12;73;261.88117882
6050194;1;1;1;90;2;;1;10;2;;2;;2;;2;;2;;2;;2;;2;;73;12;73;198.43708536
6050194;1;2;1;90;2;;1;21;2;;2;;2;;2;;2;;2;;2;;2;;73;12;73;198.43708536
6050194;1;3;1;90;2;;1;10;2;;2;;2;;2;;2;;2;;2;;2;;73;12;73;198.43708536
6050194;1;4;1;90;2;;1;7;2;;2;;2;;2;;2;;2;;2;;2;;73;12;73;198.43708536
6050195;1;1;1;90;2;;2;;2;;2;;2;;2;;2;;2;;2;;2;;73;12;73;388.99066382
6050195;1;2;1;90;2;;1;60;2;;2;;2;;2;;2;;2;;2;;2;;73;12;73;388.99066382
6050196;1;1;1;90;2;;1;18;2;;2;;2;;2;;2;;2;;2;;2;;73;12;73;223.29319811
6050196;1;2;1;90;2;;2;;2;;2;;2;;2;;2;;2;;2;;2;;73;12;73;223.29319811
6050196;1;3;1;90;2;;2;;2;;2;;2;;2;;2;;2;;2;;2;;73;12;73;223.29319811
6050196;1;4;1;90;2;;2;;2;;2;;2;;2;;2;;2;;2;;2;;73;12;73;223.29319811
6050196;1;5;1;90;2;;2;;2;;2;;2;;2;;2;;2;;2;;2;;73;12;73;223.29319811
6050200;1;1;1;90;2;;1;10;2;;1;14;2;;2;;2;;2;;2;;2;;73;12;73;582.67893781
6050200;1;2;1;90;2;;2;;2;;2;;2;;2;;2;;2;;2;;2;;73;12;73;582.67893781
6050201;1;1;1;90;2;;2;;2;;2;;2;;2;;2;;2;;2;;2;;73;12;73;473.34915282
6050201;1;2;1;90;2;;1;28;2;;1;14;2;;2;;2;;2;;2;;2;;73;12;73;473.34915282
6050201;1;3;1;90;2;;1;14;2;;2;;2;;2;;2;;2;;2;;2;;73;12;73;473.34915282
6050201;1;4;1;90;2;;1;18;2;;1;14;2;;2;;2;;2;;2;;2;;73;12;73;473.34915282
6050201;1;5;1;90;2;;1;12;2;;2;;2;;2;;2;;2;;2;;2;;73;12;73;473.34915282
6050202;1;1;1;90;2;;1;10;2;;2;;2;;2;;2;;2;;2;;2;;73;12;73;269.76036491
6050202;1;2;1;90;2;;2;;2;;2;;2;;2;;2;;2;;2;;2;;73;12;73;269.76036491
6050202;1;3;1;90;2;;2;;2;;2;;2;;2;;2;;2;;2;;2;;73;12;73;269.76036491
6050203;1;1;1;90;2;;1;15;2;;2;;2;;2;;2;;2;;2;;2;;73;12;73;270.02935766
6050203;1;2;1;90;2;;1;3;2;;2;;2;;2;;2;;2;;2;;2;;73;12;73;270.02935766
6050204;1;1;1;90;2;;1;12;2;;2;;2;;2;;2;;2;;2;;2;;73;12;73;261.88117882
6050206;1;1;1;90;2;;1;12;2;;2;;2;;2;;2;;2;;2;;2;;73;12;73;438.70598247
6050210;1;1;1;90;2;;1;21;2;;2;;2;;2;;2;;2;;2;;2;;73;12;73;322.74191671
6050210;1;2;1;90;2;;2;;2;;2;;2;;2;;2;;2;;2;;2;;73;12;73;322.74191671
6050210;1;3;1;90;2;;1;7;2;;2;;2;;2;;2;;2;;2;;2;;73;12;73;322.74191671
6050211;1;1;1;90;2;;1;24;2;;1;18;2;;2;;2;;2;;2;;2;;73;12;73;376.70829851
6050211;1;2;1;90;2;;2;;2;;2;;2;;2;;2;;2;;2;;2;;73;12;73;376.70829851
6050211;1;3;1;90;2;;2;;2;;2;;2;;2;;2;;2;;2;;2;;73;12;73;376.70829851
6050212;1;1;1;90;2;;1;7;2;;1;3;1;3;2;;2;;2;;2;;2;;73;12;73;498.47425832
6050212;1;2;1;90;2;;1;28;2;;1;18;1;14;2;;2;;2;;2;;2;;73;12;73;498.47425832
6050212;1;3;1;90;2;;1;14;2;;1;4;1;4;2;;2;;2;;2;;2;;73;12;73;498.47425832
6050212;1;6;1;90;2;;1;7;2;;1;5;1;10;2;;2;;2;;2;;1;5;73;12;73;498.47425832
6050212;1;7;1;90;2;;2;;2;;2;;2;;2;;2;;2;;2;;2;;73;12;73;498.47425832
6050213;1;1;1;90;2;;1;14;2;;1;12;2;;2;;2;;2;;2;;2;;73;12;73;495.55614835
6050213;1;2;1;90;2;;2;;2;;2;;2;;2;;2;;2;;2;;2;;73;12;73;495.55614835
6050213;1;3;1;90;2;;2;;2;;2;;2;;2;;2;;2;;2;;2;;73;12;73;495.55614835
6050213;1;4;1;90;2;;1;10;2;;1;10;2;;2;;2;;2;;2;;2;;73;12;73;495.55614835
6050214;1;1;1;90;2;;1;28;2;;2;;2;;2;;2;;2;;2;;2;;73;12;73;212.61579781
6050215;1;1;1;90;2;;1;7;2;;2;;2;;2;;2;;2;;2;;2;;73;12;73;360.41838027
6050216;1;1;1;90;2;;1;12;2;;2;;2;;2;;2;;2;;2;;2;;73;12;73;343.43501417
6050216;1;2;1;90;2;;1;21;2;;2;;2;;2;;2;;2;;2;;2;;73;12;73;343.43501417
6050217;1;1;1;90;2;;2;;2;;2;;2;;2;;2;;2;;2;;2;;73;12;73;504.39133561
6050217;1;2;1;90;2;;1;21;2;;2;;2;;2;;2;;2;;2;;2;;73;12;73;504.39133561
6050219;1;1;1;90;2;;1;10;2;;2;;2;;2;;2;;2;;2;;2;;73;12;73;414.56570697
6050220;1;1;1;90;2;;2;;2;;2;;2;;2;;2;;2;;2;;2;;73;12;73;261.88117882
6050221;1;1;1;90;2;;2;;2;;2;;2;;2;;2;;2;;2;;2;;73;12;73;289.99188287
6050221;1;2;1;90;2;;1;12;2;;2;;2;;2;;2;;2;;2;;2;;73;12;73;289.99188287
6050221;1;3;1;90;2;;1;14;2;;2;;1;14;2;;2;;2;;2;;2;;73;12;73;289.99188287
6050222;1;1;1;90;2;;1;20;2;;2;;2;;2;;2;;2;;2;;2;;73;12;73;519.69642385
6050222;1;2;1;90;2;;2;;2;;2;;2;;2;;2;;2;;2;;2;;73;12;73;519.69642385
6050222;1;3;1;90;2;;2;;2;;2;;2;;2;;2;;2;;2;;2;;73;12;73;519.69642385
6050222;1;4;1;90;2;;2;;2;;2;;2;;2;;2;;2;;2;;2;;73;12;73;519.69642385
6050224;1;1;1;90;2;;2;;2;;2;;2;;2;;2;;2;;2;;2;;73;12;73;466.71487205
6050224;1;2;1;90;2;;1;10;2;;2;;2;;2;;2;;2;;2;;2;;73;12;73;466.71487205
6050224;1;3;1;90;2;;1;15;2;;2;;2;;2;;2;;2;;2;;2;;73;12;73;466.71487205
6050224;1;4;1;90;2;;1;10;2;;2;;2;;2;;2;;2;;2;;2;;73;12;73;466.71487205
6050226;1;1;1;90;2;;1;10;2;;2;;2;;2;;2;;2;;2;;2;;73;12;73;240.72650186
6050226;1;2;1;90;2;;1;21;2;;2;;2;;2;;2;;2;;2;;2;;73;12;73;240.72650186
6050226;1;3;1;90;2;;1;10;2;;2;;2;;2;;2;;2;;2;;2;;73;12;73;240.72650186
6050227;1;1;1;90;2;;1;10;2;;2;;2;;2;;2;;2;;2;;2;;73;12;73;178.57607356
6050227;1;2;1;90;2;;1;10;2;;2;;2;;2;;2;;2;;2;;2;;73;12;73;178.57607356
6050227;1;3;1;90;2;;1;10;2;;2;;2;;2;;2;;2;;2;;2;;73;12;73;178.57607356
6050228;1;1;1;90;2;;2;;2;;2;;2;;2;;2;;2;;2;;2;;73;12;73;318.83315916
6050228;1;2;1;90;2;;1;45;2;;2;;2;;2;;2;;2;;2;;2;;73;12;73;318.83315916
6050228;1;3;1;90;2;;1;10;2;;2;;2;;2;;2;;2;;2;;2;;73;12;73;318.83315916
6050229;1;1;1;90;2;;2;;2;;2;;2;;2;;2;;2;;2;;2;;73;12;73;212.15421831
6050229;1;2;1;90;2;;2;;2;;2;;2;;2;;2;;2;;2;;2;;73;12;73;212.15421831
6050231;1;1;1;90;2;;1;8;2;;1;10;2;;2;;2;;2;;2;;2;;73;12;73;314.29933665
6050231;1;2;1;90;2;;2;;2;;2;;2;;2;;2;;2;;2;;2;;73;12;73;314.29933665
6050231;1;4;1;90;2;;1;21;2;;2;;2;;2;;2;;2;;2;;2;;73;12;73;314.29933665
6050232;1;1;1;90;2;;2;;2;;2;;2;;2;;2;;2;;2;;2;;73;12;73;198.89866486
6050232;1;2;1;90;2;;1;5;2;;2;;2;;2;;2;;2;;2;;2;;73;12;73;198.89866486
6050232;1;3;1;90;2;;2;;2;;2;;2;;2;;2;;2;;2;;2;;73;12;73;198.89866486
6050233;1;1;1;90;2;;2;;2;;2;;2;;2;;2;;2;;2;;2;;73;12;73;261.88117882
6050234;1;1;1;90;2;;1;18;2;;2;;2;;2;;2;;2;;2;;2;;73;12;73;290.45346236
6050234;1;2;1;90;2;;2;;2;;2;;2;;2;;2;;2;;2;;2;;73;12;73;290.45346236
6050235;1;1;1;90;2;;1;10;2;;2;;2;;2;;2;;2;;2;;2;;73;12;73;284.88450825
6050235;1;2;1;90;2;;1;7;2;;2;;2;;2;;2;;2;;2;;2;;73;12;73;284.88450825
6050235;1;3;1;90;2;;1;3;2;;2;;2;;2;;2;;2;;2;;2;;73;12;73;284.88450825
6050235;1;4;1;90;2;;1;10;2;;2;;2;;2;;2;;2;;2;;2;;73;12;73;284.88450825
6050235;1;5;1;90;2;;1;5;2;;2;;2;;2;;2;;2;;2;;2;;73;12;73;284.88450825
6050236;1;1;1;90;2;;1;14;2;;2;;2;;2;;2;;2;;2;;2;;73;12;73;261.88117882
6050237;1;1;1;90;2;;1;18;2;;2;;2;;2;;2;;2;;2;;2;;73;12;73;443.4171414
6050238;1;1;1;90;2;;1;14;2;;2;;2;;2;;2;;2;;2;;2;;73;12;73;212.61579781
6050239;1;1;1;90;2;;1;5;2;;2;;2;;2;;2;;2;;2;;2;;73;12;73;212.15421831
6050239;1;2;1;90;2;;1;21;2;;2;;2;;2;;2;;2;;2;;2;;73;12;73;212.15421831
6050241;1;1;1;90;2;;1;7;2;;2;;2;;2;;2;;2;;2;;2;;73;12;73;178.57607356
6050241;1;2;1;90;2;;1;28;2;;2;;2;;2;;2;;2;;2;;2;;73;12;73;178.57607356
6050241;1;3;1;90;2;;1;3;2;;2;;2;;2;;2;;2;;2;;1;6;73;12;73;178.57607356
6050241;1;4;1;90;2;;1;30;2;;2;;2;;2;;2;;2;;2;;2;;73;12;73;178.57607356
6050241;1;5;1;90;2;;1;7;2;;2;;2;;2;;2;;2;;2;;1;14;73;12;73;178.57607356
6050242;1;1;1;90;2;;1;14;2;;2;;2;;2;;2;;2;;2;;2;;73;12;73;385.72443067
6050243;1;1;1;90;2;;1;5;2;;2;;2;;2;;2;;2;;2;;2;;73;12;73;356.69056762
6050244;1;1;1;90;2;;1;12;2;;2;;2;;2;;2;;2;;2;;2;;73;12;73;241.18808136
6050244;1;2;1;90;2;;1;10;2;;2;;2;;2;;2;;2;;2;;2;;73;12;73;241.18808136
6050245;1;1;1;90;2;;1;36;2;;2;;2;;2;;2;;2;;2;;2;;76;12;76;921.05611595
6050245;1;2;1;90;2;;1;3;2;;2;;2;;2;;2;;2;;2;;2;;76;12;76;921.05611595
6050246;1;1;1;90;2;;1;30;2;;2;;2;;2;;2;;2;;2;;2;;76;12;76;965.15938767
6050246;1;2;1;90;2;;2;;2;;2;;2;;2;;2;;2;;2;;2;;76;12;76;965.15938767
6050247;1;1;1;90;2;;1;4;2;;1;28;2;;2;;2;;2;;2;;2;;76;12;76;2132.0458583
6050247;1;2;1;90;2;;1;20;2;;1;30;2;;2;;2;;2;;2;;2;;76;12;76;2132.0458583
6050247;1;3;1;90;2;;1;7;2;;1;12;2;;2;;2;;2;;2;;2;;76;12;76;2132.0458583
6050247;1;4;1;90;2;;1;7;2;;1;10;2;;2;;2;;2;;2;;2;;76;12;76;2132.0458583
6050248;1;1;1;90;2;;2;;2;;2;;2;;2;;2;;2;;2;;2;;76;12;76;923.99743572
6050248;1;2;1;90;2;;1;12;2;;2;;2;;2;;2;;2;;2;;2;;76;12;76;923.99743572
6050248;1;3;1;90;2;;1;15;2;;2;;2;;2;;2;;2;;2;;2;;76;12;76;923.99743572
6050250;1;1;1;90;2;;1;7;2;;2;;1;41;2;;2;;2;;2;;2;;76;12;76;725.99903763
6050250;1;2;1;90;2;;2;;2;;2;;2;;2;;2;;2;;2;;2;;76;12;76;725.99903763
6050251;1;1;1;90;2;;1;24;2;;2;;2;;2;;2;;2;;2;;2;;76;12;76;1204.3197377
6050251;1;2;1;90;2;;2;;2;;2;;2;;2;;2;;2;;2;;2;;76;12;76;1204.3197377
6050252;1;1;1;90;2;;1;20;2;;2;;2;;2;;2;;2;;2;;2;;76;12;76;1256.7501622
6050254;1;1;1;90;2;;1;42;2;;2;;2;;2;;2;;2;;2;;2;;76;12;76;965.15938767
6050254;1;2;1;90;2;;1;15;2;;2;;2;;2;;2;;2;;2;;2;;76;12;76;965.15938767
6050255;1;1;1;90;2;;1;21;2;;2;;2;;2;;2;;2;;2;;2;;76;12;76;768.7537274
6050255;1;2;1;90;2;;2;;2;;2;;2;;2;;2;;2;;2;;2;;76;12;76;768.7537274
6050255;1;3;1;90;2;;2;;2;;2;;2;;2;;2;;2;;2;;2;;76;12;76;768.7537274
6050255;1;4;1;90;2;;2;;2;;2;;2;;2;;2;;2;;2;;2;;76;12;76;768.7537274
6050256;1;1;1;90;2;;1;6;2;;2;;2;;2;;1;4;2;;2;;2;;76;12;76;1307.8320048
6050256;1;2;1;90;2;;1;6;2;;2;;2;;2;;1;2;2;;2;;2;;76;12;76;1307.8320048
6050257;1;1;1;90;2;;1;2;2;;1;12;2;;2;;2;;2;;2;;2;;76;12;76;1537.1384087
6050257;1;2;1;90;2;;1;30;2;;1;35;2;;2;;1;2;2;;2;;2;;76;12;76;1537.1384087
6050258;1;1;1;90;2;;1;10;2;;2;;2;;2;;2;;2;;2;;2;;76;12;76;828.81232141
6050258;1;2;1;90;2;;1;10;2;;2;;2;;2;;2;;2;;1;24;2;;76;12;76;828.81232141
6050262;1;1;1;90;2;;1;15;2;;2;;2;;2;;2;;2;;2;;2;;76;12;76;1017.5898122
6050263;1;1;1;90;2;;1;28;2;;2;;2;;1;1;2;;2;;2;;2;;76;12;76;922.64885378
6050263;1;2;1;90;2;;1;3;2;;2;;2;;2;;2;;1;8;2;;2;;76;12;76;922.64885378
6050263;1;3;1;90;2;;1;12;2;;2;;2;;2;;2;;1;40;2;;2;;76;12;76;922.64885378
6050263;1;4;1;90;2;;1;12;2;;2;;2;;2;;2;;2;;2;;2;;76;12;76;922.64885378
6050263;1;5;1;90;2;;1;2;2;;2;;2;;2;;2;;2;;2;;2;;76;12;76;922.64885378
6050264;1;1;1;90;2;;1;18;2;;1;25;2;;2;;2;;2;;2;;2;;76;12;76;1944.6169494
6050264;1;2;1;90;2;;1;10;2;;2;;2;;2;;2;;2;;2;;2;;76;12;76;1944.6169494
6050264;1;3;1;90;2;;1;6;2;;2;;2;;2;;2;;2;;2;;2;;76;12;76;1944.6169494
6050265;1;1;1;90;2;;1;7;2;;2;;2;;2;;2;;2;;2;;2;;76;12;76;1056.7701433
6050265;1;2;1;90;2;;1;20;2;;2;;2;;2;;2;;2;;2;;2;;76;12;76;1056.7701433
6050265;1;3;1;90;2;;1;14;2;;1;15;2;;2;;2;;2;;2;;2;;76;12;76;1056.7701433
6050265;1;4;1;90;2;;1;20;2;;1;20;2;;2;;2;;2;;2;;2;;76;12;76;1056.7701433
6050266;1;1;1;90;2;;2;;2;;2;;2;;2;;2;;2;;2;;2;;76;12;76;654.59029339
6050266;1;2;1;90;2;;2;;2;;2;;2;;2;;2;;2;;2;;2;;76;12;76;654.59029339
6050266;1;3;1;90;2;;1;35;2;;2;;1;56;2;;2;;2;;2;;2;;76;12;76;654.59029339
6050266;1;4;1;90;2;;2;;2;;2;;2;;2;;2;;2;;2;;2;;76;12;76;654.59029339
6050266;2;1;2;90;2;;1;3;2;;2;;1;14;2;;2;;2;;2;;2;;76;12;76;654.59029339
6050266;2;2;2;90;2;;1;28;2;;2;;1;14;2;;2;;2;;2;;2;;76;12;76;654.59029339
6050270;1;1;1;90;2;;1;32;2;;1;12;2;;2;;2;;2;;2;;2;;76;12;76;1555.1965507
6050270;1;4;1;90;2;;1;18;2;;1;17;2;;2;;2;;2;;2;;2;;76;12;76;1555.1965507
6050271;1;1;1;90;2;;1;8;2;;2;;2;;2;;2;;2;;2;;2;;76;12;76;963.81080572
6050271;1;2;1;90;2;;1;10;2;;2;;2;;2;;2;;1;3;2;;2;;76;12;76;963.81080572
6050271;1;3;1;90;2;;2;;2;;2;;2;;2;;2;;2;;2;;2;;76;12;76;963.81080572
6050271;1;4;1;90;2;;1;10;2;;2;;2;;2;;2;;2;;2;;2;;76;12;76;963.81080572
6050272;1;1;1;90;2;;1;7;2;;2;;2;;2;;2;;2;;2;;2;;76;12;76;776.38189687
6050272;1;2;1;90;2;;1;35;2;;2;;2;;2;;2;;2;;2;;2;;76;12;76;776.38189687
6050272;1;3;1;90;2;;2;;2;;2;;2;;2;;2;;2;;2;;2;;76;12;76;776.38189687
6050273;1;1;1;90;2;;1;7;2;;2;;2;;2;;2;;2;;2;;2;;76;12;76;828.81232141
6050273;1;2;1;90;2;;1;14;2;;2;;2;;2;;2;;2;;2;;2;;76;12;76;828.81232141
6050277;1;1;1;90;2;;2;;2;;2;;2;;2;;2;;2;;2;;2;;76;12;76;971.43897519
6050277;1;2;1;90;2;;1;18;2;;2;;2;;2;;2;;2;;2;;2;;76;12;76;971.43897519
6050277;1;3;1;90;2;;1;6;2;;2;;2;;2;;2;;2;;2;;2;;76;12;76;971.43897519
6050279;1;1;1;90;2;;1;3;2;;2;;2;;2;;2;;2;;2;;2;;76;12;76;1277.6625827
6050279;1;2;1;90;2;;1;42;2;;2;;2;;2;;2;;2;;2;;2;;76;12;76;1277.6625827
6050279;1;3;1;90;2;;1;12;2;;2;;2;;2;;2;;2;;2;;2;;76;12;76;1277.6625827
6050280;1;1;1;90;2;;1;25;2;;2;;2;;2;;2;;2;;2;;2;;76;12;76;965.15938767
6050280;1;2;1;90;2;;1;30;2;;2;;2;;2;;2;;2;;2;;2;;76;12;76;965.15938767
6050282;1;1;1;90;2;;1;10;2;;1;5;2;;2;;2;;2;;2;;2;;76;12;76;1734.9270381
6050282;1;2;1;90;2;;1;5;2;;2;;2;;2;;2;;2;;2;;2;;76;12;76;1734.9270381
6050284;1;1;1;90;2;;1;21;2;;1;10;2;;2;;2;;2;;2;;2;;76;12;76;1651.6432057
6050284;1;2;1;90;2;;1;14;2;;1;10;2;;2;;2;;2;;2;;2;;76;12;76;1651.6432057
6050285;1;1;1;90;2;;2;;2;;2;;2;;2;;2;;1;6;2;;2;;76;12;76;1193.1172096
6050285;1;2;1;90;2;;1;12;2;;1;5;2;;2;;2;;2;;2;;2;;76;12;76;1193.1172096
6050285;1;3;1;90;2;;2;;2;;2;;2;;2;;2;;2;;2;;2;;76;12;76;1193.1172096
6050285;1;4;1;90;2;;1;15;2;;1;14;2;;2;;2;;2;;2;;2;;76;12;76;1193.1172096
6050286;1;1;1;90;2;;1;21;2;;2;;2;;2;;2;;2;;2;;2;;76;12;76;1017.5898122
6050287;1;1;1;90;2;;1;21;2;;2;;2;;2;;2;;2;;2;;2;;76;12;76;1207.9600408
6050287;1;2;1;90;2;;2;;2;;2;;2;;2;;2;;2;;2;;2;;76;12;76;1207.9600408
6050287;1;3;1;90;2;;2;;2;;1;8;2;;2;;2;;2;;2;;2;;76;12;76;1207.9600408
6050288;1;1;1;90;2;;1;30;2;;2;;2;;2;;2;;2;;2;;2;;76;12;76;828.81232141
6050288;1;2;1;90;2;;1;35;2;;2;;2;;2;;2;;2;;2;;2;;76;12;76;828.81232141
6050290;1;1;1;90;2;;2;;2;;2;;2;;2;;2;;2;;2;;2;;76;12;76;1022.5208178
6050290;1;2;1;90;2;;2;;2;;2;;2;;2;;2;;2;;2;;2;;76;12;76;1022.5208178
6050290;1;3;1;90;2;;1;7;2;;2;;2;;2;;2;;2;;2;;2;;76;12;76;1022.5208178
6050290;1;4;1;90;2;;1;14;2;;2;;2;;2;;2;;2;;2;;2;;76;12;76;1022.5208178
6050291;1;1;1;90;2;;1;31;2;;2;;2;;2;;2;;2;;2;;2;;76;12;76;971.43897519
6050291;1;2;1;90;2;;1;3;2;;2;;2;;2;;2;;2;;2;;2;;76;12;76;971.43897519
6050291;1;3;1;90;2;;1;4;2;;2;;2;;2;;1;20;2;;2;;2;;76;12;76;971.43897519
6050292;1;1;1;90;2;;1;10;2;;2;;2;;2;;2;;2;;2;;2;;76;12;76;1499.5508154
6050292;2;1;2;90;2;;1;5;2;;2;;2;;2;;2;;2;;2;;2;;76;12;76;1499.5508154
6050294;1;1;1;90;2;;1;2;2;;2;;2;;2;;2;;2;;2;;2;;76;12;76;1233.559311
6050294;1;2;1;90;2;;2;;2;;2;;2;;2;;2;;2;;2;;2;;76;12;76;1233.559311
6050294;1;3;1;90;2;;1;14;2;;2;;2;;2;;2;;2;;2;;2;;76;12;76;1233.559311
6050295;1;1;1;90;2;;1;12;2;;2;;2;;2;;2;;2;;2;;2;;76;12;76;1330.0930073
6050295;1;2;1;90;2;;1;7;2;;2;;2;;2;;2;;2;;2;;2;;76;12;76;1330.0930073
6050296;1;1;1;90;2;;2;;2;;2;;2;;2;;2;;2;;2;;2;;76;12;76;1112.7749265
6050296;1;2;1;90;2;;1;7;2;;2;;2;;2;;2;;2;;2;;2;;76;12;76;1112.7749265
6050297;1;1;1;90;2;;2;;2;;2;;2;;2;;2;;2;;2;;2;;76;12;76;965.15938767
6050297;1;2;1;90;2;;1;14;2;;2;;2;;2;;2;;2;;2;;2;;76;12;76;965.15938767
6050298;1;1;1;90;2;;1;7;2;;2;;2;;2;;2;;2;;2;;2;;76;12;76;1307.8320048
6050298;1;2;1;90;2;;1;6;2;;2;;2;;2;;2;;2;;2;;2;;76;12;76;1307.8320048
6050299;1;1;1;90;2;;1;30;2;;2;;2;;2;;2;;2;;2;;2;;76;12;76;1227.2797235
6050299;1;2;1;90;2;;1;4;2;;2;;2;;2;;2;;2;;2;;2;;76;12;76;1227.2797235
6050304;1;1;1;90;2;;1;4;2;;2;;2;;2;;1;2;2;;2;;2;;76;12;76;1215.5882103
6050304;1;2;1;90;2;;1;14;2;;2;;2;;2;;2;;2;;2;;2;;76;12;76;1215.5882103
6050306;1;1;1;90;2;;1;4;2;;1;8;2;;2;;2;;2;;2;;2;;76;12;76;1629.3822032
6050306;1;2;1;90;2;;1;25;2;;1;40;2;;2;;2;;2;;2;;2;;76;12;76;1629.3822032
6050307;1;1;1;90;2;;1;21;2;;2;;2;;2;;2;;2;;2;;2;;76;12;76;654.59029339
6050307;1;2;1;90;2;;1;4;2;;2;;2;;2;;2;;2;;2;;2;;76;12;76;654.59029339
6050307;2;1;2;90;2;;2;;2;;2;;2;;2;;2;;2;;2;;2;;76;12;76;654.59029339
6050307;2;2;2;90;2;;1;21;2;;2;;1;11;2;;2;;2;;2;;2;;76;12;76;654.59029339
6050307;3;1;3;90;2;;1;14;2;;2;;1;8;2;;2;;2;;2;;1;3;76;12;76;654.59029339
6050307;3;2;3;90;2;;1;2;2;;2;;2;;2;;2;;2;;2;;2;;76;12;76;654.59029339
6050308;1;1;1;90;2;;2;;2;;2;;2;;2;;2;;2;;2;;2;;76;12;76;1425.2781216
6050308;1;2;1;90;2;;1;21;2;;2;;2;;2;;2;;2;;2;;2;;76;12;76;1425.2781216
6050308;1;3;1;90;2;;2;;2;;2;;2;;2;;2;;2;;2;;2;;76;12;76;1425.2781216
6050309;1;1;1;90;2;;1;35;2;;2;;2;;2;;2;;2;;2;;2;;76;12;76;1017.5898122
6050311;1;1;1;90;2;;1;20;2;;1;20;2;;2;;2;;2;;2;;2;;76;12;76;1946.2096873
6050311;2;1;2;90;2;;1;5;2;;2;;2;;2;;2;;1;20;2;;2;;76;12;76;1946.2096873
6050311;2;2;2;90;2;;1;20;2;;2;;2;;1;2;2;;1;15;2;;2;;76;12;76;1946.2096873
6050311;2;3;2;90;2;;1;1;2;;2;;2;;2;;2;;2;;1;2;2;;76;12;76;1946.2096873
6050311;2;4;2;90;2;;1;21;2;;2;;2;;2;;2;;1;3;2;;2;;76;12;76;1946.2096873
6050311;2;5;2;90;2;;1;7;2;;2;;2;;2;;2;;1;4;2;;2;;76;12;76;1946.2096873
6050313;1;1;1;90;2;;1;2;2;;2;;2;;2;;2;;2;;2;;2;;76;12;76;1337.7553344
6050313;1;2;1;90;2;;1;35;2;;2;;2;;2;;2;;2;;2;;2;;76;12;76;1337.7553344
6050313;1;3;1;90;2;;1;3;2;;1;3;2;;2;;2;;2;;2;;2;;76;12;76;1337.7553344
6050313;1;4;1;90;2;;2;;2;;2;;2;;2;;2;;2;;2;;2;;76;12;76;1337.7553344
6050313;1;5;1;90;2;;1;5;2;;2;;2;;2;;2;;2;;2;;2;;76;12;76;1337.7553344
6050313;2;1;2;90;2;;1;21;2;;1;10;2;;2;;2;;2;;2;;2;;76;12;76;1337.7553344
6050313;3;1;3;90;2;;1;10;2;;2;;2;;2;;2;;2;;2;;2;;76;12;76;1337.7553344
6050313;3;2;3;90;2;;1;4;2;;2;;2;;2;;2;;2;;2;;2;;76;12;76;1337.7553344
6050315;1;1;1;90;2;;1;1;2;;2;;2;;2;;2;;2;;2;;2;;76;12;76;1743.8870002
6050315;1;2;1;90;2;;1;14;2;;1;12;2;;2;;2;;2;;2;;2;;76;12;76;1743.8870002
6050319;1;1;1;90;2;;1;42;2;;2;;2;;2;;2;;2;;2;;2;;76;12;76;753.19104566
6050319;1;2;1;90;2;;1;6;2;;2;;2;;2;;2;;2;;2;;2;;76;12;76;753.19104566
6050319;1;3;1;90;2;;1;6;2;;2;;2;;2;;2;;2;;2;;2;;76;12;76;753.19104566
6050319;1;4;1;90;2;;2;;2;;2;;2;;2;;2;;2;;2;;2;;76;12;76;753.19104566
6050319;1;5;1;90;2;;1;2;2;;2;;2;;2;;2;;2;;2;;2;;76;12;76;753.19104566
6050321;1;1;1;90;2;;1;20;2;;2;;2;;2;;2;;2;;2;;2;;76;12;76;1112.7749265
6050321;1;2;1;90;2;;2;;2;;2;;2;;2;;2;;2;;2;;2;;76;12;76;1112.7749265
6050322;1;1;1;90;2;;2;;2;;2;;2;;2;;2;;2;;2;;2;;76;12;76;1119.054514
6050322;1;2;1;90;2;;1;20;2;;2;;2;;2;;2;;2;;2;;2;;76;12;76;1119.054514
6050322;1;3;1;90;2;;1;14;2;;2;;2;;2;;2;;2;;2;;2;;76;12;76;1119.054514
6050323;1;1;1;90;2;;1;14;2;;1;5;2;;2;;2;;2;;2;;2;;76;12;76;1712.6660357
6050323;1;2;1;90;2;;1;14;2;;2;;2;;2;;2;;2;;2;;2;;76;12;76;1712.6660357
6050324;1;1;1;90;1;7;1;14;2;;1;7;1;8;2;;2;;2;;2;;2;;76;12;76;1449.6158511
6050324;1;2;1;90;2;;1;10;2;;1;28;2;;2;;2;;2;;2;;1;2;76;12;76;1449.6158511
6050324;1;4;1;90;1;3;1;1;2;;1;10;2;;2;;2;;2;;2;;2;;76;12;76;1449.6158511
6050324;1;5;1;90;2;;1;5;2;;2;;2;;2;;2;;2;;2;;2;;76;12;76;1449.6158511
6050325;1;1;1;90;2;;1;7;2;;2;;2;;2;;2;;2;;2;;2;;76;12;76;732.27862516
6050325;1;2;1;90;2;;1;14;2;;2;;2;;2;;1;5;2;;2;;2;;76;12;76;732.27862516
6050325;1;3;1;90;2;;1;4;2;;2;;2;;2;;2;;2;;2;;2;;76;12;76;732.27862516
6050326;1;1;1;90;2;;1;15;2;;2;;2;;2;;2;;2;;2;;2;;76;12;76;1215.5882103
6050326;1;2;1;90;2;;1;15;2;;2;;2;;2;;2;;2;;2;;2;;76;12;76;1215.5882103
6050327;1;1;1;90;2;;1;14;2;;2;;2;;2;;2;;2;;2;;2;;76;12;76;1330.0930073
6050327;1;2;1;90;2;;1;5;2;;2;;2;;2;;2;;2;;2;;2;;76;12;76;1330.0930073
6050329;1;1;1;90;2;;1;20;2;;1;3;2;;2;;2;;2;;2;;2;;76;12;76;1734.9270381
6050329;1;2;1;90;2;;2;;2;;2;;2;;2;;2;;2;;2;;2;;76;12;76;1734.9270381
6050330;1;1;1;90;2;;1;7;2;;2;;2;;2;;2;;2;;2;;2;;76;12;76;1935.6058108
6050330;1;2;1;90;2;;1;4;2;;2;;2;;2;;2;;2;;2;;2;;76;12;76;1935.6058108
6050331;1;1;1;90;2;;1;5;2;;2;;2;;2;;2;;2;;2;;2;;76;12;76;1956.5182313
6050331;1;2;1;90;2;;1;36;2;;1;14;2;;2;;2;;2;;2;;2;;76;12;76;1956.5182313
6050331;1;3;1;90;2;;1;4;2;;2;;2;;2;;2;;2;;2;;2;;76;12;76;1956.5182313
6050331;1;4;1;90;2;;2;;2;;2;;2;;2;;2;;2;;2;;2;;76;12;76;1956.5182313
6050332;1;1;1;90;2;;1;21;2;;1;25;2;;2;;2;;2;;2;;2;;76;12;76;2117.5000666
6050332;1;2;1;90;2;;2;;2;;2;;2;;2;;2;;2;;2;;2;;76;12;76;2117.5000666
6050333;1;1;1;90;2;;1;6;2;;2;;2;;2;;2;;2;;2;;2;;76;12;76;1351.9352766
6050333;1;2;1;90;2;;1;15;2;;2;;2;;2;;2;;2;;2;;2;;76;12;76;1351.9352766
6050336;1;1;1;90;2;;1;14;2;;2;;2;;2;;2;;2;;2;;2;;76;12;76;1404.3657011
6050337;1;1;1;90;2;;1;1;2;;1;3;2;;2;;2;;2;;2;;2;;76;12;76;1410.4352903
6050337;1;2;1;90;2;;1;28;2;;1;25;2;;2;;2;;2;;2;;2;;76;12;76;1410.4352903
6050337;2;1;2;90;2;;1;5;2;;2;;2;;2;;2;;2;;2;;2;;76;12;76;1410.4352903
6050337;2;2;2;90;2;;1;14;2;;2;;2;;2;;2;;2;;2;;2;;76;12;76;1410.4352903
6050338;1;1;1;90;2;;1;15;2;;1;10;2;;2;;2;;2;;2;;2;;76;12;76;1441.9532944
6050343;1;1;1;90;2;;1;24;2;;2;;2;;2;;2;;2;;2;;2;;76;12;76;1139.9669345
6050343;1;2;1;90;2;;2;;2;;2;;2;;2;;2;;2;;2;;2;;76;12;76;1139.9669345
6050343;1;3;1;90;2;;1;21;2;;2;;2;;2;;2;;2;;2;;2;;76;12;76;1139.9669345
6050343;1;4;1;90;2;;1;15;2;;2;;2;;2;;2;;2;;2;;2;;76;12;76;1139.9669345
6050343;1;5;1;90;2;;1;14;2;;2;;2;;2;;2;;2;;2;;2;;76;12;76;1139.9669345
6050344;1;1;1;90;2;;1;5;2;;2;;2;;2;;2;;2;;2;;2;;76;12;76;1215.5882103
6050344;1;2;1;90;2;;1;5;2;;2;;2;;2;;2;;2;;2;;2;;76;12;76;1215.5882103
6050345;1;1;1;90;2;;1;14;2;;1;25;2;;2;;1;5;2;;2;;1;2;76;12;76;1858.6886071
6050345;1;2;1;90;2;;2;;2;;2;;2;;2;;1;3;2;;2;;1;2;76;12;76;1858.6886071
6050347;1;1;1;90;2;;2;;2;;2;;2;;2;;2;;2;;2;;2;;76;12;76;1310.7733246
6050347;1;2;1;90;2;;1;14;2;;2;;2;;2;;1;15;2;;2;;2;;76;12;76;1310.7733246
6050347;1;3;1;90;2;;1;14;2;;2;;2;;2;;1;8;2;;2;;2;;76;12;76;1310.7733246
6050348;1;1;1;90;2;;1;2;2;;2;;2;;2;;2;;2;;2;;1;2;76;12;76;1215.5882103
6050348;1;2;1;90;2;;1;2;2;;1;20;2;;2;;2;;2;;2;;1;4;76;12;76;1215.5882103
6050355;1;1;1;90;2;;1;14;2;;2;;2;;2;;2;;2;;2;;2;;76;12;76;1214.2396284
6050355;1;2;1;90;2;;1;4;2;;2;;2;;2;;2;;2;;2;;2;;76;12;76;1214.2396284
6050355;1;3;1;90;2;;2;;2;;2;;2;;2;;2;;2;;2;;2;;76;12;76;1214.2396284
6050355;1;4;1;90;2;;1;7;2;;2;;2;;2;;2;;2;;2;;2;;76;12;76;1214.2396284
6050356;1;1;1;90;2;;2;;2;;2;;2;;2;;2;;2;;2;;2;;76;12;76;965.15938767
6050356;1;2;1;90;2;;1;12;2;;2;;1;10;2;;2;;2;;2;;2;;76;12;76;965.15938767
6050357;1;1;1;90;2;;1;14;2;;2;;2;;2;;2;;2;;2;;2;;76;12;76;1256.7501622
6050362;1;1;1;90;2;;1;14;2;;2;;1;14;2;;2;;2;;2;;2;;76;12;76;1290.9468338
6050362;1;2;1;90;2;;1;42;2;;2;;1;10;2;;2;;2;;2;;2;;76;12;76;1290.9468338
6050362;1;3;1;90;2;;2;;2;;2;;2;;2;;2;;2;;2;;2;;76;12;76;1290.9468338
6050362;1;4;1;90;2;;2;;2;;2;;1;4;2;;2;;2;;2;;2;;76;12;76;1290.9468338
6050362;1;5;1;90;2;;1;28;2;;2;;1;28;2;;2;;2;;2;;2;;76;12;76;1290.9468338
6050362;1;6;1;90;2;;2;;2;;2;;2;;2;;2;;2;;2;;2;;76;12;76;1290.9468338
6050363;1;1;1;90;2;;2;;2;;2;;2;;2;;2;;2;;2;;2;;76;12;76;944.90985623
6050363;1;2;1;90;2;;1;21;2;;2;;2;;2;;2;;2;;2;;2;;76;12;76;944.90985623
6050363;1;3;1;90;2;;1;14;2;;2;;2;;2;;2;;2;;1;4;2;;76;12;76;944.90985623
6050363;1;4;1;90;2;;1;4;2;;2;;2;;2;;2;;2;;2;;2;;76;12;76;944.90985623
6050363;1;5;1;90;2;;1;21;2;;2;;2;;2;;2;;2;;2;;2;;76;12;76;944.90985623
6050364;1;1;1;90;2;;1;10;2;;2;;2;;2;;2;;2;;2;;2;;76;12;76;1211.2983086
6050364;1;2;1;90;2;;1;21;2;;2;;2;;2;;1;4;2;;2;;2;;76;12;76;1211.2983086
6050364;1;3;1;90;2;;1;10;2;;2;;2;;2;;2;;2;;2;;2;;76;12;76;1211.2983086
6050368;1;1;1;90;1;3;1;1;2;;2;;2;;2;;2;;1;8;2;;1;8;76;12;76;1425.2781216
6050368;1;2;1;90;1;7;1;35;2;;2;;2;;2;;2;;1;8;2;;1;8;76;12;76;1425.2781216
6050368;1;3;1;90;2;;2;;2;;2;;2;;2;;2;;2;;2;;2;;76;12;76;1425.2781216
6050369;1;1;1;90;2;;2;;2;;2;;2;;2;;2;;2;;2;;2;;76;12;76;2294.6909485
6050369;1;2;1;90;2;;1;7;1;10;2;;2;;2;;2;;2;;2;;2;;76;12;76;2294.6909485
6050369;1;3;1;90;2;;2;;2;;2;;2;;2;;2;;2;;2;;2;;76;12;76;2294.6909485
6050369;1;4;1;90;2;;2;;2;;1;8;2;;2;;2;;2;;2;;2;;76;12;76;2294.6909485
6050369;1;5;1;90;2;;1;14;2;;2;;2;;2;;2;;2;;2;;2;;76;12;76;2294.6909485
6050369;1;7;1;90;2;;1;24;2;;1;20;2;;2;;2;;2;;2;;2;;76;12;76;2294.6909485
6050369;1;8;1;90;2;;1;8;2;;1;30;2;;2;;2;;2;;2;;2;;76;12;76;2294.6909485
6050370;1;1;1;90;2;;1;4;2;;2;;2;;2;;2;;2;;2;;2;;76;12;76;1120.403096
6050374;1;1;1;90;2;;1;8;2;;2;;2;;2;;1;8;2;;2;;2;;76;12;76;1712.6660357
6050374;1;2;1;90;2;;1;10;2;;1;32;2;;2;;2;;2;;2;;2;;76;12;76;1712.6660357
6050375;1;1;1;90;2;;1;2;2;;2;;2;;2;;2;;2;;2;;2;;76;12;76;1017.5898122
6050376;1;1;1;90;2;;1;5;2;;2;;2;;2;;2;;2;;2;;2;;76;12;76;1440.6047124
6050376;1;2;1;90;2;;1;40;2;;1;28;2;;2;;2;;2;;2;;2;;76;12;76;1440.6047124
6050376;1;3;1;90;2;;1;4;2;;2;;2;;2;;2;;2;;2;;2;;76;12;76;1440.6047124
6050378;1;1;1;90;2;;1;5;2;;2;;2;;2;;2;;2;;2;;2;;76;12;76;1553.8479687
6050378;1;2;1;90;2;;1;8;2;;1;20;2;;2;;2;;2;;2;;2;;76;12;76;1553.8479687
6050378;1;5;1;90;2;;1;35;2;;2;;2;;2;;2;;2;;2;;2;;76;12;76;1553.8479687
6050378;1;6;1;90;2;;1;15;2;;2;;2;;2;;2;;2;;2;;2;;76;12;76;1553.8479687
6050381;1;1;1;90;2;;2;;2;;2;;2;;2;;2;;2;;2;;2;;76;12;76;1620.4222412
6050381;1;2;1;90;2;;1;35;2;;1;32;2;;2;;2;;2;;2;;2;;76;12;76;1620.4222412
6050916;1;1;1;90;2;;1;5;1;5;2;;2;;2;;2;;2;;2;;2;;05;12;05;1530.2828685
6050916;1;2;1;90;2;;1;42;2;;2;;2;;2;;2;;2;;2;;2;;05;12;05;1530.2828685
6050916;1;3;1;90;2;;1;10;2;;2;;2;;2;;2;;2;;1;3;2;;05;12;05;1530.2828685
6050917;1;1;1;90;2;;2;;2;;2;;2;;2;;2;;2;;2;;2;;05;12;05;1116.290593
6050917;1;2;1;90;2;;1;30;2;;2;;2;;2;;2;;2;;2;;2;;05;12;05;1116.290593
6050917;1;3;1;90;2;;2;;2;;2;;2;;2;;2;;2;;2;;2;;05;12;05;1116.290593
6050918;1;1;1;90;2;;2;;2;;1;10;2;;2;;2;;2;;2;;2;;05;12;05;1789.6773011
6050918;1;2;1;90;2;;1;30;2;;1;20;2;;2;;2;;2;;2;;2;;05;12;05;1789.6773011
6050919;1;1;1;90;2;;2;;2;;2;;2;;2;;2;;2;;2;;2;;05;12;05;1689.1920403
6050919;1;2;1;90;2;;1;12;2;;1;18;2;;2;;2;;2;;2;;2;;05;12;05;1689.1920403
6050920;1;1;1;90;2;;1;20;2;;2;;2;;2;;2;;2;;2;;2;;05;12;05;1372.9049543
6050921;1;1;1;90;2;;1;60;2;;2;;2;;2;;2;;2;;2;;2;;17;12;17;228.17148731
6050921;1;2;1;90;2;;2;;2;;2;;2;;2;;2;;2;;2;;2;;17;12;17;228.17148731
6050921;1;3;1;90;2;;1;20;2;;2;;2;;2;;2;;2;;2;;2;;17;12;17;228.17148731
6051013;1;1;1;90;2;;1;14;2;;2;;2;;2;;2;;2;;2;;2;;54;12;54;405.2090454
6051014;1;1;1;90;2;;1;28;2;;2;;2;;2;;2;;2;;2;;2;;54;12;54;494.64668779
6051015;1;1;1;90;2;;1;28;2;;2;;2;;2;;2;;2;;2;;2;;54;12;54;417.08922736
6051015;1;2;1;90;2;;1;7;2;;2;;2;;2;;2;;2;;2;;2;;54;12;54;417.08922736
6051016;1;1;1;90;2;;1;14;2;;2;;2;;2;;2;;2;;2;;2;;54;12;54;532.86562754
6051016;1;2;1;90;2;;1;35;2;;1;7;2;;2;;2;;2;;2;;2;;54;12;54;532.86562754
6051016;1;3;1;90;2;;2;;2;;2;;2;;2;;2;;2;;2;;2;;54;12;54;532.86562754
6051017;1;1;1;90;2;;1;28;2;;2;;2;;2;;2;;2;;2;;2;;54;12;54;376.31973793
6051018;1;1;1;90;2;;1;10;2;;2;;2;;2;;2;;2;;2;;2;;54;12;54;480.2692618
6051018;2;1;2;90;2;;1;7;2;;2;;2;;2;;2;;2;;2;;2;;54;12;54;480.2692618
6051853;1;1;1;90;2;;2;;2;;1;6;2;;2;;2;;2;;2;;2;;05;12;05;1176.7498403
6051853;1;2;1;90;2;;1;40;2;;1;10;2;;2;;2;;2;;2;;2;;05;12;05;1176.7498403
6051853;1;3;1;90;2;;2;;2;;1;8;2;;2;;2;;2;;2;;2;;05;12;05;1176.7498403
6051854;1;1;1;90;2;;1;22;2;;2;;1;26;2;;2;;2;;2;;2;;05;12;05;1149.1078372
6051854;1;2;1;90;2;;1;10;2;;2;;2;;2;;2;;2;;2;;2;;05;12;05;1149.1078372
6051854;1;3;1;90;2;;2;;2;;2;;2;;2;;2;;2;;2;;2;;05;12;05;1149.1078372
6051855;1;1;1;90;2;;1;20;2;;2;;1;20;2;;2;;2;;2;;2;;05;12;05;1192.9560355
6051855;1;2;1;90;2;;2;;2;;2;;2;;2;;2;;2;;2;;2;;05;12;05;1192.9560355
6051856;1;1;1;90;2;;1;10;2;;2;;2;;2;;2;;2;;2;;2;;05;12;05;947.81127539
6051856;1;2;1;90;2;;1;20;2;;2;;2;;2;;2;;2;;2;;2;;05;12;05;947.81127539
6051856;1;3;1;90;2;;1;20;2;;2;;2;;2;;2;;2;;2;;2;;05;12;05;947.81127539
6051856;1;4;1;90;2;;1;10;2;;2;;2;;2;;2;;2;;2;;2;;05;12;05;947.81127539
6051857;1;1;1;90;2;;1;20;2;;2;;2;;2;;2;;2;;2;;2;;05;12;05;1118.9638637
6051857;1;2;1;90;2;;1;12;2;;2;;2;;2;;2;;2;;2;;2;;05;12;05;1118.9638637
6051857;1;3;1;90;2;;1;14;2;;2;;2;;2;;2;;2;;2;;2;;05;12;05;1118.9638637
6051857;1;4;1;90;2;;1;12;2;;2;;2;;2;;2;;2;;2;;2;;05;12;05;1118.9638637
6051857;1;5;1;90;2;;1;10;2;;2;;2;;2;;2;;2;;2;;2;;05;12;05;1118.9638637
6051858;1;1;1;90;2;;1;14;2;;2;;2;;2;;2;;2;;2;;2;;05;12;05;1269.7689328
6051859;1;1;1;90;2;;1;20;2;;2;;2;;2;;2;;2;;2;;2;;05;12;05;1369.3383604
6051859;1;2;1;90;2;;1;7;2;;2;;2;;2;;2;;2;;2;;2;;05;12;05;1369.3383604
6051859;1;3;1;90;2;;1;4;2;;2;;2;;2;;2;;2;;2;;2;;05;12;05;1369.3383604
6051860;1;1;1;90;2;;2;;2;;1;30;2;;2;;2;;2;;2;;2;;05;12;05;1424.6561599
6051860;1;2;1;90;2;;2;;2;;2;;2;;2;;2;;2;;2;;2;;05;12;05;1424.6561599
6051861;1;1;1;90;2;;1;7;2;;2;;2;;2;;2;;2;;2;;2;;05;12;05;1193.1034902
6051861;1;2;1;90;2;;1;7;2;;2;;2;;2;;2;;2;;2;;2;;05;12;05;1193.1034902
6051862;1;1;1;90;2;;1;7;2;;2;;2;;2;;2;;2;;2;;2;;05;12;05;1296.0920571
6051862;1;2;1;90;2;;1;14;2;;2;;2;;2;;2;;2;;2;;1;30;05;12;05;1296.0920571
6051863;1;1;1;90;2;;1;10;2;;2;;2;;2;;2;;2;;2;;2;;05;12;05;1248.4212897
6051864;1;1;1;90;1;2;1;20;2;;1;14;2;;2;;2;;2;;2;;2;;05;12;05;1452.4979229
6051865;1;1;1;90;2;;2;;2;;2;;2;;2;;2;;2;;2;;2;;05;12;05;1296.0920571
6051865;1;2;1;90;2;;1;70;2;;2;;2;;2;;2;;2;;2;;2;;05;12;05;1296.0920571
6051866;1;1;1;90;2;;1;70;2;;1;40;2;;2;;2;;2;;2;;2;;05;12;05;1552.9831837
6051867;1;1;1;90;2;;1;15;2;;2;;2;;2;;2;;2;;2;;2;;05;12;05;1373.2168486
6051867;1;2;1;90;2;;1;30;2;;1;20;2;;2;;2;;2;;2;;2;;05;12;05;1373.2168486
6051867;1;3;1;90;2;;1;8;2;;2;;2;;2;;2;;2;;2;;2;;05;12;05;1373.2168486
6051868;1;1;1;90;2;;1;9;2;;2;;2;;2;;2;;2;;2;;2;;05;12;05;1372.9049543
6051869;1;1;1;90;2;;1;25;2;;2;;2;;2;;2;;2;;2;;2;;05;12;05;1279.8858618
6051869;1;2;1;90;2;;2;;2;;2;;2;;2;;2;;2;;2;;2;;05;12;05;1279.8858618
6051869;1;3;1;90;2;;1;20;2;;2;;2;;2;;2;;2;;2;;2;;05;12;05;1279.8858618
6051870;1;1;1;90;2;;1;15;2;;2;;2;;2;;2;;2;;2;;2;;05;12;05;1372.9049543
6051871;1;1;1;90;1;5;2;;2;;2;;2;;2;;2;;2;;2;;2;;05;12;05;1365.4612961
6051872;1;1;1;90;2;;1;28;2;;2;;2;;2;;2;;2;;2;;2;;05;12;05;1203.0729646
6051872;1;2;1;90;2;;1;10;2;;2;;2;;2;;2;;2;;2;;2;;05;12;05;1203.0729646
6051872;1;3;1;90;2;;2;;2;;2;;2;;2;;2;;2;;2;;2;;05;12;05;1203.0729646
6051872;1;4;1;90;2;;2;;2;;2;;2;;2;;2;;2;;1;20;2;;05;12;05;1203.0729646
6051873;1;1;1;90;2;;1;5;2;;2;;2;;2;;2;;2;;2;;2;;05;12;05;1057.2416569
6051873;1;2;1;90;2;;1;5;2;;2;;2;;2;;2;;2;;2;;2;;05;12;05;1057.2416569
6051873;1;3;1;90;2;;2;;2;;2;;2;;2;;2;;2;;2;;2;;05;12;05;1057.2416569
6051873;1;4;1;90;2;;1;10;2;;2;;2;;2;;2;;2;;2;;2;;05;12;05;1057.2416569
6051874;1;1;1;90;2;;1;30;2;;2;;1;30;2;;2;;2;;2;;2;;05;12;05;1038.3621909
6051874;1;2;1;90;2;;1;15;2;;2;;2;;2;;2;;2;;2;;2;;05;12;05;1038.3621909
6051874;1;3;1;90;2;;1;15;2;;2;;2;;2;;2;;2;;2;;2;;05;12;05;1038.3621909
6051875;1;1;1;90;2;;2;;2;;2;;2;;2;;2;;2;;2;;2;;05;12;05;1296.0920571
6051875;1;2;1;90;2;;1;34;2;;2;;1;12;2;;2;;2;;2;;2;;05;12;05;1296.0920571
6051876;1;1;1;90;2;;1;28;1;20;2;;1;21;2;;2;;2;;2;;2;;05;12;05;1296.0920571
6051876;1;2;1;90;2;;2;;2;;2;;2;;2;;2;;2;;2;;2;;05;12;05;1296.0920571
6051877;1;1;1;90;2;;1;12;2;;1;15;2;;2;;2;;2;;2;;2;;05;12;05;1443.5356259
6051877;1;2;1;90;2;;1;20;2;;1;40;2;;2;;2;;2;;2;;2;;05;12;05;1443.5356259
6051877;1;3;1;90;2;;1;15;2;;2;;2;;2;;2;;2;;2;;2;;05;12;05;1443.5356259
6051878;1;1;1;90;2;;2;;2;;2;;2;;2;;2;;2;;2;;2;;05;12;05;1116.290593
6051878;1;2;1;90;2;;1;42;2;;2;;2;;2;;2;;2;;2;;2;;05;12;05;1116.290593
6051878;1;3;1;90;2;;1;3;2;;2;;2;;2;;2;;2;;2;;2;;05;12;05;1116.290593
6051879;1;1;1;90;2;;1;4;2;;2;;2;;2;;2;;2;;2;;2;;05;12;05;1365.4612961
6051880;1;1;1;90;2;;1;15;2;;1;9;2;;2;;2;;2;;2;;2;;05;12;05;1583.2759474
6051881;1;1;1;90;2;;2;;2;;2;;2;;2;;2;;2;;2;;2;;05;12;05;1205.2294403
6051881;1;2;1;90;2;;1;30;2;;2;;1;13;2;;2;;2;;2;;2;;05;12;05;1205.2294403
6051881;1;3;1;90;2;;2;;2;;2;;2;;2;;2;;2;;2;;2;;05;12;05;1205.2294403
6051881;1;4;1;90;2;;2;;2;;2;;2;;2;;2;;2;;2;;2;;05;12;05;1205.2294403
6051881;1;5;1;90;2;;1;40;2;;2;;1;20;2;;2;;2;;2;;2;;05;12;05;1205.2294403
6051881;1;6;1;90;2;;1;3;2;;2;;2;;2;;2;;2;;2;;2;;05;12;05;1205.2294403
6051881;1;7;1;90;2;;1;5;2;;2;;2;;2;;2;;2;;2;;2;;05;12;05;1205.2294403
6051881;1;8;1;90;2;;2;;2;;2;;2;;2;;2;;2;;2;;2;;05;12;05;1205.2294403
6051882;1;1;1;90;2;;1;21;2;;2;;2;;2;;2;;2;;2;;2;;05;12;05;1365.4612961
6051886;1;1;1;90;2;;1;12;2;;1;16;2;;2;;2;;2;;2;;2;;05;12;05;1628.732793
6051886;1;2;1;90;2;;1;20;2;;1;20;2;;2;;2;;2;;2;;2;;05;12;05;1628.732793
6051887;1;1;1;90;2;;1;20;2;;1;20;2;;2;;2;;2;;2;;2;;05;12;05;1770.7978351
6051888;1;1;1;90;2;;1;20;2;;2;;2;;2;;2;;2;;2;;2;;05;12;05;1391.7844204
6051888;1;2;1;90;2;;1;5;2;;2;;2;;2;;2;;2;;2;;2;;05;12;05;1391.7844204
6051889;1;1;1;90;2;;2;;2;;2;;2;;2;;2;;2;;2;;2;;11;12;11;4578.5423286
6051889;1;2;1;90;2;;1;35;2;;1;14;2;;2;;2;;2;;2;;2;;11;12;11;4578.5423286
6051890;1;1;1;90;2;;1;15;2;;2;;2;;2;;2;;2;;2;;2;;11;12;11;3742.1583604
6051891;1;1;1;90;2;;1;20;2;;2;;2;;2;;2;;2;;2;;2;;13;12;13;311.7426567
6051892;1;1;1;90;2;;1;21;2;;2;;2;;2;;2;;2;;2;;2;;13;12;13;402.48201488
6051892;1;2;1;90;2;;2;;2;;2;;2;;2;;2;;2;;2;;2;;13;12;13;402.48201488
6051893;1;1;1;90;2;;2;;2;;2;;2;;2;;2;;2;;2;;2;;13;12;13;388.09810703
6051893;1;2;1;90;2;;1;30;2;;1;20;2;;2;;2;;2;;2;;2;;13;12;13;388.09810703
6051893;1;3;1;90;2;;2;;2;;2;;2;;2;;2;;2;;2;;2;;13;12;13;388.09810703
6051893;1;4;1;90;2;;1;15;2;;1;25;2;;2;;2;;2;;2;;2;;13;12;13;388.09810703
6051893;1;7;1;90;2;;2;;2;;1;15;2;;2;;2;;2;;2;;2;;13;12;13;388.09810703
6051894;1;1;1;90;2;;2;;2;;2;;2;;2;;2;;2;;2;;2;;13;12;13;480.13501024
6051894;1;2;1;90;2;;1;24;2;;1;40;2;;2;;2;;2;;2;;2;;13;12;13;480.13501024
6051895;1;1;1;90;2;;2;;2;;2;;2;;2;;2;;2;;2;;2;;13;12;13;610.40697848
6051895;1;2;1;90;2;;1;24;2;;2;;2;;2;;2;;2;;2;;2;;13;12;13;610.40697848
6051895;1;3;1;90;2;;2;;2;;2;;2;;2;;2;;2;;2;;2;;13;12;13;610.40697848
6051895;1;4;1;90;2;;2;;2;;2;;2;;2;;2;;2;;2;;2;;13;12;13;610.40697848
6051895;1;5;1;90;2;;2;;2;;2;;2;;2;;2;;2;;2;;2;;13;12;13;610.40697848
6051895;1;7;1;90;2;;2;;2;;2;;2;;2;;2;;2;;2;;2;;13;12;13;610.40697848
6051896;1;1;1;90;2;;1;10;2;;2;;2;;2;;2;;2;;2;;2;;13;12;13;478.2560724
6051896;1;2;1;90;2;;1;10;2;;1;24;2;;2;;2;;2;;2;;2;;13;12;13;478.2560724
6051896;1;3;1;90;2;;1;10;2;;2;;2;;2;;2;;2;;2;;2;;13;12;13;478.2560724
6051897;1;1;1;90;2;;2;;2;;2;;2;;2;;2;;2;;2;;2;;13;12;13;549.47775618
6051897;1;2;1;90;2;;1;16;2;;1;10;2;;2;;2;;2;;2;;2;;13;12;13;549.47775618
6051898;1;1;1;90;2;;2;;2;;2;;2;;2;;2;;2;;2;;2;;13;12;13;484.63715852
6051898;1;2;1;90;2;;2;;2;;2;;2;;2;;2;;2;;2;;2;;13;12;13;484.63715852
6051898;1;3;1;90;2;;2;;2;;2;;2;;2;;2;;2;;2;;2;;13;12;13;484.63715852
6051898;1;4;1;90;2;;1;16;2;;1;12;2;;2;;2;;2;;2;;2;;13;12;13;484.63715852
6051899;1;1;1;90;2;;1;2;2;;2;;2;;2;;2;;2;;2;;2;;13;12;13;390.16512808
6051899;1;2;1;90;2;;1;30;2;;1;21;2;;2;;2;;2;;2;;2;;13;12;13;390.16512808
6051900;1;1;1;90;2;;1;10;2;;2;;2;;2;;2;;2;;2;;2;;13;12;13;399.24485351
6051900;1;2;1;90;2;;1;18;2;;1;24;2;;2;;2;;2;;2;;2;;13;12;13;399.24485351
6051900;1;3;1;90;2;;1;10;2;;2;;2;;2;;2;;2;;2;;2;;13;12;13;399.24485351
6051901;1;1;1;90;2;;1;30;2;;1;30;2;;2;;2;;2;;2;;2;;13;12;13;475.55743309
6051901;1;2;1;90;2;;2;;2;;2;;2;;2;;2;;2;;2;;2;;13;12;13;475.55743309
6051901;1;4;1;90;2;;1;21;2;;2;;2;;2;;2;;2;;2;;2;;13;12;13;475.55743309
6051902;1;1;1;90;2;;2;;2;;2;;2;;2;;2;;2;;2;;2;;13;12;13;258.60400268
6051902;1;2;1;90;2;;1;30;2;;1;40;2;;2;;2;;2;;2;;2;;13;12;13;258.60400268
6051902;1;3;1;90;2;;1;14;2;;1;7;2;;2;;2;;2;;2;;2;;13;12;13;258.60400268
6051903;1;1;1;90;2;;1;14;2;;2;;2;;2;;2;;2;;2;;2;;13;12;13;364.10447999
6051903;1;2;1;90;2;;1;6;2;;2;;2;;2;;2;;2;;2;;2;;13;12;13;364.10447999
6051904;1;1;1;90;2;;1;20;2;;1;10;2;;2;;2;;2;;2;;2;;13;12;13;508.58791481
6051904;1;2;1;90;2;;2;;2;;2;;2;;2;;2;;2;;2;;2;;13;12;13;508.58791481
6051904;1;3;1;90;2;;1;6;2;;2;;2;;2;;2;;2;;2;;2;;13;12;13;508.58791481
6051905;1;1;1;90;2;;2;;2;;2;;2;;2;;2;;2;;2;;2;;13;12;13;479.86345294
6051905;1;2;1;90;2;;2;;2;;2;;2;;2;;2;;2;;2;;2;;13;12;13;479.86345294
6051905;1;3;1;90;2;;2;;2;;2;;2;;2;;2;;2;;2;;2;;13;12;13;479.86345294
6051905;1;4;1;90;2;;2;;2;;2;;2;;2;;2;;2;;2;;2;;13;12;13;479.86345294
6051905;1;5;1;90;2;;1;30;2;;2;;2;;2;;2;;2;;2;;2;;13;12;13;479.86345294
6051906;1;1;1;90;2;;2;;2;;2;;2;;2;;2;;2;;2;;2;;13;12;13;401.44098156
6051906;1;2;1;90;2;;1;24;2;;2;;2;;2;;2;;2;;2;;2;;13;12;13;401.44098156
6051906;1;3;1;90;2;;2;;2;;2;;2;;2;;2;;2;;2;;2;;13;12;13;401.44098156
6051906;1;4;1;90;2;;1;6;2;;2;;2;;2;;2;;2;;2;;2;;13;12;13;401.44098156
6051907;1;1;1;90;2;;2;;2;;1;4;2;;2;;2;;2;;2;;2;;13;12;13;485.77305798
6051907;1;2;1;90;2;;1;30;2;;1;30;2;;2;;2;;2;;2;;2;;13;12;13;485.77305798
6051907;1;3;1;90;2;;2;;2;;2;;2;;2;;2;;2;;2;;2;;13;12;13;485.77305798
6051908;1;1;1;90;2;;2;;2;;2;;2;;2;;2;;2;;2;;2;;13;12;13;475.55743309
6051908;1;2;1;90;2;;1;20;2;;1;12;2;;2;;2;;2;;2;;2;;13;12;13;475.55743309
6051908;1;3;1;90;2;;2;;2;;2;;2;;2;;2;;2;;2;;2;;13;12;13;475.55743309
6051909;1;1;1;90;2;;2;;2;;2;;2;;2;;2;;2;;2;;2;;13;12;13;520.94942274
6051909;1;2;1;90;2;;1;30;2;;2;;2;;2;;2;;2;;2;;2;;13;12;13;520.94942274
6051909;1;3;1;90;2;;1;3;2;;2;;2;;2;;2;;2;;2;;2;;13;12;13;520.94942274
6051909;1;4;1;90;2;;1;21;2;;2;;2;;2;;2;;2;;2;;2;;13;12;13;520.94942274
6051910;1;1;1;90;2;;1;21;2;;2;;2;;2;;2;;2;;2;;2;;13;12;13;346.82580439
6051910;1;2;1;90;2;;1;14;2;;1;7;2;;2;;2;;2;;2;;2;;13;12;13;346.82580439
6051910;1;3;1;90;2;;2;;2;;2;;2;;2;;2;;2;;2;;2;;13;12;13;346.82580439
6051910;1;4;1;90;2;;1;3;2;;2;;2;;2;;2;;2;;2;;2;;13;12;13;346.82580439
6051910;1;5;1;90;2;;1;3;2;;2;;2;;2;;2;;2;;2;;2;;13;12;13;346.82580439
6051911;1;1;1;90;2;;2;;2;;2;;2;;2;;2;;2;;2;;2;;13;12;13;500.28605328
6051911;1;2;1;90;2;;1;20;2;;1;24;2;;2;;2;;2;;2;;2;;13;12;13;500.28605328
6051911;1;3;1;90;2;;1;12;2;;2;;2;;2;;2;;2;;2;;2;;13;12;13;500.28605328
6051911;1;4;1;90;2;;1;10;2;;2;;2;;2;;2;;2;;2;;2;;13;12;13;500.28605328
6051912;1;1;1;90;2;;1;8;2;;2;;2;;2;;2;;2;;2;;2;;13;12;13;420.30084205
6051912;1;2;1;90;2;;1;10;2;;2;;2;;2;;2;;2;;2;;2;;13;12;13;420.30084205
6051913;1;1;1;90;2;;1;16;2;;1;14;2;;2;;2;;2;;2;;2;;13;12;13;377.21487263
6051913;1;2;1;90;2;;2;;2;;2;;2;;2;;2;;2;;2;;2;;13;12;13;377.21487263
6051914;1;1;1;90;2;;2;;2;;2;;2;;2;;2;;2;;2;;2;;13;12;13;502.2068287
6051914;1;2;1;90;2;;1;24;2;;1;30;2;;2;;2;;2;;2;;2;;13;12;13;502.2068287
6051915;1;1;1;90;2;;1;24;2;;1;10;2;;2;;2;;2;;2;;2;;13;12;13;396.54621419
6051915;1;2;1;90;2;;2;;2;;2;;2;;2;;2;;2;;2;;2;;13;12;13;396.54621419
6051915;1;3;1;90;2;;2;;2;;2;;2;;2;;2;;2;;2;;2;;13;12;13;396.54621419
6051916;1;1;1;90;2;;1;20;2;;2;;1;20;2;;2;;2;;2;;2;;13;12;13;487.28557237
6051916;1;2;1;90;2;;1;10;2;;2;;1;15;2;;2;;2;;2;;2;;13;12;13;487.28557237
6051916;1;3;1;90;2;;1;10;2;;2;;2;;2;;2;;2;;2;;2;;13;12;13;487.28557237
6051916;1;4;1;90;2;;2;;2;;2;;2;;2;;2;;2;;2;;2;;13;12;13;487.28557237
6051917;1;1;1;90;2;;1;40;2;;1;30;2;;2;;2;;2;;2;;2;;13;12;13;462.60717764
6051917;1;2;1;90;2;;1;20;2;;1;15;2;;2;;2;;2;;2;;2;;13;12;13;462.60717764
6051917;1;3;1;90;2;;2;;2;;2;;2;;2;;2;;2;;2;;2;;13;12;13;462.60717764
6051918;1;1;1;90;2;;1;21;2;;2;;2;;2;;2;;2;;2;;2;;13;12;13;519.14591377
6051918;1;2;1;90;2;;1;2;2;;2;;2;;2;;2;;2;;2;;2;;13;12;13;519.14591377
6051919;1;1;1;90;2;;1;12;2;;2;;2;;2;;2;;2;;2;;2;;13;12;13;420.30084205
6051919;1;2;1;90;2;;1;6;2;;2;;2;;2;;2;;2;;2;;2;;13;12;13;420.30084205
6051920;1;1;1;90;2;;1;30;2;;2;;2;;2;;2;;2;;2;;2;;13;12;13;448.90803748
6051920;1;2;1;90;2;;2;;2;;2;;2;;2;;2;;2;;2;;2;;13;12;13;448.90803748
6051920;1;3;1;90;2;;1;14;2;;2;;2;;2;;2;;2;;2;;2;;13;12;13;448.90803748
6051920;1;4;1;90;2;;1;7;2;;2;;2;;2;;2;;2;;2;;2;;13;12;13;448.90803748
6051921;1;1;1;90;2;;1;15;2;;2;;2;;2;;2;;2;;2;;2;;13;12;13;448.90803748
6051921;1;2;1;90;2;;1;25;2;;1;7;2;;2;;2;;2;;2;;2;;13;12;13;448.90803748
6051921;1;3;1;90;2;;1;4;2;;2;;2;;2;;2;;2;;2;;2;;13;12;13;448.90803748
6051921;1;4;1;90;2;;2;;2;;2;;2;;2;;2;;2;;2;;2;;13;12;13;448.90803748
6051922;1;1;1;90;2;;1;18;2;;1;30;2;;2;;2;;2;;2;;2;;13;12;13;423.1956098
6051922;1;2;1;90;2;;1;4;2;;1;5;2;;2;;2;;2;;2;;2;;13;12;13;423.1956098
6051923;1;1;1;90;2;;1;18;2;;1;18;2;;2;;2;;2;;2;;2;;13;12;13;445.22559068
6051923;1;2;1;90;2;;1;2;2;;1;4;2;;2;;2;;2;;2;;2;;13;12;13;445.22559068
6051923;1;3;1;90;2;;1;3;2;;2;;2;;2;;2;;2;;2;;2;;13;12;13;445.22559068
6051924;1;1;1;90;2;;1;30;2;;1;35;2;;2;;2;;2;;2;;2;;13;12;13;215.82185848
6051924;1;2;1;90;2;;1;35;2;;2;;2;;2;;2;;2;;2;;2;;13;12;13;215.82185848
6051924;1;3;1;90;2;;2;;2;;1;25;2;;2;;2;;2;;2;;2;;13;12;13;215.82185848
6051925;1;1;1;90;2;;1;4;2;;1;6;2;;2;;2;;2;;2;;2;;13;12;13;469.17634697
6051925;1;2;1;90;2;;1;16;2;;1;30;2;;2;;2;;2;;2;;2;;13;12;13;469.17634697
6051926;1;1;1;90;2;;2;;2;;2;;2;;2;;2;;2;;2;;2;;13;12;13;498.72331343
6051926;1;2;1;90;2;;2;;2;;2;;2;;2;;2;;2;;2;;2;;13;12;13;498.72331343
6051926;1;3;1;90;2;;2;;2;;2;;2;;2;;2;;2;;2;;2;;13;12;13;498.72331343
6051927;1;1;1;90;2;;1;10;2;;2;;2;;2;;2;;2;;2;;2;;13;12;13;469.17634697
6051927;1;2;1;90;2;;1;10;2;;1;20;2;;2;;2;;2;;2;;2;;13;12;13;469.17634697
6051928;1;1;1;90;2;;1;20;2;;1;20;2;;2;;2;;2;;2;;2;;13;12;13;429.57669592
6051928;1;2;1;90;2;;1;20;2;;1;20;2;;2;;2;;2;;2;;2;;13;12;13;429.57669592
6051928;1;3;1;90;2;;1;20;2;;1;20;2;;2;;2;;2;;2;;2;;13;12;13;429.57669592
6051929;1;1;1;90;2;;1;30;2;;2;;2;;2;;2;;2;;2;;2;;13;12;13;436.14586525
6051929;1;2;1;90;2;;1;20;2;;2;;2;;2;;2;;2;;2;;2;;13;12;13;436.14586525
6051930;1;1;1;90;2;;2;;2;;2;;2;;2;;2;;2;;2;;2;;13;12;13;559.32695763
6051930;1;2;1;90;2;;1;30;2;;2;;2;;2;;2;;2;;2;;2;;13;12;13;559.32695763
6051930;1;3;1;90;2;;1;3;2;;2;;2;;2;;2;;2;;2;;2;;13;12;13;559.32695763
6051930;1;4;1;90;2;;1;3;2;;2;;2;;2;;2;;2;;2;;2;;13;12;13;559.32695763
6051931;1;1;1;90;2;;1;2;2;;2;;2;;2;;2;;2;;2;;2;;13;12;13;469.17634697
6051931;1;2;1;90;2;;1;30;2;;1;21;2;;2;;2;;2;;2;;2;;13;12;13;469.17634697
6051932;1;1;1;90;2;;2;;2;;2;;2;;2;;2;;2;;2;;2;;13;12;13;390.16512808
6051932;1;2;1;90;2;;1;30;2;;1;5;2;;2;;2;;2;;2;;2;;13;12;13;390.16512808
6051933;1;1;1;90;2;;1;10;2;;2;;2;;2;;2;;2;;2;;2;;13;12;13;453.96469242
6051933;1;2;1;90;2;;1;18;2;;2;;2;;2;;2;;2;;2;;2;;13;12;13;453.96469242
6051934;1;1;1;90;2;;1;21;2;;2;;2;;2;;2;;2;;2;;2;;13;12;13;381.92330716
6051934;1;2;1;90;2;;1;7;2;;2;;2;;2;;2;;2;;2;;2;;13;12;13;381.92330716
6051935;1;1;1;90;2;;1;25;2;;2;;2;;2;;2;;2;;2;;2;;13;12;13;485.66314625
6051935;1;2;1;90;2;;2;;2;;2;;2;;2;;2;;2;;2;;2;;13;12;13;485.66314625
6051935;1;3;1;90;2;;2;;2;;2;;2;;2;;2;;2;;2;;2;;13;12;13;485.66314625
6051936;1;1;1;90;2;;1;14;2;;2;;2;;2;;2;;2;;2;;2;;13;12;13;498.72331343
6051936;1;2;1;90;2;;2;;2;;2;;2;;2;;2;;2;;2;;2;;13;12;13;498.72331343
6051936;1;3;1;90;2;;1;14;2;;2;;2;;2;;2;;2;;2;;2;;13;12;13;498.72331343
6051937;1;1;1;90;2;;1;7;2;;2;;2;;2;;2;;2;;2;;2;;13;12;13;249.54347253
6051937;1;2;1;90;2;;1;21;2;;1;7;2;;2;;2;;2;;2;;2;;13;12;13;249.54347253
6051937;1;3;1;90;2;;1;5;2;;2;;2;;2;;2;;2;;2;;2;;13;12;13;249.54347253
6051937;1;5;1;90;2;;1;30;2;;2;;2;;2;;2;;2;;2;;2;;13;12;13;249.54347253
6051937;1;6;1;90;2;;1;5;2;;2;;2;;2;;2;;2;;2;;2;;13;12;13;249.54347253
6051937;1;7;1;90;2;;1;5;2;;2;;2;;2;;2;;2;;2;;2;;13;12;13;249.54347253
6051938;1;1;1;90;2;;1;4;2;;1;6;2;;2;;2;;2;;2;;2;;13;12;13;391.26822742
6051938;1;2;1;90;2;;1;18;2;;1;36;2;;2;;2;;2;;2;;2;;13;12;13;391.26822742
6051938;1;3;1;90;2;;2;;2;;2;;2;;2;;2;;2;;2;;2;;13;12;13;391.26822742
6051938;1;4;1;90;2;;1;2;2;;2;;2;;2;;2;;2;;2;;2;;13;12;13;391.26822742
6051938;1;7;1;90;2;;1;8;2;;1;8;2;;2;;2;;2;;2;;2;;13;12;13;391.26822742
6051938;1;8;1;90;2;;1;4;2;;2;;2;;2;;2;;2;;2;;2;;13;12;13;391.26822742
6051938;1;9;1;90;2;;1;2;2;;2;;2;;2;;2;;2;;2;;2;;13;12;13;391.26822742
6051938;1;10;1;90;2;;1;15;2;;1;8;2;;2;;2;;2;;2;;2;;13;12;13;391.26822742
6051939;1;1;1;90;2;;1;16;2;;1;20;2;;2;;2;;2;;2;;2;;13;12;13;344.18439091
6051939;1;2;1;90;2;;2;;2;;2;;2;;2;;2;;2;;2;;2;;13;12;13;344.18439091
6052049;1;1;1;90;2;;1;35;2;;2;;2;;2;;2;;2;;2;;2;;23;12;23;243.09077858
6052049;1;2;1;90;2;;2;;2;;2;;2;;2;;2;;2;;2;;2;;23;12;23;243.09077858
6052049;1;3;1;90;2;;1;35;2;;1;35;2;;2;;2;;2;;2;;2;;23;12;23;243.09077858
6052082;1;1;1;90;2;;2;;2;;2;;2;;2;;2;;2;;2;;2;;50;12;50;349.43501185
6052082;1;2;1;90;2;;1;35;2;;2;;2;;2;;2;;2;;2;;2;;50;12;50;349.43501185
6052082;1;3;1;90;2;;1;7;2;;2;;2;;2;;2;;2;;2;;2;;50;12;50;349.43501185
6052082;1;4;1;90;2;;1;28;2;;2;;2;;2;;2;;2;;2;;2;;50;12;50;349.43501185
6052083;1;1;1;90;2;;1;4;2;;2;;2;;2;;2;;2;;2;;2;;50;12;50;192.33885089
6052084;1;1;1;90;2;;1;12;2;;2;;2;;2;;2;;2;;2;;2;;50;12;50;175.52344364
6052084;1;2;1;90;2;;1;21;2;;2;;2;;2;;2;;2;;2;;2;;50;12;50;175.52344364
6052085;1;1;1;90;2;;1;55;2;;2;;2;;2;;2;;2;;2;;2;;50;12;50;198.6749069
6052085;1;2;1;90;2;;1;12;2;;2;;2;;2;;2;;2;;2;;2;;50;12;50;198.6749069
6052086;1;1;1;90;2;;1;20;2;;2;;2;;2;;2;;2;;2;;2;;50;12;50;149.57951327
6052086;1;2;1;90;2;;1;12;2;;2;;2;;2;;2;;2;;2;;2;;50;12;50;149.57951327
6052087;1;1;1;90;2;;1;6;2;;2;;2;;2;;2;;2;;2;;2;;50;12;50;340.94010372
6052087;1;2;1;90;2;;1;8;2;;2;;2;;2;;2;;2;;2;;2;;50;12;50;340.94010372
6052088;1;1;1;90;2;;1;5;2;;1;5;2;;2;;2;;2;;2;;2;;50;12;50;390.54747955
6052088;1;2;1;90;2;;1;35;2;;1;28;2;;2;;2;;2;;2;;2;;50;12;50;390.54747955
6052089;1;1;1;90;2;;1;8;2;;2;;2;;2;;2;;2;;2;;2;;50;12;50;359.50779862
6052089;1;2;1;90;2;;1;35;2;;1;10;2;;2;;2;;2;;2;;2;;50;12;50;359.50779862
6052089;1;3;1;90;2;;2;;2;;2;;2;;2;;2;;2;;2;;2;;50;12;50;359.50779862
6052090;1;1;1;90;2;;1;19;2;;2;;2;;2;;2;;2;;2;;2;;50;12;50;350.32936171
6052090;1;2;1;90;2;;1;6;2;;2;;2;;2;;2;;2;;2;;2;;50;12;50;350.32936171
6052091;1;1;1;90;2;;1;18;2;;1;10;2;;2;;2;;2;;2;;2;;50;12;50;383.14704726
6052091;1;2;1;90;2;;1;15;2;;1;18;2;;2;;2;;2;;2;;2;;50;12;50;383.14704726
6052092;1;1;1;90;2;;1;20;2;;2;;2;;2;;2;;2;;2;;2;;50;12;50;282.34361929
6052093;1;1;1;90;2;;1;10;2;;2;;2;;2;;2;;2;;2;;2;;50;12;50;238.77384241
6052093;1;2;1;90;2;;1;10;2;;2;;2;;2;;2;;2;;2;;2;;50;12;50;238.77384241
6052093;1;3;1;90;2;;1;5;2;;2;;2;;2;;2;;2;;2;;2;;50;12;50;238.77384241
6052095;1;1;1;90;2;;1;30;2;;2;;2;;2;;2;;2;;2;;2;;50;12;50;192.33885089
6052096;1;1;1;90;2;;1;30;2;;2;;2;;2;;1;10;2;;2;;2;;50;12;50;149.57951327
6052096;1;2;1;90;2;;1;15;2;;2;;2;;2;;2;;2;;2;;2;;50;12;50;149.57951327
6052097;1;1;1;90;2;;1;18;2;;1;10;2;;2;;2;;2;;2;;2;;50;12;50;288.67967531
6052097;1;2;1;90;2;;1;22;2;;1;17;2;;2;;2;;2;;2;;2;;50;12;50;288.67967531
6052098;1;1;1;90;2;;1;10;2;;2;;2;;2;;2;;2;;2;;2;;50;12;50;250.93533532
6052098;1;2;1;90;2;;1;35;2;;2;;2;;2;;2;;2;;2;;2;;50;12;50;250.93533532
6052099;1;1;1;90;2;;1;28;2;;2;;2;;2;;2;;2;;2;;2;;50;12;50;192.33885089
6052100;1;1;1;90;2;;1;38;2;;2;;2;;2;;2;;2;;2;;2;;50;12;50;250.93533532
6052100;1;2;1;90;2;;2;;2;;2;;2;;2;;2;;2;;2;;2;;50;12;50;250.93533532
6052101;1;1;1;90;2;;1;30;2;;2;;2;;2;;2;;2;;2;;2;;50;12;50;149.57951327
6052101;1;2;1;90;2;;1;40;2;;2;;2;;2;;2;;2;;2;;2;;50;12;50;149.57951327
6052101;1;3;1;90;2;;2;;2;;2;;2;;2;;2;;2;;2;;2;;50;12;50;149.57951327
6052102;1;1;1;90;2;;1;14;2;;2;;2;;2;;2;;2;;2;;2;;50;12;50;385.77438287
6052102;1;2;1;90;2;;1;7;2;;2;;2;;2;;2;;2;;2;;2;;50;12;50;385.77438287
6052102;1;3;1;90;2;;2;;2;;2;;2;;2;;2;;2;;2;;2;;50;12;50;385.77438287
6052103;1;1;1;90;2;;1;42;2;;2;;2;;2;;2;;2;;2;;2;;50;12;50;192.33885089
6052104;1;1;1;90;2;;1;35;2;;2;;2;;2;;2;;2;;2;;2;;50;12;50;149.57951327
6052104;1;2;1;90;2;;1;20;2;;2;;2;;2;;2;;2;;2;;2;;50;12;50;149.57951327
6052105;1;1;1;90;2;;1;5;2;;2;;2;;2;;2;;2;;2;;2;;50;12;50;282.34361929
6052106;1;1;1;90;2;;2;;2;;2;;2;;2;;2;;2;;2;;2;;50;12;50;331.08236224
6052106;1;2;1;90;2;;1;22;2;;1;34;2;;2;;2;;2;;2;;2;;50;12;50;331.08236224
6052107;1;1;1;90;2;;1;40;2;;2;;1;5;2;;2;;2;;2;;2;;50;12;50;250.93533532
6052107;1;2;1;90;2;;2;;2;;2;;2;;2;;2;;2;;2;;2;;50;12;50;250.93533532
6052108;1;1;1;90;2;;1;20;2;;1;15;2;;2;;2;;2;;2;;2;;50;12;50;315.54215235
6052109;1;1;1;90;2;;1;2;2;;2;;2;;2;;2;;2;;2;;2;;50;12;50;256.07703504
6052111;1;1;1;90;2;;1;12;2;;2;;2;;2;;2;;2;;2;;2;;50;12;50;305.49508256
6052113;1;1;1;90;2;;1;10;2;;2;;2;;2;;2;;2;;2;;2;;50;12;50;175.52344364
6052113;1;2;1;90;2;;1;10;2;;2;;1;10;2;;2;;2;;2;;2;;50;12;50;175.52344364
6052114;1;1;1;90;2;;1;30;2;;1;30;2;;2;;2;;2;;2;;2;;50;12;50;267.3441781
6052114;1;2;1;90;2;;1;10;2;;1;19;2;;2;;2;;2;;2;;2;;50;12;50;267.3441781
6052115;1;1;1;90;2;;1;39;2;;2;;2;;2;;2;;2;;2;;2;;50;12;50;192.33885089
6052116;1;1;1;90;2;;1;8;2;;2;;2;;2;;2;;2;;2;;2;;50;12;50;416.3519954
6052116;1;2;1;90;2;;1;8;2;;2;;2;;2;;2;;2;;2;;2;;50;12;50;416.3519954
6052117;1;1;1;90;2;;1;40;2;;2;;2;;2;;2;;2;;2;;2;;50;12;50;305.49508256
6052118;1;1;1;90;2;;1;18;2;;2;;2;;2;;2;;2;;2;;2;;50;12;50;234.11992807
6052118;1;2;1;90;2;;1;8;2;;2;;2;;2;;2;;2;;2;;2;;50;12;50;234.11992807
6052118;1;3;1;90;2;;1;6;2;;2;;2;;2;;2;;2;;2;;2;;50;12;50;234.11992807
6052119;1;1;1;90;2;;2;;2;;2;;2;;2;;2;;2;;2;;2;;50;12;50;304.6007327
6052119;1;2;1;90;2;;1;20;2;;2;;2;;2;;2;;2;;2;;2;;50;12;50;304.6007327
6052119;1;3;1;90;2;;1;7;2;;2;;2;;2;;2;;2;;2;;2;;50;12;50;304.6007327
6052120;1;1;1;90;2;;1;24;2;;2;;2;;2;;2;;2;;2;;2;;50;12;50;220.35772279
6052120;1;2;1;90;2;;1;30;2;;2;;2;;2;;2;;2;;2;;2;;50;12;50;220.35772279
6052120;1;3;1;90;2;;2;;2;;2;;2;;2;;2;;2;;2;;2;;50;12;50;220.35772279
6052121;1;1;1;90;2;;1;30;2;;2;;2;;2;;2;;2;;2;;2;;50;12;50;192.33885089
6052122;1;1;1;90;2;;1;22;2;;2;;2;;2;;2;;2;;2;;2;;50;12;50;395.16364086
6052122;1;2;1;90;2;;1;27;2;;2;;2;;2;;2;;2;;2;;2;;50;12;50;395.16364086
6052122;1;3;1;90;2;;1;6;2;;2;;2;;2;;2;;2;;2;;2;;50;12;50;395.16364086
6052123;1;1;1;90;2;;1;15;2;;2;;2;;2;;2;;2;;2;;2;;50;12;50;305.49508256
6052124;1;1;1;90;2;;1;7;2;;2;;2;;2;;2;;2;;2;;2;;52;12;52;210.72519147
6052124;1;2;1;90;2;;1;21;2;;2;;2;;2;;2;;2;;2;;1;4;52;12;52;210.72519147
6052125;1;1;1;90;2;;1;18;2;;2;;2;;2;;2;;2;;2;;2;;52;12;52;129.75692727
6052125;1;2;1;90;2;;2;;2;;2;;2;;2;;2;;2;;2;;2;;52;12;52;129.75692727
6052125;1;3;1;90;2;;2;;2;;2;;2;;2;;2;;2;;2;;2;;52;12;52;129.75692727
6052126;1;1;1;90;2;;1;28;2;;2;;2;;2;;2;;2;;2;;2;;52;12;52;292.10592578
6052127;1;1;1;90;2;;1;14;2;;1;21;2;;2;;2;;2;;2;;2;;52;12;52;328.77917371
6052127;1;2;1;90;2;;1;21;2;;1;21;2;;2;;2;;2;;2;;2;;52;12;52;328.77917371
6052128;1;1;1;90;2;;1;2;2;;2;;2;;2;;2;;2;;2;;2;;52;12;52;292.10592578
6052129;1;1;1;90;2;;1;14;2;;2;;2;;2;;2;;2;;2;;2;;52;12;52;160.37833506
6052129;1;2;1;90;2;;1;14;2;;2;;2;;2;;2;;2;;2;;2;;52;12;52;160.37833506
6052130;1;1;1;90;2;;1;20;2;;2;;2;;2;;2;;2;;2;;2;;52;12;52;262.80725176
6052131;1;1;1;90;2;;1;14;2;;2;;2;;2;;2;;2;;2;;2;;52;12;52;157.08493783
6052132;1;1;1;90;2;;1;24;2;;2;;2;;2;;2;;2;;2;;2;;54;12;54;314.60864577
6052132;1;2;1;90;2;;1;14;2;;2;;2;;2;;2;;2;;2;;2;;54;12;54;314.60864577
6052132;1;3;1;90;2;;1;14;2;;2;;2;;2;;2;;2;;2;;2;;54;12;54;314.60864577
6052133;1;1;1;90;2;;1;24;2;;2;;2;;2;;2;;2;;2;;2;;54;12;54;371.3236937
6052133;1;2;1;90;2;;1;38;2;;2;;2;;2;;2;;2;;2;;2;;54;12;54;371.3236937
6052133;1;3;1;90;2;;1;14;2;;2;;2;;2;;2;;2;;2;;2;;54;12;54;371.3236937
6052133;1;4;1;90;2;;1;14;2;;2;;2;;2;;2;;2;;2;;2;;54;12;54;371.3236937
6052134;1;1;1;90;2;;1;38;2;;2;;2;;2;;2;;2;;2;;2;;54;12;54;471.69422905
6052134;1;2;1;90;2;;2;;2;;2;;2;;2;;2;;2;;2;;2;;54;12;54;471.69422905
6052134;1;3;1;90;2;;2;;2;;2;;2;;2;;2;;2;;2;;2;;54;12;54;471.69422905
6052134;1;4;1;90;2;;1;28;2;;2;;2;;2;;2;;2;;2;;2;;54;12;54;471.69422905
6052134;1;5;1;90;2;;2;;2;;2;;2;;2;;2;;2;;2;;2;;54;12;54;471.69422905
6052185;1;1;1;90;2;;1;7;2;;1;14;2;;2;;2;;2;;2;;2;;66;12;66;507.96883678
6052185;1;2;1;90;2;;1;24;2;;2;;2;;2;;2;;2;;2;;2;;66;12;66;507.96883678
6052186;1;1;1;90;2;;1;28;2;;2;;2;;2;;2;;2;;2;;2;;66;12;66;348.4157793
6052187;1;1;1;90;2;;1;5;2;;2;;2;;2;;2;;2;;2;;2;;66;12;66;436.19194982
6052188;1;1;1;90;2;;1;34;2;;1;18;2;;2;;2;;2;;2;;2;;68;12;68;580.4812623
6052188;1;2;1;90;2;;1;8;2;;1;10;2;;2;;2;;2;;2;;2;;68;12;68;580.4812623
6052189;1;1;1;90;2;;1;10;2;;2;;2;;2;;2;;2;;2;;2;;68;12;68;526.02584251
6052190;1;1;1;90;2;;2;;2;;2;;2;;2;;2;;2;;2;;2;;68;12;68;491.25131791
6052190;1;2;1;90;2;;1;10;2;;2;;2;;2;;2;;2;;2;;2;;68;12;68;491.25131791
6052191;1;1;1;90;2;;1;26;2;;2;;2;;2;;2;;2;;2;;2;;68;12;68;526.02584251
6052192;1;1;1;90;2;;1;30;2;;2;;2;;1;14;2;;2;;2;;2;;68;12;68;668.45305473
6052192;1;2;1;90;2;;1;4;2;;2;;2;;2;;2;;2;;2;;2;;68;12;68;668.45305473
6052192;1;3;1;90;2;;1;5;2;;1;12;2;;2;;1;6;2;;2;;2;;68;12;68;668.45305473
6052193;1;1;1;90;2;;1;42;2;;2;;1;20;2;;2;;2;;2;;2;;68;12;68;613.99763495
6052193;1;2;1;90;2;;1;10;2;;2;;2;;2;;2;;2;;2;;2;;68;12;68;613.99763495
6052194;1;1;1;90;2;;2;;2;;2;;2;;2;;2;;2;;2;;2;;68;12;68;562.37700526
6052194;1;2;1;90;2;;1;35;2;;1;30;2;;2;;2;;2;;2;;2;;68;12;68;562.37700526
6052194;1;5;1;90;2;;1;4;2;;2;;2;;2;;2;;2;;2;;2;;68;12;68;562.37700526
6052194;1;6;1;90;2;;1;2;2;;2;;2;;2;;2;;2;;2;;2;;68;12;68;562.37700526
6052195;1;1;1;90;2;;1;28;2;;2;;2;;2;;2;;2;;2;;2;;68;12;68;468.96083403
6052195;1;2;1;90;2;;1;8;2;;2;;2;;2;;2;;2;;2;;2;;68;12;68;468.96083403
6052196;1;1;1;90;2;;1;24;2;;2;;2;;2;;2;;2;;2;;2;;68;12;68;516.99321241
6052196;1;2;1;90;2;;1;7;2;;1;6;2;;2;;2;;2;;2;;2;;68;12;68;516.99321241
6052196;1;3;1;90;2;;1;3;2;;2;;2;;2;;1;14;2;;2;;2;;68;12;68;516.99321241
6052196;1;4;1;90;2;;1;4;2;;2;;2;;2;;2;;2;;2;;2;;68;12;68;516.99321241
6052197;1;1;1;90;2;;2;;2;;2;;2;;2;;2;;2;;2;;2;;68;12;68;661.11954394
6052197;1;2;1;90;1;28;2;;2;;2;;2;;2;;2;;2;;2;;2;;68;12;68;661.11954394
6052197;1;3;1;90;2;;2;;2;;2;;2;;2;;2;;2;;2;;2;;68;12;68;661.11954394
6052197;1;4;1;90;2;;2;;2;;2;;2;;2;;2;;2;;2;;2;;68;12;68;661.11954394
6052197;1;5;1;90;2;;2;;2;;2;;2;;2;;2;;2;;2;;2;;68;12;68;661.11954394
6052198;1;1;1;90;2;;1;2;2;;2;;2;;2;;2;;2;;2;;2;;68;12;68;514.75219892
6052198;1;2;1;90;2;;1;28;2;;2;;1;24;2;;2;;2;;2;;2;;68;12;68;514.75219892
6052198;1;3;1;90;2;;1;2;2;;2;;1;4;2;;2;;2;;2;;2;;68;12;68;514.75219892
6052198;1;4;1;90;2;;2;;2;;2;;2;;2;;2;;2;;2;;2;;68;12;68;514.75219892
6052199;1;1;1;90;2;;1;10;2;;2;;2;;2;;2;;2;;2;;2;;68;12;68;492.46171505
6052199;1;2;1;90;2;;1;14;2;;2;;2;;2;;2;;2;;2;;2;;68;12;68;492.46171505
6052199;1;3;1;90;2;;1;14;2;;2;;2;;2;;2;;2;;2;;2;;68;12;68;492.46171505
6052199;1;4;1;90;2;;1;14;2;;2;;2;;2;;1;15;2;;2;;2;;68;12;68;492.46171505
6052200;1;1;1;90;2;;2;;2;;2;;2;;2;;2;;2;;2;;2;;68;12;68;493.4923314
6052200;1;2;1;90;2;;1;2;2;;2;;2;;2;;2;;2;;2;;2;;68;12;68;493.4923314
6052201;1;1;1;90;2;;1;2;2;;2;;2;;2;;2;;2;;2;;2;;68;12;68;516.99321241
6052201;1;2;1;90;2;;1;21;2;;2;;2;;2;;2;;2;;2;;2;;68;12;68;516.99321241
6052201;1;3;1;90;2;;1;2;2;;2;;2;;2;;2;;2;;2;;2;;68;12;68;516.99321241
6052201;1;4;1;90;2;;1;2;2;;2;;2;;2;;2;;2;;2;;2;;68;12;68;516.99321241
6052202;1;1;1;90;2;;1;8;2;;2;;2;;2;;2;;2;;2;;2;;68;12;68;566.38533128
6052202;1;2;1;90;2;;1;8;2;;2;;2;;2;;2;;2;;2;;2;;68;12;68;566.38533128
6052203;1;1;1;90;2;;1;2;2;;2;;2;;2;;2;;2;;2;;2;;68;12;68;603.98214331
6052203;1;2;1;90;2;;1;24;2;;2;;2;;2;;2;;2;;2;;2;;68;12;68;603.98214331
6052203;1;3;1;90;2;;1;2;2;;2;;2;;2;;2;;2;;2;;2;;68;12;68;603.98214331
6052203;1;5;1;90;2;;1;30;2;;2;;2;;2;;2;;2;;2;;2;;68;12;68;603.98214331
6052204;1;1;1;90;2;;1;14;2;;1;20;2;;2;;2;;2;;2;;2;;68;12;68;640.46432104
6052204;1;2;1;90;2;;1;2;2;;1;7;2;;2;;2;;2;;2;;2;;68;12;68;640.46432104
6052205;1;1;1;90;2;;1;7;2;;1;8;2;;2;;2;;2;;2;;2;;68;12;68;590.99451541
6052205;1;2;1;90;2;;1;12;2;;1;9;2;;2;;2;;2;;2;;2;;68;12;68;590.99451541
6052205;1;3;1;90;2;;1;5;2;;2;;2;;2;;1;3;2;;2;;2;;68;12;68;590.99451541
6052206;1;1;1;90;2;;1;12;2;;2;;2;;2;;2;;2;;2;;2;;68;12;68;526.02584251
6052207;1;1;1;90;2;;1;7;2;;2;;2;;2;;2;;2;;2;;2;;68;12;68;486.08642847
6052207;1;2;1;90;2;;1;7;2;;2;;2;;2;;2;;2;;2;;2;;68;12;68;486.08642847
6052208;1;1;1;90;2;;2;;2;;2;;2;;2;;2;;2;;2;;2;;68;12;68;610.12989429
6052208;1;2;1;90;2;;1;28;2;;2;;2;;2;;2;;2;;2;;2;;68;12;68;610.12989429
6052208;1;3;1;90;2;;1;14;2;;2;;2;;2;;2;;2;;2;;2;;68;12;68;610.12989429
6052208;1;4;1;90;2;;1;8;2;;2;;2;;2;;2;;2;;2;;2;;68;12;68;610.12989429
6052208;1;5;1;90;2;;1;28;2;;2;;2;;2;;2;;2;;2;;2;;68;12;68;610.12989429
6052209;1;1;1;90;2;;1;14;2;;2;;2;;2;;2;;2;;2;;2;;68;12;68;621.40353788
6052209;1;2;1;90;2;;1;2;2;;2;;2;;2;;2;;2;;2;;2;;68;12;68;621.40353788
6052210;1;1;1;90;2;;1;5;2;;2;;2;;2;;2;;2;;2;;2;;68;12;68;530.96732397
6052210;1;2;1;90;2;;1;30;2;;1;24;2;;2;;2;;2;;2;;2;;68;12;68;530.96732397
6052210;1;3;1;90;2;;1;20;2;;2;;2;;2;;2;;2;;2;;2;;68;12;68;530.96732397
6052210;1;4;1;90;2;;1;8;2;;2;;2;;2;;2;;2;;2;;2;;68;12;68;530.96732397
6052210;1;5;1;90;2;;1;3;2;;2;;2;;2;;2;;2;;2;;2;;68;12;68;530.96732397
6052211;1;1;1;90;2;;1;2;2;;2;;2;;2;;2;;2;;2;;2;;68;12;68;710.63348227
6052211;1;2;1;90;2;;1;28;2;;1;14;2;;2;;2;;2;;2;;2;;68;12;68;710.63348227
6052212;1;1;1;90;2;;1;16;2;;2;;2;;2;;2;;2;;2;;2;;68;12;68;613.99763495
6052212;1;2;1;90;2;;1;6;2;;2;;2;;2;;2;;2;;2;;2;;68;12;68;613.99763495
6052213;1;1;1;90;2;;1;8;2;;2;;2;;2;;2;;2;;2;;2;;68;12;68;567.29580066
6052214;1;1;1;90;2;;1;8;2;;2;;2;;2;;2;;2;;2;;2;;68;12;68;570.90673802
6052214;1;2;1;90;2;;1;28;2;;2;;2;;2;;2;;2;;2;;2;;68;12;68;570.90673802
6052214;1;3;1;90;2;;1;8;2;;2;;2;;2;;2;;2;;2;;2;;68;12;68;570.90673802
6052214;1;4;1;90;2;;2;;2;;2;;2;;2;;2;;2;;2;;2;;68;12;68;570.90673802
6052215;1;1;1;90;2;;2;;2;;2;;2;;2;;2;;2;;2;;2;;68;12;68;526.52360399
6052215;1;2;1;90;2;;1;10;2;;2;;2;;2;;2;;2;;2;;2;;68;12;68;526.52360399
6052215;1;3;1;90;2;;2;;2;;2;;2;;2;;2;;2;;2;;2;;68;12;68;526.52360399
6052215;1;4;1;90;2;;1;30;2;;1;16;2;;2;;2;;2;;2;;2;;68;12;68;526.52360399
6052216;1;1;1;90;2;;1;6;2;;1;12;2;;2;;2;;2;;2;;2;;68;12;68;638.75666792
6052216;1;2;1;90;2;;1;31;2;;1;15;2;;2;;2;;2;;2;;2;;68;12;68;638.75666792
6052216;1;3;1;90;2;;2;;2;;1;12;2;;2;;2;;2;;2;;2;;68;12;68;638.75666792
6052217;1;1;1;90;2;;1;5;2;;1;7;2;;2;;2;;2;;2;;2;;68;12;68;646.16257085
6052217;1;2;1;90;2;;1;3;2;;2;;2;;2;;2;;2;;2;;2;;68;12;68;646.16257085
6052217;1;3;1;90;2;;1;3;2;;2;;2;;2;;2;;2;;2;;2;;68;12;68;646.16257085
6052218;1;1;1;90;2;;1;5;2;;2;;2;;2;;2;;2;;2;;2;;68;12;68;532.52127606
6052218;1;2;1;90;2;;1;28;2;;2;;2;;2;;2;;2;;2;;2;;68;12;68;532.52127606
6052219;1;1;1;90;2;;1;4;2;;2;;2;;2;;1;15;2;;2;;1;1;68;12;68;483.84541498
6052219;1;2;1;90;2;;1;4;2;;2;;2;;2;;2;;2;;2;;2;;68;12;68;483.84541498
6052220;1;1;1;90;2;;1;28;2;;2;;2;;2;;2;;2;;2;;2;;68;12;68;504.85685425
6052220;1;2;1;90;2;;1;30;2;;1;15;2;;2;;2;;2;;2;;2;;68;12;68;504.85685425
6052220;1;3;1;90;2;;1;6;2;;2;;2;;2;;2;;2;;2;;2;;68;12;68;504.85685425
6052220;1;4;1;90;2;;2;;2;;2;;2;;2;;2;;2;;2;;2;;68;12;68;504.85685425
6052220;1;5;1;90;2;;2;;2;;1;19;2;;2;;2;;2;;2;;2;;68;12;68;504.85685425
6052221;1;1;1;90;2;;1;4;2;;2;;2;;2;;2;;2;;2;;2;;68;12;68;693.66158887
6052221;1;2;1;90;2;;1;18;2;;1;14;2;;2;;2;;2;;2;;2;;68;12;68;693.66158887
6052221;1;4;1;90;2;;1;2;2;;2;;2;;2;;2;;2;;2;;2;;68;12;68;693.66158887
6052221;1;5;1;90;2;;1;28;2;;2;;2;;2;;2;;2;;2;;2;;68;12;68;693.66158887
6052222;1;1;1;90;2;;2;;2;;2;;2;;2;;2;;2;;2;;2;;68;12;68;579.57079291
6052222;1;2;1;90;2;;2;;2;;2;;2;;2;;2;;2;;2;;2;;68;12;68;579.57079291
6052222;1;3;1;90;2;;1;14;2;;2;;2;;2;;2;;2;;2;;2;;68;12;68;579.57079291
6052223;1;1;1;90;2;;2;;2;;2;;2;;2;;2;;2;;2;;2;;68;12;68;566.46301804
6052223;1;2;1;90;2;;1;12;2;;2;;2;;2;;2;;2;;2;;2;;68;12;68;566.46301804
6052223;1;3;1;90;2;;2;;2;;2;;2;;2;;2;;2;;2;;2;;68;12;68;566.46301804
6052224;1;1;1;90;2;;1;10;2;;2;;2;;2;;2;;2;;2;;2;;68;12;68;448.16042098
6052224;1;2;1;90;2;;1;28;2;;2;;2;;2;;2;;2;;2;;2;;68;12;68;448.16042098
6052224;1;3;1;90;2;;2;;2;;2;;2;;2;;2;;2;;2;;2;;68;12;68;448.16042098
6052224;1;4;1;90;2;;1;24;2;;2;;2;;2;;2;;2;;2;;2;;68;12;68;448.16042098
6052225;1;1;1;90;2;;1;2;2;;1;5;2;;2;;2;;2;;2;;2;;68;12;68;710.63348227
6052225;1;2;1;90;2;;1;24;2;;1;12;2;;2;;2;;2;;2;;2;;68;12;68;710.63348227
6052226;1;1;1;90;2;;1;10;2;;2;;2;;2;;2;;2;;2;;2;;68;12;68;473.32633617
6052226;1;2;1;90;2;;1;18;2;;2;;2;;2;;2;;2;;2;;2;;68;12;68;473.32633617
6052227;1;1;1;90;2;;1;2;2;;2;;2;;2;;2;;2;;2;;2;;68;12;68;621.40353788
6052227;1;2;1;90;2;;1;28;2;;2;;2;;2;;2;;2;;2;;2;;68;12;68;621.40353788
6052228;1;1;1;90;2;;1;8;2;;2;;2;;2;;2;;2;;2;;2;;68;12;68;709.37533031
6052228;1;2;1;90;2;;1;14;2;;2;;2;;2;;2;;2;;2;;2;;68;12;68;709.37533031
6052228;1;3;1;90;2;;1;7;2;;2;;2;;2;;2;;2;;2;;2;;68;12;68;709.37533031
6052229;1;1;1;90;2;;1;4;2;;2;;2;;2;;2;;2;;2;;2;;68;12;68;581.46412383
6052229;1;2;1;90;2;;1;30;2;;2;;2;;2;;2;;2;;2;;2;;68;12;68;581.46412383
6052229;1;3;1;90;2;;1;2;2;;2;;2;;2;;2;;2;;2;;2;;68;12;68;581.46412383
6052230;1;1;1;90;2;;1;30;2;;2;;2;;2;;2;;2;;2;;2;;68;12;68;526.02584251
6052231;1;1;1;90;2;;1;10;2;;2;;2;;2;;2;;2;;2;;2;;68;12;68;567.29580066
6052232;1;1;1;90;2;;1;24;2;;2;;2;;2;;2;;2;;2;;1;18;68;12;68;526.02584251
6052233;1;1;1;90;2;;1;10;2;;2;;2;;2;;2;;2;;2;;2;;68;12;68;533.43174545
6052234;1;1;1;90;2;;1;28;2;;2;;2;;2;;2;;2;;2;;2;;68;12;68;627.60317129
6052234;1;2;1;90;2;;2;;2;;2;;2;;2;;2;;2;;2;;2;;68;12;68;627.60317129
6052234;1;3;1;90;2;;1;8;2;;2;;2;;2;;2;;2;;2;;2;;68;12;68;627.60317129
6052234;1;4;1;90;2;;1;12;2;;2;;2;;2;;2;;2;;2;;2;;68;12;68;627.60317129
6052234;1;5;1;90;2;;2;;2;;2;;2;;2;;2;;2;;2;;2;;68;12;68;627.60317129
6052235;1;1;1;90;2;;2;;2;;2;;2;;2;;2;;2;;2;;2;;68;12;68;485.17595908
6052235;1;2;1;90;2;;1;26;2;;2;;2;;2;;2;;2;;2;;2;;68;12;68;485.17595908
6052235;1;3;1;90;2;;2;;2;;2;;1;20;2;;2;;2;;2;;2;;68;12;68;485.17595908
6052236;1;1;1;90;2;;2;;2;;2;;2;;2;;2;;2;;2;;2;;68;12;68;613.08716556
6052236;1;2;1;90;2;;1;14;2;;2;;2;;2;;2;;2;;2;;2;;68;12;68;613.08716556
6052236;1;3;1;90;2;;2;;2;;2;;2;;2;;2;;2;;2;;2;;68;12;68;613.08716556
6052237;1;1;1;90;2;;2;;2;;2;;2;;2;;2;;2;;2;;2;;68;12;68;613.08716556
6052237;1;2;1;90;2;;1;24;2;;2;;2;;2;;2;;2;;2;;2;;68;12;68;613.08716556
6052237;1;3;1;90;2;;2;;2;;2;;2;;2;;2;;2;;2;;2;;68;12;68;613.08716556
6052238;1;1;1;90;2;;2;;2;;2;;2;;2;;2;;2;;2;;2;;68;12;68;620.49306849
6052238;1;2;1;90;2;;1;8;2;;2;;2;;2;;2;;2;;2;;2;;68;12;68;620.49306849
6052238;1;3;1;90;2;;2;;2;;2;;2;;2;;2;;2;;2;;2;;68;12;68;620.49306849
6052239;1;1;1;90;2;;2;;2;;2;;2;;2;;1;48;2;;2;;2;;68;12;68;613.99763495
6052239;1;2;1;90;2;;2;;2;;2;;2;;2;;2;;2;;2;;2;;68;12;68;613.99763495
6052240;1;1;1;90;2;;1;15;2;;2;;2;;2;;2;;2;;2;;2;;68;12;68;621.40353788
6052240;1;2;1;90;2;;2;;2;;2;;2;;2;;2;;2;;2;;2;;68;12;68;621.40353788
6052241;1;1;1;90;2;;1;40;2;;1;40;2;;2;;2;;2;;2;;2;;68;12;68;493.4923314
6052241;1;2;1;90;2;;1;15;2;;2;;2;;2;;2;;2;;2;;2;;68;12;68;493.4923314
6052242;1;1;1;90;2;;2;;2;;2;;2;;2;;2;;2;;2;;2;;68;12;68;630.93392946
6052242;1;2;1;90;2;;1;20;2;;2;;2;;2;;2;;2;;2;;2;;68;12;68;630.93392946
6052243;1;1;1;90;2;;1;7;2;;2;;2;;2;;2;;2;;2;;2;;68;12;68;621.40353788
6052243;1;2;1;90;2;;1;7;2;;2;;2;;2;;1;8;2;;2;;2;;68;12;68;621.40353788
6052244;1;1;1;90;2;;1;7;2;;1;14;2;;2;;2;;2;;2;;2;;68;12;68;493.4923314
6052244;1;2;1;90;2;;1;4;2;;2;;2;;2;;2;;2;;2;;2;;68;12;68;493.4923314
6052245;1;1;1;90;2;;1;18;2;;2;;2;;2;;2;;2;;2;;2;;68;12;68;541.52470978
6052245;1;2;1;90;2;;2;;2;;2;;2;;2;;2;;2;;2;;2;;68;12;68;541.52470978
6052245;1;3;1;90;2;;1;4;2;;2;;2;;2;;2;;2;;2;;2;;68;12;68;541.52470978
6052245;2;1;2;90;2;;1;7;2;;2;;2;;2;;2;;2;;2;;2;;68;12;68;541.52470978
6052246;1;1;1;90;2;;2;;2;;2;;2;;2;;2;;2;;2;;2;;68;12;68;566.46301804
6052246;1;2;1;90;2;;1;20;2;;2;;2;;2;;2;;2;;2;;2;;68;12;68;566.46301804
6052246;1;3;1;90;2;;1;8;2;;2;;2;;2;;2;;2;;2;;2;;68;12;68;566.46301804
6052247;1;1;1;90;2;;1;20;2;;2;;2;;2;;2;;2;;2;;2;;68;12;68;621.40353788
6052247;1;2;1;90;2;;1;4;2;;2;;2;;2;;2;;2;;2;;2;;68;12;68;621.40353788
6052248;1;1;1;90;2;;1;15;2;;2;;2;;2;;1;2;2;;2;;2;;68;12;68;621.40353788
6052248;1;2;1;90;2;;1;18;2;;2;;2;;2;;2;;2;;2;;2;;68;12;68;621.40353788
6052249;1;1;1;90;2;;1;12;2;;2;;2;;2;;2;;2;;2;;2;;68;12;68;621.40353788
6052249;1;2;1;90;2;;1;3;2;;2;;2;;2;;2;;2;;2;;2;;68;12;68;621.40353788
6052250;1;1;1;90;2;;1;14;2;;2;;2;;2;;2;;2;;2;;2;;68;12;68;656.17806248
6052251;1;1;1;90;2;;1;24;2;;2;;2;;2;;2;;2;;2;;2;;68;12;68;533.43174545
6052252;1;1;1;90;2;;2;;2;;2;;2;;2;;2;;2;;2;;2;;68;12;68;680.2244598
6052252;1;2;1;90;2;;1;18;2;;2;;2;;2;;2;;2;;2;;2;;68;12;68;680.2244598
6052252;1;3;1;90;2;;2;;2;;2;;2;;2;;2;;2;;2;;2;;68;12;68;680.2244598
6052253;1;1;1;90;2;;1;1;2;;2;;2;;2;;2;;2;;2;;2;;68;12;68;484.34317646
6052253;1;2;1;90;2;;1;18;2;;2;;2;;2;;2;;2;;2;;2;;68;12;68;484.34317646
6052253;1;3;1;90;2;;1;2;2;;2;;2;;2;;2;;2;;2;;2;;68;12;68;484.34317646
6052253;1;4;1;90;2;;1;7;2;;2;;2;;2;;2;;2;;2;;2;;68;12;68;484.34317646
6052253;1;6;1;90;2;;1;12;2;;2;;2;;2;;2;;2;;2;;2;;68;12;68;484.34317646
6052254;1;1;1;90;2;;1;12;2;;2;;2;;2;;2;;2;;2;;2;;68;12;68;621.40353788
6052254;1;2;1;90;2;;1;4;2;;2;;2;;2;;2;;2;;2;;2;;68;12;68;621.40353788
6052255;1;1;1;90;2;;1;14;2;;2;;2;;2;;1;40;2;;2;;2;;68;12;68;744.14985492
6052255;1;2;1;90;2;;1;7;2;;2;;2;;2;;2;;2;;2;;2;;68;12;68;744.14985492
6052256;1;1;1;90;2;;1;14;2;;2;;2;;2;;2;;2;;2;;2;;68;12;68;621.40353788
6052256;1;2;1;90;2;;1;12;2;;2;;2;;2;;2;;2;;2;;2;;68;12;68;621.40353788
6052257;1;1;1;90;2;;1;14;2;;2;;2;;2;;2;;2;;2;;2;;68;12;68;493.4923314
6052257;1;2;1;90;2;;1;7;2;;2;;2;;2;;2;;2;;2;;2;;68;12;68;493.4923314
6052258;1;1;1;90;2;;2;;2;;2;;2;;2;;2;;2;;2;;2;;68;12;68;430.23543924
6052258;1;2;1;90;2;;1;12;2;;2;;2;;2;;2;;2;;2;;2;;68;12;68;430.23543924
6052258;1;3;1;90;2;;2;;2;;1;12;2;;2;;2;;2;;2;;2;;68;12;68;430.23543924
6052258;1;4;1;90;2;;2;;2;;2;;2;;2;;2;;2;;2;;2;;68;12;68;430.23543924
6052259;1;1;1;90;2;;1;2;2;;2;;2;;2;;2;;2;;2;;2;;68;12;68;425.8699371
6052259;1;2;1;90;2;;1;28;2;;2;;2;;2;;2;;2;;2;;2;;68;12;68;425.8699371
6052259;1;3;1;90;2;;1;24;2;;2;;2;;2;;2;;2;;2;;2;;68;12;68;425.8699371
6052259;1;4;1;90;2;;1;7;2;;2;;2;;2;;2;;2;;2;;2;;68;12;68;425.8699371
6052260;1;1;1;90;2;;1;12;2;;2;;2;;2;;2;;2;;2;;2;;68;12;68;621.40353788
6052260;1;2;1;90;2;;2;;2;;2;;2;;2;;2;;2;;2;;2;;68;12;68;621.40353788
6052261;1;1;1;90;2;;1;7;2;;2;;2;;2;;2;;2;;2;;2;;68;12;68;744.14985492
6052261;1;2;1;90;2;;1;7;2;;2;;2;;2;;2;;2;;2;;2;;68;12;68;744.14985492
6052262;1;1;1;90;2;;1;20;2;;2;;2;;2;;2;;2;;2;;2;;68;12;68;586.62901327
6052262;1;2;1;90;2;;1;2;2;;2;;2;;2;;2;;2;;2;;2;;68;12;68;586.62901327
6052262;1;3;1;90;2;;1;12;2;;2;;2;;2;;2;;2;;2;;2;;68;12;68;586.62901327
6052263;1;1;1;90;2;;1;30;2;;2;;2;;2;;2;;2;;2;;2;;68;12;68;525.11537313
6052263;1;2;1;90;2;;1;29;2;;2;;2;;2;;2;;2;;2;;2;;68;12;68;525.11537313
6052264;1;1;1;90;2;;1;28;2;;2;;2;;2;;2;;2;;2;;2;;68;12;68;613.99763495
6052264;1;2;1;90;2;;1;8;2;;2;;2;;2;;2;;2;;2;;2;;68;12;68;613.99763495
6052265;1;1;1;90;2;;2;;2;;2;;2;;2;;2;;2;;2;;2;;68;12;68;484.34317646
6052265;1;2;1;90;2;;1;10;2;;2;;2;;2;;2;;2;;2;;2;;68;12;68;484.34317646
6052265;1;3;1;90;2;;1;10;2;;1;20;2;;2;;2;;2;;2;;2;;68;12;68;484.34317646
6052265;1;4;1;90;2;;1;10;2;;1;30;2;;2;;2;;2;;2;;2;;68;12;68;484.34317646
6052265;1;6;1;90;2;;2;;2;;2;;2;;2;;2;;2;;2;;2;;68;12;68;484.34317646
6052266;1;1;1;90;2;;1;1;2;;2;;2;;2;;2;;2;;2;;2;;68;12;68;643.9939495
6052266;1;2;1;90;2;;1;28;2;;2;;2;;2;;2;;2;;2;;2;;68;12;68;643.9939495
6052266;1;3;1;90;2;;1;2;2;;2;;2;;2;;2;;2;;2;;2;;68;12;68;643.9939495
6052266;1;4;1;90;2;;2;;2;;2;;2;;2;;2;;2;;2;;2;;68;12;68;643.9939495
6052266;1;5;1;90;2;;1;7;2;;2;;2;;2;;2;;2;;2;;2;;68;12;68;643.9939495
6052267;1;1;1;90;2;;1;4;2;;2;;2;;2;;2;;2;;2;;2;;68;12;68;621.40353788
6052267;1;2;1;90;2;;1;20;2;;2;;2;;2;;2;;2;;2;;2;;68;12;68;621.40353788
6052268;1;1;1;90;2;;1;36;2;;2;;2;;2;;2;;2;;2;;2;;68;12;68;526.02584251
6052269;1;1;1;90;2;;2;;2;;2;;2;;2;;2;;2;;2;;2;;68;12;68;499.34428224
6052269;1;2;1;90;2;;1;18;2;;2;;2;;2;;2;;2;;2;;2;;68;12;68;499.34428224
6052269;1;3;1;90;2;;1;12;2;;2;;2;;2;;2;;2;;2;;2;;68;12;68;499.34428224
6052269;1;4;1;90;2;;1;12;2;;2;;2;;2;;2;;2;;2;;2;;68;12;68;499.34428224
6052269;1;5;1;90;2;;2;;2;;2;;2;;2;;2;;2;;2;;2;;68;12;68;499.34428224
6052270;1;1;1;90;2;;2;;2;;2;;2;;2;;2;;2;;2;;2;;68;12;68;570.90673802
6052270;1;2;1;90;2;;1;30;2;;2;;2;;2;;2;;2;;2;;2;;68;12;68;570.90673802
6052270;1;3;1;90;2;;1;2;2;;2;;2;;2;;2;;2;;2;;2;;68;12;68;570.90673802
6052270;1;4;1;90;2;;1;24;2;;2;;2;;2;;2;;2;;2;;2;;68;12;68;570.90673802
6052271;1;1;1;90;2;;1;29;2;;2;;2;;2;;2;;2;;2;;2;;68;12;68;490.34084852
6052271;1;2;1;90;2;;1;10;2;;2;;2;;2;;2;;2;;2;;2;;68;12;68;490.34084852
6052271;1;3;1;90;2;;2;;2;;2;;2;;2;;2;;2;;2;;2;;68;12;68;490.34084852
6052272;1;1;1;90;2;;1;30;2;;2;;2;;2;;2;;2;;2;;2;;68;12;68;526.02584251
6052273;1;1;1;90;2;;2;;2;;2;;2;;2;;2;;2;;2;;2;;68;12;68;455.56632391
6052273;1;2;1;90;2;;1;24;2;;2;;2;;2;;2;;2;;2;;2;;68;12;68;455.56632391
6052273;1;3;1;90;2;;1;24;2;;2;;2;;2;;2;;2;;2;;1;8;68;12;68;455.56632391
6052273;1;4;1;90;2;;1;2;2;;2;;2;;2;;2;;2;;2;;2;;68;12;68;455.56632391
6052274;1;1;1;90;2;;1;8;2;;2;;2;;2;;2;;2;;2;;2;;68;12;68;613.08716556
6052274;1;2;1;90;2;;2;;2;;2;;2;;2;;2;;2;;2;;2;;68;12;68;613.08716556
6052274;1;3;1;90;2;;1;8;2;;2;;2;;2;;2;;2;;2;;2;;68;12;68;613.08716556
6052275;1;1;1;90;2;;1;14;2;;2;;2;;2;;2;;2;;2;;2;;68;12;68;526.02584251
6052276;1;1;1;90;2;;1;7;2;;2;;2;;2;;2;;2;;2;;2;;68;12;68;483.84541498
6052276;1;2;1;90;2;;1;14;2;;2;;2;;2;;2;;2;;2;;2;;68;12;68;483.84541498
6052277;1;1;1;90;2;;1;2;2;;2;;2;;2;;2;;2;;2;;2;;68;12;68;460.64446171
6052277;1;2;1;90;2;;1;24;2;;2;;2;;2;;2;;2;;2;;2;;68;12;68;460.64446171
6052277;1;3;1;90;2;;1;3;2;;2;;2;;2;;2;;2;;2;;2;;68;12;68;460.64446171
6052278;1;1;1;90;2;;1;7;2;;2;;2;;2;;2;;2;;2;;2;;68;12;68;425.8699371
6052278;1;2;1;90;2;;2;;1;14;1;7;2;;2;;2;;2;;2;;2;;68;12;68;425.8699371
6052278;1;3;1;90;2;;1;14;2;;2;;2;;2;;2;;2;;2;;2;;68;12;68;425.8699371
6052278;1;4;1;90;2;;2;;2;;2;;2;;2;;2;;2;;2;;2;;68;12;68;425.8699371
6052279;1;1;1;90;2;;1;8;2;;2;;2;;2;;2;;2;;2;;2;;68;12;68;546.68959922
6052279;1;2;1;90;2;;1;21;2;;2;;2;;2;;2;;2;;2;;2;;68;12;68;546.68959922
6052279;1;3;1;90;2;;1;16;2;;2;;2;;2;;2;;2;;2;;2;;68;12;68;546.68959922
6052279;1;4;1;90;2;;1;12;2;;2;;2;;2;;2;;2;;2;;2;;68;12;68;546.68959922
6052280;1;1;1;90;2;;2;;2;;2;;2;;2;;2;;2;;2;;2;;76;12;76;1425.2781216
6052280;1;2;1;90;2;;1;40;2;;2;;2;;2;;2;;2;;2;;2;;76;12;76;1425.2781216
6052280;1;3;1;90;2;;2;;2;;2;;2;;2;;2;;2;;2;;2;;76;12;76;1425.2781216
6052281;1;1;1;90;2;;1;8;2;;2;;2;;2;;2;;2;;2;;2;;76;12;76;732.27862516
6052281;1;2;1;90;2;;2;;2;;2;;2;;2;;2;;2;;2;;2;;76;12;76;732.27862516
6052281;1;3;1;90;2;;1;15;2;;2;;2;;2;;2;;2;;2;;2;;76;12;76;732.27862516
6052282;1;1;1;90;2;;1;40;2;;1;56;2;;2;;2;;2;;2;;2;;76;12;76;1620.4222412
6052282;1;2;1;90;2;;2;;2;;1;25;2;;2;;2;;2;;2;;2;;76;12;76;1620.4222412
6052283;1;1;1;90;2;;1;2;2;;2;;2;;2;;2;;2;;2;;2;;76;12;76;1404.3657011
6052284;1;1;1;90;2;;1;10;2;;2;;2;;2;;2;;2;;2;;2;;76;12;76;965.15938767
6052284;1;2;1;90;2;;1;15;2;;2;;2;;1;3;2;;2;;2;;2;;76;12;76;965.15938767
6052285;1;1;1;90;2;;2;;2;;2;;2;;2;;2;;2;;2;;2;;76;12;76;1060.344502
6052285;1;2;1;90;2;;1;40;2;;2;;2;;2;;1;2;2;;2;;2;;76;12;76;1060.344502
6052285;1;3;1;90;2;;1;2;2;;2;;2;;2;;2;;2;;2;;2;;76;12;76;1060.344502
6052286;1;1;1;90;2;;1;16;2;;2;;2;;2;;2;;2;;2;;2;;76;12;76;1310.7733246
6052286;1;2;1;90;2;;1;40;2;;2;;2;;2;;2;;2;;2;;2;;76;12;76;1310.7733246
6052286;1;3;1;90;2;;1;12;2;;2;;2;;2;;2;;2;;2;;2;;76;12;76;1310.7733246
6052287;1;1;1;90;2;;1;7;2;;2;;2;;2;;2;;2;;2;;2;;76;12;76;1307.8320048
6052287;1;2;1;90;2;;1;14;2;;2;;2;;2;;2;;2;;2;;2;;76;12;76;1307.8320048
6052288;1;1;1;90;2;;2;;2;;2;;2;;2;;2;;2;;2;;2;;76;12;76;1256.7501622
6052289;1;1;1;90;2;;1;6;2;;2;;2;;2;;2;;2;;2;;2;;76;12;76;868.62569141
6052289;1;2;1;90;2;;1;24;2;;2;;1;30;2;;2;;2;;2;;2;;76;12;76;868.62569141
6052289;1;3;1;90;2;;1;25;2;;2;;2;;2;;2;;2;;2;;2;;76;12;76;868.62569141
6052290;1;1;1;90;2;;1;14;2;;2;;2;;2;;2;;2;;2;;2;;76;12;76;1425.2781216
6052290;1;2;1;90;2;;1;21;2;;2;;2;;2;;2;;2;;2;;2;;76;12;76;1425.2781216
6052290;1;3;1;90;2;;1;4;2;;2;;2;;2;;2;;2;;2;;2;;76;12;76;1425.2781216
6052291;1;1;1;90;2;;1;20;2;;2;;2;;2;;2;;2;;2;;2;;76;12;76;2098.3379422
6052291;1;2;1;90;2;;1;14;2;;2;;2;;2;;2;;2;;2;;2;;76;12;76;2098.3379422
6052291;1;3;1;90;2;;2;;2;;2;;2;;2;;2;;2;;2;;2;;76;12;76;2098.3379422
6052291;1;4;1;90;2;;1;18;2;;2;;2;;2;;2;;2;;2;;2;;76;12;76;2098.3379422
6052292;1;1;1;90;2;;1;14;2;;2;;2;;2;;2;;2;;2;;2;;76;12;76;1537.1384087
6052292;1;2;1;90;2;;1;4;2;;2;;2;;2;;2;;2;;2;;2;;76;12;76;1537.1384087
6052293;1;1;1;90;2;;1;14;1;18;2;;2;;2;;2;;2;;2;;2;;76;12;76;1017.5898122
6052294;1;1;1;90;2;;2;;2;;2;;2;;2;;2;;2;;2;;2;;76;12;76;965.15938767
6052294;1;2;1;90;2;;1;14;2;;2;;1;21;2;;2;;2;;2;;2;;76;12;76;965.15938767
6052295;1;1;1;90;2;;2;;2;;2;;2;;2;;2;;2;;2;;2;;76;12;76;1215.5882103
6052295;1;2;1;90;2;;1;40;2;;1;50;2;;2;;2;;2;;2;;2;;76;12;76;1215.5882103
6052296;1;1;1;90;2;;2;;2;;2;;2;;2;;2;;2;;2;;2;;76;12;76;1112.7749265
6052296;1;2;1;90;2;;1;7;2;;2;;1;5;2;;2;;2;;2;;2;;76;12;76;1112.7749265
6052297;1;1;1;90;2;;2;;2;;1;16;2;;2;;2;;2;;2;;2;;76;12;76;2180.2388055
6052297;1;2;1;90;2;;1;56;2;;1;70;2;;2;;2;;2;;2;;2;;76;12;76;2180.2388055
6052298;1;1;1;90;2;;1;3;2;;2;;2;;2;;2;;2;;2;;2;;76;12;76;1404.3657011
6052299;1;1;1;90;2;;1;21;2;;2;;2;;2;;2;;2;;2;;2;;76;12;76;1017.5898122
6052300;1;1;1;90;2;;1;14;2;;2;;2;;2;;2;;2;;2;;2;;76;12;76;1310.7733246
6052300;1;2;1;90;2;;1;3;2;;2;;2;;2;;2;;2;;2;;2;;76;12;76;1310.7733246
6052300;1;3;1;90;2;;2;;2;;2;;2;;2;;2;;2;;2;;2;;76;12;76;1310.7733246
6052301;1;1;1;90;2;;1;5;2;;2;;2;;2;;2;;2;;2;;2;;76;12;76;1307.8320048
6052301;1;2;1;90;2;;1;42;2;;2;;2;;2;;2;;2;;2;;2;;76;12;76;1307.8320048
6052302;1;1;1;90;2;;1;30;2;;2;;2;;2;;2;;2;;2;;2;;76;12;76;828.81232141
6052302;1;2;1;90;2;;1;1;2;;2;;2;;2;;2;;2;;2;;2;;76;12;76;828.81232141
6052303;1;1;1;90;2;;1;7;2;;2;;2;;2;;2;;2;;2;;2;;76;12;76;2034.2162341
6052303;1;2;1;90;2;;1;25;2;;1;15;2;;2;;2;;2;;2;;2;;76;12;76;2034.2162341
6052304;1;1;1;90;2;;2;;2;;1;20;2;;2;;2;;2;;2;;2;;76;12;76;1440.6047124
6052304;1;2;1;90;2;;1;35;2;;1;99;2;;2;;2;;2;;2;;2;;76;12;76;1440.6047124
6052304;1;3;1;90;2;;1;2;2;;2;;2;;2;;2;;2;;2;;2;;76;12;76;1440.6047124
6053076;1;1;1;90;2;;1;21;2;;2;;2;;2;;2;;2;;2;;2;;05;12;05;1193.1034902
6053076;1;2;1;90;2;;1;5;2;;2;;2;;2;;2;;2;;2;;2;;05;12;05;1193.1034902
6053077;1;1;1;90;2;;1;40;2;;2;;1;30;1;4;2;;2;;2;;2;;05;12;05;1296.0920571
6053077;1;2;1;90;2;;2;;2;;2;;2;;2;;2;;2;;2;;2;;05;12;05;1296.0920571
6053078;1;1;1;90;2;;1;2;2;;2;;2;;2;;2;;2;;2;;2;;05;12;05;1288.6483988
6053078;1;2;1;90;2;;2;;2;;2;;2;;2;;2;;2;;2;;2;;05;12;05;1288.6483988
6053079;1;1;1;90;2;;1;2;2;;2;;2;;2;;2;;2;;2;;2;;05;12;05;1155.4021972
6053079;1;2;1;90;2;;1;21;2;;2;;2;;2;;2;;2;;2;;2;;05;12;05;1155.4021972
6053079;1;3;1;90;2;;1;7;2;;2;;2;;2;;2;;2;;2;;2;;05;12;05;1155.4021972
6053080;1;1;1;90;2;;1;25;2;;2;;2;;2;;2;;2;;2;;2;;05;12;05;1269.7689328
6053081;1;1;1;90;2;;1;36;2;;2;;2;;2;;2;;2;;2;;2;;05;12;05;1272.4422035
6053081;1;2;1;90;2;;1;3;2;;2;;2;;2;;2;;2;;2;;2;;05;12;05;1272.4422035
6053081;1;3;1;90;2;;1;7;2;;2;;2;;2;;2;;2;;2;;2;;05;12;05;1272.4422035
6053082;1;1;1;90;2;;1;12;2;;1;21;2;;2;;2;;2;;2;;2;;05;12;05;1402.0081499
6053082;1;3;1;90;2;;2;;2;;2;;2;;2;;2;;2;;2;;2;;05;12;05;1402.0081499
6053082;1;4;1;90;2;;1;21;2;;1;56;2;;2;;2;;2;;2;;2;;05;12;05;1402.0081499
6053083;1;1;1;90;2;;1;15;2;;2;;2;;2;;2;;2;;2;;2;;05;12;05;1253.5627375
6053083;1;2;1;90;2;;1;27;2;;2;;2;;2;;2;;2;;2;;2;;05;12;05;1253.5627375
6053084;1;1;1;90;2;;2;;2;;2;;2;;2;;2;;2;;2;;2;;05;12;05;1156.3517356
6053084;1;2;1;90;2;;1;12;2;;2;;2;;2;;2;;2;;2;;2;;05;12;05;1156.3517356
6053084;1;3;1;90;2;;1;12;2;;2;;2;;2;;2;;2;;2;;2;;05;12;05;1156.3517356
6053084;1;4;1;90;2;;1;12;2;;2;;2;;2;;2;;2;;2;;2;;05;12;05;1156.3517356
6053085;1;1;1;90;2;;1;28;2;;2;;2;;2;;2;;2;;2;;2;;05;12;05;1253.5627375
6053085;1;2;1;90;2;;1;4;2;;2;;2;;2;;2;;2;;2;;2;;05;12;05;1253.5627375
6053088;1;1;1;90;2;;1;2;2;;2;;2;;2;;2;;2;;2;;2;;05;12;05;1078.5893
6053088;1;2;1;90;2;;1;42;2;;1;12;2;;2;;2;;2;;2;;2;;05;12;05;1078.5893
6053088;1;3;1;90;2;;2;;2;;2;;2;;2;;2;;2;;2;;2;;05;12;05;1078.5893
6053088;1;4;1;90;2;;1;10;2;;2;;2;;2;;2;;2;;2;;2;;05;12;05;1078.5893
6053089;1;1;1;90;2;;2;;2;;2;;2;;2;;2;;2;;2;;2;;05;12;05;1296.0920571
6053089;1;2;1;90;2;;1;8;2;;2;;2;;2;;2;;2;;2;;2;;05;12;05;1296.0920571
6053090;1;1;1;90;2;;1;20;2;;2;;2;;2;;2;;2;;2;;2;;05;12;05;1253.5627375
6053090;1;2;1;90;2;;1;10;2;;2;;2;;2;;2;;2;;2;;2;;05;12;05;1253.5627375
6053091;1;1;1;90;2;;2;;2;;1;10;2;;2;;2;;2;;2;;2;;05;12;05;2107.9772133
6053091;1;2;1;90;2;;1;12;2;;1;18;2;;2;;2;;2;;2;;2;;05;12;05;2107.9772133
6053092;1;1;1;90;2;;1;5;2;;2;;2;;2;;2;;2;;2;;2;;05;12;05;1312.5033461
6053092;1;2;1;90;2;;2;;2;;2;;2;;2;;2;;2;;2;;2;;05;12;05;1312.5033461
6053092;1;3;1;90;2;;1;1;2;;2;;2;;2;;2;;2;;2;;2;;05;12;05;1312.5033461
6053092;1;4;1;90;2;;2;;2;;2;;2;;2;;2;;2;;2;;2;;05;12;05;1312.5033461
6053093;1;1;1;90;2;;2;;2;;2;;2;;2;;2;;2;;2;;2;;05;12;05;1057.2416569
6053093;1;2;1;90;2;;1;15;2;;2;;2;;2;;2;;2;;2;;2;;05;12;05;1057.2416569
6053093;1;3;1;90;2;;2;;2;;2;;2;;2;;2;;2;;2;;2;;05;12;05;1057.2416569
6053093;1;4;1;90;2;;2;;2;;2;;2;;2;;2;;2;;2;;2;;05;12;05;1057.2416569
6053094;1;1;1;90;2;;1;20;2;;2;;2;;2;;2;;2;;2;;2;;05;12;05;1100.0843977
6053094;1;2;1;90;2;;2;;2;;2;;2;;2;;2;;2;;2;;2;;05;12;05;1100.0843977
6053094;1;3;1;90;2;;1;10;2;;2;;2;;2;;2;;2;;2;;2;;05;12;05;1100.0843977
6053094;1;4;1;90;2;;1;10;2;;2;;2;;2;;2;;2;;2;;2;;05;12;05;1100.0843977
6053095;1;1;1;90;2;;1;4;2;;2;;2;;2;;1;2;2;;2;;2;;05;12;05;1234.6832715
6053096;1;1;1;90;2;;1;56;2;;2;;2;;2;;2;;2;;2;;2;;05;12;05;1296.0920571
6053096;1;2;1;90;2;;1;14;2;;2;;2;;2;;2;;2;;2;;2;;05;12;05;1296.0920571
6053097;1;1;1;90;2;;1;20;2;;1;50;2;;2;;2;;2;;2;;2;;05;12;05;1885.0211142
6053098;1;1;1;90;2;;1;40;2;;2;;2;;2;;2;;2;;2;;2;;05;12;05;1511.4034025
6053098;1;2;1;90;2;;1;10;2;;2;;2;;2;;2;;2;;2;;2;;05;12;05;1511.4034025
6053099;1;1;1;90;2;;1;3;2;;2;;1;14;2;;2;;2;;2;;2;;05;12;05;1476.1702864
6053099;1;2;1;90;2;;1;42;2;;1;90;1;90;2;;2;;2;;2;;2;;05;12;05;1476.1702864
6053100;1;1;1;90;2;;1;30;2;;2;;2;;2;;2;;2;;2;;2;;05;12;05;1511.4034025
6053100;1;2;1;90;2;;1;10;2;;2;;2;;2;;2;;2;;2;;2;;05;12;05;1511.4034025
6053101;1;1;1;90;2;;2;;2;;2;;2;;2;;2;;2;;2;;2;;08;12;08;762.58210466
6053101;1;2;1;90;2;;1;20;2;;2;;2;;2;;2;;2;;2;;2;;08;12;08;762.58210466
6053101;1;3;1;90;2;;2;;2;;2;;2;;2;;2;;2;;2;;2;;08;12;08;762.58210466
6053101;1;4;1;90;2;;1;5;2;;2;;2;;2;;2;;2;;2;;2;;08;12;08;762.58210466
6053102;1;1;1;90;2;;1;20;2;;2;;2;;2;;2;;2;;2;;2;;11;12;11;2919.3655449
6053102;1;2;1;90;2;;2;;2;;2;;2;;2;;2;;2;;2;;2;;11;12;11;2919.3655449
6053102;1;3;1;90;2;;1;2;2;;2;;2;;2;;2;;2;;2;;2;;11;12;11;2919.3655449
6053103;1;1;1;90;2;;2;;2;;2;;2;;2;;2;;2;;2;;2;;17;12;17;200.63903984
6053103;1;2;1;90;2;;1;14;2;;2;;2;;2;;2;;2;;2;;2;;17;12;17;200.63903984
6053103;1;3;1;90;2;;2;;2;;2;;2;;2;;2;;2;;2;;2;;17;12;17;200.63903984
6053104;1;1;1;90;2;;1;20;2;;1;20;2;;2;;2;;2;;2;;2;;17;12;17;409.25900065
6053104;1;2;1;90;2;;2;;2;;2;;2;;2;;2;;2;;2;;2;;17;12;17;409.25900065
6053105;1;1;1;90;2;;1;14;2;;2;;2;;2;;2;;2;;2;;2;;17;12;17;202.75480947
6053106;1;1;1;90;2;;2;;2;;2;;2;;2;;2;;2;;2;;2;;17;12;17;222.60394213
6053106;1;2;1;90;2;;1;20;2;;2;;2;;2;;2;;2;;2;;2;;17;12;17;222.60394213
6053106;1;3;1;90;2;;2;;2;;2;;2;;2;;2;;2;;2;;2;;17;12;17;222.60394213
6053106;1;4;1;90;2;;2;;2;;2;;2;;2;;2;;2;;2;;2;;17;12;17;222.60394213
6053107;1;1;1;90;2;;1;35;2;;1;30;2;;2;;2;;2;;2;;2;;17;12;17;363.41284054
6053107;1;2;1;90;2;;1;2;2;;2;;2;;2;;2;;2;;2;;2;;17;12;17;363.41284054
6053108;1;1;1;90;2;;1;20;2;;2;;2;;2;;2;;2;;2;;2;;17;12;17;248.8323207
6053109;1;1;1;90;2;;1;3;2;;1;10;2;;2;;2;;2;;2;;2;;17;12;17;364.23790739
6053109;1;2;1;90;2;;1;10;2;;1;20;2;;2;;2;;2;;2;;2;;17;12;17;364.23790739
6053110;1;1;1;90;2;;2;;2;;2;;2;;2;;2;;2;;2;;2;;17;12;17;200.63903984
6053110;1;2;1;90;2;;1;35;2;;2;;2;;2;;2;;2;;2;;2;;17;12;17;200.63903984
6053110;1;3;1;90;2;;2;;2;;2;;2;;2;;2;;2;;2;;2;;17;12;17;200.63903984
6053111;1;1;1;90;2;;2;;2;;2;;2;;2;;2;;2;;2;;2;;17;12;17;249.65738756
6053112;1;1;1;90;2;;1;35;2;;2;;2;;2;;2;;2;;2;;2;;17;12;17;215.87568182
6053112;1;2;1;90;2;;2;;2;;2;;2;;2;;2;;2;;2;;2;;17;12;17;215.87568182
6053114;1;1;1;90;2;;1;14;2;;2;;2;;2;;2;;2;;2;;2;;17;12;17;202.75480947
6053115;1;1;1;90;2;;1;30;2;;2;;2;;2;;2;;2;;2;;2;;17;12;17;180.89420434
6053115;1;2;1;90;2;;1;4;2;;2;;2;;2;;2;;2;;2;;2;;17;12;17;180.89420434
6053115;1;3;1;90;2;;1;4;2;;2;;2;;2;;2;;2;;2;;2;;17;12;17;180.89420434
6053116;1;1;1;90;2;;1;20;2;;2;;2;;2;;2;;2;;2;;2;;17;12;17;202.75480947
6053117;1;1;1;90;2;;2;;2;;2;;2;;2;;2;;2;;2;;2;;17;12;17;222.60394213
6053117;1;2;1;90;2;;1;40;2;;2;;2;;2;;2;;2;;2;;2;;17;12;17;222.60394213
6053117;1;3;1;90;2;;1;3;2;;2;;2;;2;;2;;2;;2;;2;;17;12;17;222.60394213
6053117;1;4;1;90;2;;2;;2;;2;;2;;2;;2;;2;;2;;2;;17;12;17;222.60394213
6053118;1;1;1;90;2;;1;20;2;;2;;1;48;2;;2;;2;;2;;2;;17;12;17;228.99655417
6053118;1;2;1;90;2;;1;14;2;;2;;2;;2;;2;;2;;2;;2;;17;12;17;228.99655417
6053118;1;3;1;90;2;;2;;2;;2;;2;;2;;2;;2;;2;;2;;17;12;17;228.99655417
6053119;1;1;1;90;2;;1;6;2;;2;;2;;2;;2;;2;;2;;2;;17;12;17;187.51816749
6053119;1;2;1;90;2;;1;30;2;;2;;2;;2;;2;;2;;2;;2;;17;12;17;187.51816749
6053120;1;1;1;90;2;;1;20;2;;2;;2;;2;;2;;2;;2;;2;;17;12;17;172.28152551
6053120;1;2;1;90;2;;2;;2;;2;;2;;2;;2;;2;;2;;2;;17;12;17;172.28152551
6053120;1;3;1;90;2;;2;;2;;2;;2;;2;;2;;2;;2;;2;;17;12;17;172.28152551
6053121;1;1;1;90;2;;2;;2;;2;;2;;2;;2;;2;;2;;2;;17;12;17;188.57458546
6053121;1;2;1;90;2;;1;50;2;;2;;2;;2;;2;;2;;2;;2;;17;12;17;188.57458546
6053125;1;1;1;90;2;;1;20;2;;2;;2;;2;;2;;2;;2;;2;;17;12;17;157.37676349
6053125;1;2;1;90;2;;1;5;2;;2;;2;;2;;2;;2;;2;;2;;17;12;17;157.37676349
6053125;1;4;1;90;2;;2;;2;;2;;2;;2;;2;;2;;2;;2;;17;12;17;157.37676349
6053125;1;5;1;90;2;;1;5;2;;2;;2;;2;;2;;2;;2;;2;;17;12;17;157.37676349
6053125;1;6;1;90;2;;2;;2;;2;;2;;2;;2;;2;;2;;2;;17;12;17;157.37676349
6053125;1;7;1;90;2;;1;5;2;;2;;2;;2;;2;;2;;2;;2;;17;12;17;157.37676349
6053125;1;8;1;90;2;;1;5;2;;2;;2;;2;;2;;2;;2;;2;;17;12;17;157.37676349
6053126;1;1;1;90;2;;1;15;2;;2;;2;;2;;2;;2;;2;;2;;17;12;17;234.42074558
6053126;1;2;1;90;2;;1;10;2;;2;;2;;2;;2;;2;;2;;2;;17;12;17;234.42074558
6053127;1;1;1;90;2;;1;20;2;;2;;2;;2;;2;;2;;2;;2;;17;12;17;185.40239786
6053127;1;2;1;90;2;;1;5;2;;2;;2;;2;;2;;2;;2;;2;;17;12;17;185.40239786
6053127;1;3;1;90;2;;2;;2;;2;;2;;2;;2;;2;;2;;2;;17;12;17;185.40239786
6053127;1;4;1;90;2;;2;;2;;2;;2;;2;;2;;2;;2;;2;;17;12;17;185.40239786
6053128;1;1;1;90;2;;1;4;2;;1;20;2;;2;;2;;2;;2;;2;;17;12;17;205.23439607
6053128;1;3;1;90;2;;1;30;2;;1;30;2;;2;;2;;2;;2;;2;;17;12;17;205.23439607
6053129;1;1;1;90;2;;1;30;2;;2;;2;;2;;2;;2;;2;;2;;17;12;17;286.51678169
6053129;1;2;1;90;2;;1;20;2;;2;;2;;2;;2;;2;;2;;2;;17;12;17;286.51678169
6053130;1;1;1;90;2;;1;30;2;;2;;2;;2;;2;;2;;2;;2;;17;12;17;182.32532719
6053130;1;2;1;90;2;;1;5;2;;2;;2;;2;;2;;2;;2;;2;;17;12;17;182.32532719
6053130;1;3;1;90;2;;1;5;2;;2;;2;;2;;2;;2;;2;;2;;17;12;17;182.32532719
6053131;1;1;1;90;2;;1;20;2;;2;;2;;2;;2;;2;;2;;2;;17;12;17;202.75480947
6053132;1;1;1;90;2;;1;35;2;;2;;2;;2;;2;;2;;2;;2;;17;12;17;187.51816749
6053132;1;2;1;90;2;;1;7;2;;2;;2;;2;;2;;2;;2;;2;;17;12;17;187.51816749
6053133;1;1;1;90;2;;1;40;2;;2;;2;;2;;2;;2;;2;;2;;17;12;17;187.51816749
6053133;1;2;1;90;2;;2;;2;;2;;2;;2;;2;;2;;2;;2;;17;12;17;187.51816749
6053134;1;1;1;90;2;;1;1;2;;2;;2;;2;;2;;2;;2;;2;;17;12;17;399.44278177
6053134;1;2;1;90;2;;1;45;2;;2;;2;;2;;2;;2;;2;;2;;17;12;17;399.44278177
6053135;1;1;1;90;2;;1;14;2;;2;;2;;2;;2;;2;;2;;2;;17;12;17;262.77825991
6053135;1;2;1;90;2;;1;14;2;;2;;2;;2;;2;;2;;2;;2;;17;12;17;262.77825991
6053136;1;1;1;90;2;;1;20;2;;2;;2;;2;;2;;2;;2;;2;;17;12;17;202.75480947
6053137;1;1;1;90;2;;1;3;2;;2;;2;;2;;2;;2;;2;;2;;17;12;17;221.29987323
6053139;1;1;1;90;2;;2;;2;;2;;2;;2;;2;;2;;2;;2;;17;12;17;241.52371078
6053139;1;2;1;90;2;;1;21;2;;2;;2;;2;;2;;2;;2;;2;;17;12;17;241.52371078
6053139;1;3;1;90;2;;1;1;2;;2;;2;;2;;2;;2;;2;;2;;17;12;17;241.52371078
6053139;1;4;1;90;2;;1;1;2;;2;;2;;2;;2;;2;;2;;2;;17;12;17;241.52371078
6053140;1;1;1;90;2;;1;30;2;;2;;2;;2;;2;;2;;2;;2;;17;12;17;202.75480947
6053141;1;1;1;90;2;;2;;2;;2;;2;;2;;2;;2;;2;;2;;17;12;17;240.46729281
6053141;1;2;1;90;2;;1;14;2;;2;;2;;2;;2;;2;;2;;2;;17;12;17;240.46729281
6053141;1;3;1;90;2;;1;3;2;;2;;2;;2;;2;;2;;2;;2;;17;12;17;240.46729281
6053141;1;4;1;90;2;;1;16;2;;2;;2;;2;;2;;2;;2;;2;;17;12;17;240.46729281
6053142;1;1;1;90;2;;1;20;2;;2;;2;;2;;2;;2;;2;;2;;17;12;17;196.2712664
6053142;1;2;1;90;2;;2;;2;;2;;2;;2;;2;;2;;2;;2;;17;12;17;196.2712664
6053142;1;3;1;90;2;;2;;2;;2;;2;;2;;2;;2;;2;;2;;17;12;17;196.2712664
6053142;1;4;1;90;2;;1;7;2;;2;;2;;2;;2;;2;;2;;2;;17;12;17;196.2712664
6053143;1;1;1;90;2;;1;10;2;;2;;2;;2;;2;;2;;2;;2;;17;12;17;196.13084631
6053143;1;2;1;90;2;;2;;2;;2;;2;;2;;2;;2;;2;;2;;17;12;17;196.13084631
6053144;1;1;1;90;2;;1;30;2;;2;;2;;2;;2;;2;;2;;2;;17;12;17;216.93209979
6053144;1;2;1;90;2;;1;10;2;;2;;2;;2;;2;;2;;2;;2;;17;12;17;216.93209979
6053145;1;1;1;90;2;;1;7;2;;2;;2;;2;;2;;2;;2;;2;;17;12;17;249.65738756
6053146;1;1;1;90;2;;1;20;2;;2;;2;;2;;2;;2;;2;;2;;17;12;17;229.22790529
6053146;1;2;1;90;2;;1;7;2;;2;;2;;2;;2;;2;;2;;2;;17;12;17;229.22790529
6053146;1;3;1;90;2;;1;10;2;;2;;2;;2;;2;;2;;2;;2;;17;12;17;229.22790529
6053147;1;1;1;90;2;;2;;2;;2;;2;;2;;2;;2;;2;;2;;17;12;17;187.51816749
6053147;1;2;1;90;2;;1;24;2;;2;;2;;2;;2;;2;;2;;2;;17;12;17;187.51816749
6053148;1;1;1;90;2;;1;20;2;;2;;2;;2;;2;;2;;2;;2;;17;12;17;391.99375176
6053148;1;2;1;90;2;;1;5;2;;2;;2;;2;;2;;2;;2;;2;;17;12;17;391.99375176
6053148;1;4;1;90;2;;1;20;2;;2;;2;;2;;2;;2;;2;;2;;17;12;17;391.99375176
6053150;1;1;1;90;2;;1;30;2;;2;;2;;2;;2;;2;;2;;2;;17;12;17;208.42665181
6053150;1;2;1;90;2;;1;10;2;;2;;2;;2;;2;;2;;2;;2;;17;12;17;208.42665181
6053150;1;3;1;90;2;;1;5;2;;2;;2;;2;;2;;2;;2;;2;;17;12;17;208.42665181
6053152;1;1;1;90;2;;1;15;2;;2;;2;;2;;2;;2;;2;;2;;17;12;17;203.81122744
6053153;1;1;1;90;2;;1;20;2;;2;;2;;2;;2;;2;;2;;2;;17;12;17;229.22790529
6053153;1;2;1;90;2;;1;5;2;;2;;2;;2;;2;;2;;2;;2;;17;12;17;229.22790529
6053153;1;3;1;90;2;;1;5;2;;2;;2;;2;;2;;2;;2;;2;;17;12;17;229.22790529
6053154;1;1;1;90;1;30;2;;2;;2;;2;;2;;2;;2;;2;;2;;17;12;17;235.84391421
6053154;1;2;1;90;2;;1;49;2;;2;;2;;2;;2;;2;;2;;2;;17;12;17;235.84391421
6053154;1;3;1;90;2;;2;;2;;2;;2;;2;;2;;2;;2;;2;;17;12;17;235.84391421
6053155;1;1;1;90;2;;1;20;2;;2;;2;;2;;2;;2;;2;;2;;17;12;17;197.18726429
6053155;1;2;1;90;2;;2;;2;;2;;2;;2;;2;;2;;2;;2;;17;12;17;197.18726429
6053156;1;1;1;90;2;;1;14;2;;2;;2;;2;;2;;2;;2;;2;;17;12;17;200.63903984
6053156;1;2;1;90;2;;1;30;2;;2;;2;;2;;2;;2;;2;;2;;17;12;17;200.63903984
6053156;1;3;1;90;2;;1;20;2;;2;;2;;2;;2;;2;;2;;2;;17;12;17;200.63903984
6053158;1;1;1;90;2;;2;;2;;2;;2;;2;;2;;2;;2;;2;;17;12;17;216.93209979
6053158;1;2;1;90;2;;1;15;2;;2;;2;;2;;2;;2;;2;;2;;17;12;17;216.93209979
6053159;1;1;1;90;2;;1;2;2;;2;;2;;2;;2;;2;;2;;2;;17;12;17;241.52371078
6053159;1;2;1;90;2;;1;40;2;;2;;2;;2;;2;;2;;2;;2;;17;12;17;241.52371078
6053159;1;3;1;90;2;;1;5;2;;2;;2;;2;;2;;2;;2;;2;;17;12;17;241.52371078
6053159;1;4;1;90;2;;1;20;2;;2;;2;;2;;2;;2;;2;;2;;17;12;17;241.52371078
6053161;1;1;1;90;2;;2;;2;;2;;2;;2;;2;;2;;2;;2;;17;12;17;262.77825991
6053161;1;2;1;90;2;;1;15;2;;2;;2;;2;;2;;2;;2;;2;;17;12;17;262.77825991
6053162;1;1;1;90;2;;1;5;2;;2;;2;;2;;2;;2;;2;;2;;17;12;17;176.5264309
6053162;1;2;1;90;2;;1;3;2;;2;;2;;2;;2;;2;;2;;2;;17;12;17;176.5264309
6053162;1;3;1;90;2;;1;3;2;;2;;2;;2;;2;;2;;2;;2;;17;12;17;176.5264309
6053162;1;4;1;90;2;;1;20;2;;2;;2;;2;;2;;2;;2;;2;;17;12;17;176.5264309
6053163;1;1;1;90;2;;2;;2;;2;;2;;2;;2;;2;;2;;2;;17;12;17;216.93209979
6053163;1;2;1;90;2;;1;30;2;;2;;2;;2;;2;;2;;2;;2;;17;12;17;216.93209979
6053164;1;1;1;90;2;;1;40;2;;2;;2;;2;;2;;2;;2;;2;;17;12;17;392.81881861
6053164;1;2;1;90;2;;2;;2;;2;;2;;2;;2;;2;;2;;2;;17;12;17;392.81881861
6053164;1;3;1;90;2;;1;3;2;;2;;2;;2;;2;;2;;2;;2;;17;12;17;392.81881861
6053166;1;1;1;90;2;;2;;2;;2;;2;;2;;2;;2;;2;;2;;17;12;17;183.15039405
6053166;1;2;1;90;2;;1;25;2;;2;;2;;2;;2;;2;;2;;2;;17;12;17;183.15039405
6053166;1;3;1;90;2;;1;10;2;;2;;2;;2;;2;;2;;2;;2;;17;12;17;183.15039405
6053167;1;1;1;90;2;;1;20;2;;2;;2;;2;;2;;2;;2;;2;;17;12;17;216.10703294
6053167;1;2;1;90;2;;2;;2;;2;;2;;2;;2;;2;;2;;2;;17;12;17;216.10703294
6053168;1;1;1;90;2;;2;;2;;2;;2;;2;;2;;2;;2;;2;;17;12;17;203.81122744
6053169;1;1;1;90;2;;2;;2;;2;;2;;2;;2;;2;;2;;2;;17;12;17;187.51816749
6053169;1;2;1;90;2;;1;30;2;;2;;2;;2;;2;;2;;2;;2;;17;12;17;187.51816749
6053170;1;1;1;90;2;;2;;2;;2;;2;;2;;2;;2;;2;;2;;17;12;17;208.42665181
6053170;1;2;1;90;2;;2;;2;;2;;2;;2;;2;;2;;2;;2;;17;12;17;208.42665181
6053170;1;3;1;90;2;;1;20;2;;2;;2;;2;;2;;2;;2;;2;;17;12;17;208.42665181
6053171;1;1;1;90;2;;1;10;2;;2;;2;;2;;2;;2;;2;;2;;17;12;17;203.81122744
6053172;1;1;1;90;2;;1;3;2;;2;;2;;2;;2;;2;;2;;2;;17;12;17;135.19139798
6053172;1;2;1;90;2;;1;4;2;;2;;2;;2;;2;;2;;2;;2;;17;12;17;135.19139798
6053172;1;3;1;90;2;;1;3;2;;2;;2;;2;;2;;2;;2;;2;;17;12;17;135.19139798
6053173;1;1;1;90;2;;1;5;2;;2;;2;;2;;2;;2;;2;;2;;17;12;17;249.65738756
6053174;1;1;1;90;2;;1;3;2;;2;;2;;2;;2;;2;;2;;2;;17;12;17;149.36868831
6053174;1;2;1;90;2;;1;4;2;;2;;2;;2;;2;;2;;2;;2;;17;12;17;149.36868831
6053174;1;3;1;90;2;;2;;2;;2;;2;;2;;2;;2;;2;;2;;17;12;17;149.36868831
6053174;1;4;1;90;2;;2;;2;;2;;2;;2;;2;;2;;2;;2;;17;12;17;149.36868831
6053176;1;1;1;90;2;;2;;2;;2;;2;;2;;2;;2;;2;;2;;17;12;17;175.32665916
6053176;1;2;1;90;2;;1;40;2;;2;;2;;2;;2;;2;;2;;2;;17;12;17;175.32665916
6053176;1;3;1;90;2;;2;;2;;2;;2;;2;;2;;2;;2;;2;;17;12;17;175.32665916
6053176;1;4;1;90;2;;2;;2;;2;;2;;2;;2;;2;;2;;2;;17;12;17;175.32665916
6053178;1;1;1;90;2;;1;4;2;;2;;2;;2;;2;;2;;2;;2;;17;12;17;221.29987323
6053179;1;1;1;90;2;;1;5;2;;2;;2;;2;;2;;2;;2;;2;;17;12;17;249.65738756
6053181;1;1;1;90;2;;2;;2;;2;;2;;2;;2;;2;;2;;2;;17;12;17;245.51301101
6053181;1;2;1;90;2;;1;10;2;;2;;2;;2;;2;;2;;2;;2;;17;12;17;245.51301101
6053181;1;4;1;90;2;;2;;2;;2;;2;;2;;2;;2;;2;;2;;17;12;17;245.51301101
6053182;1;1;1;90;2;;1;1;2;;2;;2;;2;;2;;2;;2;;2;;17;12;17;249.65738756
6053183;1;1;1;90;2;;1;30;2;;2;;2;;2;;2;;2;;2;;2;;17;12;17;203.81122744
6053184;1;1;1;90;2;;2;;2;;2;;2;;2;;2;;2;;2;;2;;17;12;17;188.57458546
6053184;1;2;1;90;2;;1;10;2;;2;;2;;2;;2;;2;;2;;2;;17;12;17;188.57458546
6053185;1;1;1;90;2;;1;5;2;;2;;2;;2;;2;;2;;2;;2;;17;12;17;187.51816749
6053185;1;2;1;90;2;;1;30;2;;2;;2;;2;;2;;2;;2;;2;;17;12;17;187.51816749
6053186;1;1;1;90;2;;1;30;2;;2;;2;;2;;2;;2;;2;;2;;17;12;17;215.87568182
6053186;1;2;1;90;2;;2;;2;;2;;2;;2;;2;;2;;2;;2;;17;12;17;215.87568182
6053187;1;1;1;90;2;;2;;2;;2;;2;;2;;2;;2;;2;;2;;17;12;17;187.51816749
6053187;1;2;1;90;2;;1;20;2;;2;;2;;2;;2;;2;;2;;2;;17;12;17;187.51816749
6053188;1;1;1;90;2;;1;10;2;;2;;2;;2;;2;;2;;2;;2;;17;12;17;202.75480947
6053189;1;1;1;90;2;;1;10;2;;2;;2;;2;;2;;2;;2;;2;;17;12;17;210.30813664
6053189;1;2;1;90;2;;1;50;2;;2;;2;;2;;2;;2;;2;;2;;17;12;17;210.30813664
6053189;1;3;1;90;2;;2;;2;;2;;2;;2;;2;;2;;2;;2;;17;12;17;210.30813664
6053190;1;1;1;90;2;;1;35;2;;2;;2;;2;;2;;2;;2;;2;;17;12;17;261.95319305
6053190;1;2;1;90;2;;2;;2;;2;;2;;2;;2;;2;;2;;2;;17;12;17;261.95319305
6053191;1;1;1;90;2;;2;;2;;2;;2;;2;;2;;2;;2;;2;;17;12;17;187.51816749
6053191;1;2;1;90;2;;1;30;2;;2;;2;;2;;2;;2;;2;;2;;17;12;17;187.51816749
6053192;1;1;1;90;2;;1;5;2;;2;;2;;2;;2;;2;;2;;2;;17;12;17;202.75480947
6053193;1;1;1;90;2;;1;45;2;;2;;2;;2;;2;;2;;2;;2;;17;12;17;210.30813664
6053193;1;2;1;90;2;;2;;2;;2;;2;;2;;2;;2;;2;;2;;17;12;17;210.30813664
6053193;1;3;1;90;2;;2;;2;;2;;2;;2;;2;;2;;2;;2;;17;12;17;210.30813664
6053194;1;1;1;90;2;;2;;2;;2;;2;;2;;2;;2;;2;;2;;17;12;17;187.51816749
6053194;1;2;1;90;2;;1;10;2;;2;;2;;2;;2;;2;;2;;2;;17;12;17;187.51816749
6053195;1;1;1;90;2;;1;5;2;;2;;2;;2;;2;;2;;2;;2;;17;12;17;249.65738756
6053196;1;1;1;90;2;;2;;2;;2;;2;;2;;2;;2;;2;;2;;17;12;17;210.30813664
6053196;1;2;1;90;2;;1;45;2;;2;;2;;2;;2;;2;;2;;2;;17;12;17;210.30813664
6053196;1;3;1;90;2;;2;;2;;2;;2;;2;;2;;2;;2;;2;;17;12;17;210.30813664
6053243;1;1;1;90;2;;1;6;2;;1;2;2;;2;;2;;2;;2;;2;;54;12;54;417.08922736
6053243;1;2;1;90;2;;1;35;2;;1;15;2;;2;;2;;2;;2;;2;;54;12;54;417.08922736
6053244;1;1;1;90;2;;1;6;2;;2;;2;;2;;2;;2;;2;;2;;54;12;54;392.48818571
6053244;1;2;1;90;2;;1;12;2;;2;;2;;2;;2;;2;;2;;2;;54;12;54;392.48818571
6053245;1;1;1;90;2;;1;1;2;;1;2;2;;2;;2;;2;;2;;2;;54;12;54;550.35752367
6053245;1;2;1;90;1;2;1;28;2;;1;14;2;;2;;2;;2;;2;;2;;54;12;54;550.35752367
6053245;1;3;1;90;2;;1;3;2;;2;;2;;2;;2;;2;;2;;2;;54;12;54;550.35752367
6053245;1;6;1;90;2;;1;2;2;;2;;2;;2;;2;;2;;2;;2;;54;12;54;550.35752367
6053246;1;1;1;90;2;;1;6;2;;2;;2;;2;;2;;2;;2;;2;;54;12;54;533.97722508
6053246;1;2;1;90;2;;1;31;2;;2;;2;;2;;2;;2;;2;;2;;54;12;54;533.97722508
6053247;1;1;1;90;2;;1;1;2;;2;;2;;2;;2;;2;;2;;2;;54;12;54;343.67901655
6053247;1;2;1;90;2;;1;31;2;;2;;2;;2;;2;;2;;2;;2;;54;12;54;343.67901655
6053247;1;3;1;90;2;;1;1;2;;2;;2;;2;;2;;2;;2;;2;;54;12;54;343.67901655
6053247;1;4;1;90;2;;2;;2;;2;;2;;2;;2;;2;;2;;2;;54;12;54;343.67901655
6053247;1;5;1;90;2;;1;2;2;;2;;2;;2;;2;;2;;2;;2;;54;12;54;343.67901655
6053248;1;1;1;90;2;;1;21;2;;2;;2;;2;;2;;2;;2;;2;;54;12;54;544.55947108
6053249;1;1;1;90;2;;1;7;2;;1;35;2;;2;;2;;2;;2;;2;;54;12;54;533.75961091
6053249;1;2;1;90;2;;1;14;2;;1;14;2;;2;;2;;2;;2;;2;;54;12;54;533.75961091
6053250;1;1;1;90;2;;2;;2;;2;;2;;2;;2;;2;;2;;2;;54;12;54;480.2692618
6053250;1;2;1;90;2;;1;21;2;;2;;2;;2;;2;;2;;2;;2;;54;12;54;480.2692618
6053251;1;1;1;90;2;;2;;2;;1;14;2;;2;;2;;2;;2;;2;;54;12;54;393.73281603
6053251;1;3;1;90;2;;1;28;2;;1;24;2;;2;;2;;2;;2;;2;;54;12;54;393.73281603
6053251;1;4;1;90;2;;2;;2;;2;;2;;2;;2;;2;;2;;2;;54;12;54;393.73281603
6053252;1;1;1;90;2;;2;;2;;2;;2;;2;;2;;2;;2;;2;;54;12;54;478.34249893
6053252;1;2;1;90;2;;1;38;2;;2;;2;;2;;2;;2;;2;;2;;54;12;54;478.34249893
6053252;1;3;1;90;2;;2;;2;;2;;2;;2;;2;;2;;2;;2;;54;12;54;478.34249893
6053253;1;1;1;90;2;;1;2;2;;2;;2;;2;;2;;2;;2;;2;;54;12;54;406.50698136
6053253;1;2;1;90;2;;1;35;2;;2;;2;;2;;2;;2;;2;;2;;54;12;54;406.50698136
6053253;1;3;1;90;2;;1;2;2;;2;;2;;2;;2;;2;;2;;2;;54;12;54;406.50698136
6053254;1;1;1;90;2;;1;28;2;;2;;2;;2;;2;;2;;2;;2;;54;12;54;544.55947108
6053255;1;1;1;90;2;;2;;2;;2;;2;;2;;2;;2;;2;;2;;54;12;54;576.18566665
6053255;1;2;1;90;2;;2;;2;;2;;2;;2;;2;;2;;2;;2;;54;12;54;576.18566665
6053255;1;3;1;90;2;;2;;2;;2;;2;;2;;2;;2;;2;;2;;54;12;54;576.18566665
6053256;1;1;1;90;2;;2;;2;;2;;2;;2;;2;;2;;2;;2;;54;12;54;376.31973793
6053257;1;1;1;90;2;;1;14;2;;2;;2;;2;;2;;2;;2;;2;;54;12;54;376.31973793
6053258;1;1;1;90;2;;1;42;2;;2;;2;;2;;2;;2;;2;;2;;54;12;54;467.00201065
6053258;1;2;1;90;2;;1;21;2;;2;;2;;2;;2;;2;;2;;2;;54;12;54;467.00201065
6053259;1;1;1;90;2;;2;;2;;2;;2;;2;;2;;2;;2;;2;;54;12;54;388.69300572
6053259;1;2;1;90;2;;1;7;2;;2;;2;;2;;2;;2;;2;;2;;54;12;54;388.69300572
6053260;1;1;1;90;2;;1;15;2;;2;;2;;2;;2;;2;;2;;2;;54;12;54;376.31973793
6053261;1;1;1;90;2;;2;;2;;2;;2;;2;;2;;2;;2;;2;;54;12;54;570.95153451
6053261;1;2;1;90;2;;1;30;2;;2;;1;20;2;;2;;2;;2;;2;;54;12;54;570.95153451
6053261;1;3;1;90;2;;2;;2;;2;;2;;2;;2;;2;;2;;2;;54;12;54;570.95153451
6053262;1;1;1;90;2;;1;38;2;;2;;2;;2;;2;;2;;2;;2;;54;12;54;392.48818571
6053262;1;2;1;90;2;;2;;2;;2;;2;;2;;2;;2;;2;;2;;54;12;54;392.48818571
6053263;1;1;1;90;2;;1;14;2;;2;;2;;2;;2;;2;;2;;2;;54;12;54;405.2090454
6053264;1;1;1;90;2;;2;;2;;2;;2;;2;;2;;2;;2;;2;;54;12;54;376.31973793
6053265;1;1;1;90;2;;2;;1;42;1;8;2;;2;;2;;2;;2;;2;;54;12;54;351.71869628
6053266;1;1;1;90;2;;1;25;2;;2;;2;;2;;2;;2;;2;;2;;54;12;54;507.206294
6053266;1;2;1;90;2;;2;;2;;2;;2;;2;;2;;2;;2;;2;;54;12;54;507.206294
6053266;1;3;1;90;2;;2;;2;;2;;2;;2;;2;;2;;2;;2;;54;12;54;507.206294
6053266;1;4;1;90;2;;2;;2;;2;;2;;2;;2;;2;;2;;2;;54;12;54;507.206294
6053266;1;5;1;90;2;;2;;2;;2;;2;;2;;2;;2;;2;;2;;54;12;54;507.206294
6053267;1;1;1;90;2;;2;;2;;2;;2;;2;;2;;2;;2;;2;;54;12;54;559.47530513
6053267;1;2;1;90;2;;1;40;2;;2;;2;;2;;2;;2;;2;;2;;54;12;54;559.47530513
6053267;1;3;1;90;2;;2;;2;;2;;2;;2;;2;;2;;2;;2;;54;12;54;559.47530513
6053267;1;4;1;90;2;;2;;2;;2;;2;;2;;2;;2;;2;;2;;54;12;54;559.47530513
6053267;1;5;1;90;2;;2;;2;;2;;2;;2;;2;;2;;2;;2;;54;12;54;559.47530513
6053268;1;1;1;90;2;;1;20;2;;1;15;2;;2;;2;;2;;2;;2;;54;12;54;405.2090454
6053269;1;1;1;90;2;;1;40;2;;1;14;2;;2;;2;;2;;2;;2;;54;12;54;479.15766426
6053269;1;2;1;90;2;;2;;2;;2;;2;;2;;2;;2;;2;;2;;54;12;54;479.15766426
6053269;1;3;1;90;2;;2;;2;;2;;2;;2;;2;;2;;2;;2;;54;12;54;479.15766426
6053270;1;1;1;90;2;;2;;2;;2;;2;;2;;2;;2;;2;;2;;54;12;54;495.89131811
6053270;1;2;1;90;2;;1;38;2;;1;20;2;;2;;2;;2;;2;;2;;54;12;54;495.89131811
6053271;1;1;1;90;2;;1;38;2;;2;;2;;2;;2;;2;;2;;2;;54;12;54;429.81008705
6053272;1;1;1;90;2;;1;28;2;;2;;2;;2;;2;;2;;2;;2;;73;12;73;289.99188287
6053272;1;2;1;90;2;;1;1;2;;2;;2;;2;;2;;2;;2;;2;;73;12;73;289.99188287
6053272;1;3;1;90;2;;2;;2;;2;;2;;2;;2;;2;;2;;2;;73;12;73;289.99188287
6053273;1;1;1;90;2;;1;7;2;;2;;2;;2;;2;;2;;2;;2;;73;12;73;261.41959932
6053273;1;2;1;90;2;;1;15;2;;2;;2;;2;;2;;2;;2;;2;;73;12;73;261.41959932
6053274;1;1;1;90;2;;1;1;2;;2;;1;20;2;;2;;2;;2;;1;3;73;12;73;178.57607356
6053274;1;2;1;90;2;;2;;2;;2;;2;;2;;2;;2;;2;;2;;73;12;73;178.57607356
6053274;1;3;1;90;2;;1;20;2;;2;;1;21;2;;2;;2;;2;;2;;73;12;73;178.57607356
6053275;1;1;1;90;2;;2;;2;;2;;2;;2;;2;;2;;2;;2;;73;12;73;261.41959932
6053275;1;2;1;90;2;;1;21;2;;2;;2;;2;;2;;2;;2;;2;;73;12;73;261.41959932
6053276;1;1;1;90;2;;2;;2;;1;1;2;;2;;2;;2;;2;;2;;73;12;73;227.4709484
6053276;1;2;1;90;2;;1;1;2;;2;;2;;2;;2;;2;;2;;2;;73;12;73;227.4709484
6053276;1;3;1;90;2;;1;12;2;;1;12;1;10;2;;2;;2;;2;;2;;73;12;73;227.4709484
6053276;1;4;1;90;2;;1;2;2;;2;;2;;2;;2;;2;;2;;2;;73;12;73;227.4709484
6053277;1;1;1;90;2;;2;;2;;2;;2;;2;;2;;2;;2;;2;;73;12;73;241.18808136
6053277;1;2;1;90;2;;1;26;2;;2;;2;;2;;2;;2;;2;;2;;73;12;73;241.18808136
6053278;1;1;1;90;2;;2;;2;;2;;2;;2;;2;;2;;2;;2;;73;12;73;385.72443067
6053279;1;1;1;90;2;;1;14;2;;2;;2;;2;;2;;2;;2;;2;;73;12;73;178.57607356
6053279;1;2;1;90;2;;1;10;2;;2;;2;;2;;2;;2;;2;;2;;73;12;73;178.57607356
6053280;1;1;1;90;2;;1;35;2;;1;5;2;;2;;2;;2;;2;;2;;73;12;73;343.43501417
6053280;1;2;1;90;2;;1;10;2;;2;;2;;2;;2;;2;;2;;2;;73;12;73;343.43501417
6053281;1;1;1;90;2;;1;50;2;;1;15;2;;2;;2;;2;;2;;2;;73;12;73;322.74191671
6053281;1;2;1;90;2;;2;;2;;2;;2;;2;;2;;2;;2;;2;;73;12;73;322.74191671
6053281;1;3;1;90;2;;1;4;2;;2;;2;;2;;2;;2;;2;;2;;73;12;73;322.74191671
6053282;1;1;1;90;2;;1;10;2;;2;;2;;2;;2;;2;;2;;2;;73;12;73;241.18808136
6053282;1;2;1;90;2;;1;10;2;;2;;2;;2;;2;;2;;2;;2;;73;12;73;241.18808136
6053283;1;1;1;90;2;;1;28;2;;1;30;1;24;2;;2;;2;;1;6;2;;73;12;73;212.61579781
6053284;1;1;1;90;2;;1;28;2;;2;;2;;2;;2;;2;;2;;2;;73;12;73;261.88117882
6053285;1;1;1;90;2;;2;;2;;2;;2;;2;;2;;2;;2;;2;;73;12;73;414.002313
6053285;1;2;1;90;2;;1;38;2;;1;2;2;;2;;2;;2;;2;;2;;73;12;73;414.002313
6053285;1;3;1;90;2;;1;7;2;;1;2;2;;2;;2;;2;;2;;2;;73;12;73;414.002313
6053286;1;1;1;90;2;;2;;2;;2;;2;;2;;2;;2;;2;;2;;73;12;73;647.79073885
6053286;1;2;1;90;2;;1;70;2;;1;35;2;;2;;2;;2;;2;;2;;73;12;73;647.79073885
6053286;1;3;1;90;2;;1;21;2;;2;;2;;2;;2;;2;;2;;2;;73;12;73;647.79073885
6053286;1;4;1;90;2;;1;14;2;;2;;2;;2;;2;;2;;2;;2;;73;12;73;647.79073885
6053286;1;7;1;90;2;;1;21;2;;2;;2;;2;;2;;2;;2;;2;;73;12;73;647.79073885
6053287;1;1;1;90;2;;1;14;2;;2;;2;;2;;2;;2;;2;;2;;73;12;73;178.57607356
6053287;1;2;1;90;2;;1;45;2;;2;;2;;2;;2;;2;;2;;2;;73;12;73;178.57607356
6053287;1;3;1;90;2;;2;;2;;2;;2;;2;;2;;2;;2;;2;;73;12;73;178.57607356
6053288;1;1;1;90;2;;1;45;2;;1;20;2;;2;;2;;2;;2;;2;;73;12;73;261.88117882
6053289;1;1;1;90;2;;1;3;2;;2;;2;;2;;2;;2;;2;;2;;73;12;73;529.4029848
6053289;1;2;1;90;2;;1;7;2;;1;35;2;;2;;2;;2;;2;;2;;73;12;73;529.4029848
6053289;1;3;1;90;2;;1;7;2;;2;;2;;2;;2;;2;;2;;2;;73;12;73;529.4029848
6053290;1;1;1;90;2;;1;35;2;;2;;2;;2;;2;;2;;2;;2;;73;12;73;351.58319301
6053290;1;2;1;90;2;;1;35;2;;2;;2;;2;;2;;2;;2;;2;;73;12;73;351.58319301
6053290;1;3;1;90;2;;1;35;2;;2;;2;;2;;2;;2;;2;;2;;73;12;73;351.58319301
6053291;1;1;1;90;2;;1;35;2;;1;35;2;;2;;2;;2;;2;;2;;73;12;73;388.99066382
6053291;1;2;1;90;2;;2;;2;;1;10;2;;2;;2;;2;;2;;2;;73;12;73;388.99066382
6053292;1;1;1;90;2;;1;16;2;;2;;2;;2;;2;;2;;2;;2;;73;12;73;289.99188287
6053292;1;2;1;90;2;;1;16;2;;2;;2;;2;;2;;2;;2;;2;;73;12;73;289.99188287
6053292;1;3;1;90;2;;1;14;2;;2;;2;;2;;2;;2;;2;;2;;73;12;73;289.99188287
6053293;1;1;1;90;2;;2;;2;;2;;2;;2;;2;;2;;2;;2;;73;12;73;298.6016412
6053293;1;2;1;90;2;;1;38;2;;2;;2;;2;;2;;2;;2;;2;;73;12;73;298.6016412
6053293;1;3;1;90;2;;1;7;2;;2;;2;;2;;2;;2;;2;;2;;73;12;73;298.6016412
6053294;1;1;1;90;2;;2;;2;;2;;2;;2;;2;;2;;2;;2;;73;12;73;212.15421831
6053294;1;2;1;90;2;;1;28;2;;2;;2;;2;;2;;2;;2;;2;;73;12;73;212.15421831
6053295;1;1;1;90;2;;1;15;2;;2;;2;;2;;2;;2;;2;;2;;73;12;73;289.99188287
6053295;1;2;1;90;2;;1;35;2;;1;14;2;;2;;2;;2;;2;;2;;73;12;73;289.99188287
6053295;1;3;1;90;2;;2;;2;;1;36;2;;2;;2;;2;;2;;2;;73;12;73;289.99188287
6053297;1;1;1;90;2;;1;21;2;;2;;2;;2;;2;;2;;2;;2;;73;12;73;552.09833452
6053297;1;2;1;90;2;;1;10;2;;2;;2;;2;;2;;2;;2;;2;;73;12;73;552.09833452
6053297;1;3;1;90;2;;1;10;2;;2;;2;;2;;2;;2;;2;;2;;73;12;73;552.09833452
6053297;1;5;1;90;2;;1;21;2;;2;;2;;2;;2;;2;;2;;2;;73;12;73;552.09833452
6053298;1;1;1;90;2;;1;7;2;;2;;2;;2;;2;;2;;2;;1;24;73;12;73;356.69056762
6053299;1;1;1;90;2;;2;;2;;2;;2;;2;;2;;2;;2;;2;;73;12;73;289.99188287
6053299;1;2;1;90;2;;1;18;2;;2;;2;;2;;2;;2;;2;;2;;73;12;73;289.99188287
6053299;1;3;1;90;2;;2;;2;;2;;2;;2;;2;;2;;2;;2;;73;12;73;289.99188287
6053300;1;1;1;90;2;;1;8;2;;2;;2;;2;;2;;2;;2;;2;;73;12;73;385.72443067
6053301;1;1;1;90;2;;2;;2;;2;;2;;2;;2;;2;;2;;2;;73;12;73;289.99188287
6053301;1;2;1;90;2;;1;21;2;;2;;1;15;2;;2;;2;;2;;2;;73;12;73;289.99188287
6053301;1;3;1;90;2;;2;;2;;2;;2;;2;;2;;2;;2;;2;;73;12;73;289.99188287
6053302;1;1;1;90;2;;2;;2;;2;;2;;2;;2;;2;;2;;2;;73;12;73;318.83315916
6053302;1;2;1;90;2;;1;18;2;;2;;2;;2;;2;;2;;2;;2;;73;12;73;318.83315916
6053302;1;3;1;90;2;;2;;2;;2;;2;;2;;2;;2;;2;;2;;73;12;73;318.83315916
6053303;1;1;1;90;2;;2;;2;;2;;2;;2;;2;;2;;2;;2;;73;12;73;380.15547655
6053303;1;2;1;90;2;;1;18;2;;2;;2;;2;;2;;2;;2;;2;;73;12;73;380.15547655
6053303;1;3;1;90;2;;2;;2;;2;;2;;2;;2;;2;;2;;2;;73;12;73;380.15547655
6053303;1;4;1;90;2;;2;;2;;2;;2;;2;;2;;2;;2;;2;;73;12;73;380.15547655
6053304;1;1;1;90;2;;1;10;2;;2;;2;;2;;2;;2;;2;;2;;73;12;73;212.61579781
6053305;1;1;1;90;2;;1;21;2;;2;;2;;2;;2;;2;;2;;2;;73;12;73;414.002313
6053305;1;2;1;90;2;;1;10;2;;2;;2;;2;;2;;2;;2;;2;;73;12;73;414.002313
6053305;1;3;1;90;2;;2;;2;;2;;2;;2;;2;;2;;2;;2;;73;12;73;414.002313
6053306;1;1;1;90;2;;1;21;2;;2;;1;24;2;;2;;2;;2;;2;;73;12;73;290.45346236
6053306;1;2;1;90;2;;1;7;2;;2;;2;;2;;2;;2;;2;;2;;73;12;73;290.45346236
6053308;1;1;1;90;2;;1;24;2;;2;;2;;2;;2;;2;;2;;2;;73;12;73;261.41959932
6053308;1;2;1;90;2;;1;7;2;;2;;2;;2;;2;;2;;2;;2;;73;12;73;261.41959932
6053309;1;1;1;90;2;;1;10;2;;2;;2;;2;;2;;2;;2;;2;;73;12;73;385.72443067
6053310;1;1;1;90;2;;1;24;2;;2;;2;;2;;2;;2;;2;;2;;73;12;73;212.61579781
6053311;1;1;1;90;2;;1;12;2;;1;7;2;;2;;2;;2;;2;;2;;73;12;73;412.83653811
6053311;1;2;1;90;2;;1;24;2;;1;21;2;;2;;2;;2;;2;;2;;73;12;73;412.83653811
6053311;1;5;1;90;2;;1;21;2;;1;21;2;;2;;2;;2;;2;;2;;73;12;73;412.83653811
6053312;1;1;1;90;2;;1;3;2;;2;;2;;2;;2;;2;;2;;2;;73;12;73;388.99066382
6053312;1;2;1;90;2;;1;21;2;;1;10;2;;2;;2;;2;;2;;2;;73;12;73;388.99066382
6053313;1;1;1;90;2;;1;8;2;;2;;2;;2;;2;;2;;2;;2;;73;12;73;261.41959932
6053313;1;2;1;90;2;;1;21;2;;2;;2;;2;;2;;2;;2;;2;;73;12;73;261.41959932
6053314;1;1;1;90;2;;1;21;2;;2;;2;;2;;2;;2;;2;;2;;73;12;73;413.15976814
6053314;1;2;1;90;2;;1;7;2;;2;;2;;2;;2;;2;;2;;2;;73;12;73;413.15976814
6053314;1;3;1;90;2;;1;10;2;;2;;2;;2;;2;;2;;2;;2;;73;12;73;413.15976814
6053314;1;4;1;90;2;;1;10;2;;2;;2;;2;;2;;2;;2;;2;;73;12;73;413.15976814
6053314;1;5;1;90;2;;1;7;2;;2;;2;;2;;2;;2;;2;;2;;73;12;73;413.15976814
6053314;1;6;1;90;2;;1;10;2;;2;;2;;2;;2;;2;;2;;2;;73;12;73;413.15976814
6053315;1;1;1;90;2;;1;14;2;;2;;2;;2;;2;;2;;2;;2;;73;12;73;290.45346236
6053315;1;2;1;90;2;;1;10;2;;2;;2;;2;;2;;2;;2;;2;;73;12;73;290.45346236
6053316;1;1;1;90;2;;1;21;2;;2;;2;;2;;2;;2;;2;;2;;73;12;73;270.02935766
6053316;1;2;1;90;2;;1;12;2;;2;;2;;2;;2;;2;;2;;2;;73;12;73;270.02935766
6053317;1;1;1;90;2;;1;10;2;;2;;2;;2;;2;;2;;2;;2;;73;12;73;446.40422366
6053317;1;2;1;90;2;;1;28;2;;2;;2;;2;;2;;2;;2;;2;;73;12;73;446.40422366
6053317;1;3;1;90;2;;2;;2;;2;;2;;2;;2;;2;;2;;2;;73;12;73;446.40422366
6053318;1;1;1;90;2;;1;18;2;;2;;2;;2;;2;;2;;2;;2;;73;12;73;261.88117882
6053321;1;1;1;90;2;;1;8;2;;1;18;2;;2;;2;;2;;2;;2;;73;12;73;696.34028261
6053321;1;2;1;90;2;;1;21;2;;1;18;2;;2;;2;;2;;2;;2;;73;12;73;696.34028261
6053321;1;3;1;90;2;;1;7;2;;2;;2;;2;;2;;2;;2;;2;;73;12;73;696.34028261
6053321;1;4;1;90;2;;1;7;2;;1;7;2;;2;;2;;2;;2;;2;;73;12;73;696.34028261
6053322;1;1;1;90;2;;2;;2;;2;;2;;2;;2;;2;;2;;2;;73;12;73;261.41959932
6053322;1;2;1;90;2;;1;45;2;;2;;2;;2;;2;;2;;2;;2;;73;12;73;261.41959932
6053324;1;1;1;90;2;;1;28;2;;2;;2;;2;;2;;2;;2;;2;;73;12;73;261.88117882
6053325;1;1;1;90;2;;1;15;2;;2;;2;;2;;2;;2;;2;;2;;73;12;73;322.28033721
6053325;1;2;1;90;2;;1;6;2;;2;;2;;2;;2;;2;;2;;2;;73;12;73;322.28033721
6053325;1;3;1;90;2;;1;1;2;;2;;2;;2;;2;;2;;2;;2;;73;12;73;322.28033721
6053325;1;4;1;90;2;;1;10;2;;2;;2;;2;;2;;2;;2;;2;;73;12;73;322.28033721
6053326;1;1;1;90;2;;1;10;2;;2;;2;;2;;2;;2;;2;;2;;73;12;73;241.18808136
6053326;1;2;1;90;2;;1;10;2;;2;;2;;2;;2;;2;;2;;2;;73;12;73;241.18808136
6053327;1;1;1;90;2;;1;7;2;;2;;2;;2;;2;;2;;2;;2;;73;12;73;261.41959932
6053327;1;2;1;90;2;;2;;2;;2;;2;;2;;2;;2;;2;;2;;73;12;73;261.41959932
6053328;1;1;1;90;2;;1;5;2;;2;;2;;2;;2;;2;;2;;2;;73;12;73;376.71845665
6053328;1;2;1;90;2;;1;14;2;;1;12;2;;2;;2;;2;;2;;2;;73;12;73;376.71845665
6053328;1;5;1;90;2;;1;28;2;;1;14;2;;2;;2;;2;;2;;2;;73;12;73;376.71845665
6053329;1;1;1;90;2;;1;7;2;;2;;2;;2;;2;;2;;2;;1;10;73;12;73;298.6016412
6053329;1;2;1;90;2;;1;16;2;;2;;2;;2;;2;;2;;2;;2;;73;12;73;298.6016412
6053329;1;3;1;90;2;;2;;2;;2;;2;;2;;2;;2;;2;;2;;73;12;73;298.6016412
6053330;1;1;1;90;2;;1;40;2;;2;;2;;2;;2;;2;;2;;2;;73;12;73;261.88117882
6053331;1;1;1;90;2;;1;24;2;;1;48;2;;2;;2;;2;;2;;2;;73;12;73;328.01646961
6053332;1;1;1;90;2;;1;14;2;;2;;2;;2;;2;;2;;2;;2;;73;12;73;582.67893781
6053332;1;2;1;90;2;;1;14;2;;2;;2;;2;;2;;2;;2;;2;;73;12;73;582.67893781
6053333;1;1;1;90;2;;1;48;2;;2;;2;;2;;2;;2;;2;;2;;73;12;73;347.86702221
6053333;1;2;1;90;2;;2;;2;;1;24;2;;2;;2;;2;;2;;2;;73;12;73;347.86702221
6053333;1;3;1;90;2;;2;;2;;2;;2;;2;;2;;2;;2;;2;;73;12;73;347.86702221
6053334;1;1;1;90;2;;1;21;1;21;2;;1;35;2;;2;;2;;2;;2;;73;12;73;388.99066382
6053334;1;2;1;90;2;;1;18;2;;2;;2;;2;;2;;2;;2;;2;;73;12;73;388.99066382
6053335;1;1;1;90;2;;2;;2;;2;;2;;2;;2;;2;;2;;2;;73;12;73;212.15421831
6053335;1;2;1;90;2;;1;38;2;;2;;2;;2;;2;;2;;2;;2;;73;12;73;212.15421831
6053336;1;1;1;90;2;;1;8;2;;2;;2;;2;;2;;2;;2;;2;;73;12;73;322.74191671
6053336;1;2;1;90;2;;1;10;2;;2;;2;;2;;2;;2;;2;;2;;73;12;73;322.74191671
6053336;1;3;1;90;2;;1;5;2;;2;;2;;2;;2;;2;;2;;2;;73;12;73;322.74191671
6053338;1;1;1;90;2;;1;24;2;;2;;2;;2;;2;;2;;2;;2;;73;12;73;261.88117882
6053339;1;1;1;90;2;;1;7;2;;2;;2;;2;;2;;2;;2;;2;;73;12;73;385.72443067
6053340;1;1;1;90;2;;1;28;2;;2;;2;;2;;2;;2;;2;;2;;73;12;73;438.70598247
6053341;1;1;1;90;2;;1;14;2;;1;35;2;;2;;2;;2;;2;;2;;73;12;73;244.45431451
6053341;1;2;1;90;2;;1;7;2;;2;;2;;2;;2;;2;;2;;2;;73;12;73;244.45431451
6053341;1;3;1;90;2;;1;14;2;;1;35;2;;2;;2;;2;;2;;2;;73;12;73;244.45431451
6053342;1;1;1;90;2;;1;21;2;;2;;2;;2;;2;;2;;2;;2;;73;12;73;290.45346236
6053342;1;2;1;90;2;;1;21;2;;2;;2;;2;;2;;2;;2;;2;;73;12;73;290.45346236
6053343;1;1;1;90;2;;2;;2;;2;;2;;2;;2;;2;;2;;2;;73;12;73;261.88117882
6053344;1;1;1;90;2;;2;;2;;2;;2;;2;;2;;2;;2;;2;;73;12;73;319.29473866
6053344;1;2;1;90;2;;1;7;2;;2;;2;;2;;2;;2;;2;;2;;73;12;73;319.29473866
6053345;1;1;1;90;2;;1;28;2;;2;;2;;2;;2;;2;;2;;2;;73;12;73;212.61579781
6053346;1;1;1;90;2;;1;21;2;;2;;2;;2;;2;;2;;2;;2;;73;12;73;261.88117882
6053347;1;1;1;90;2;;1;10;2;;2;;2;;2;;2;;2;;2;;2;;73;12;73;223.56219086
6053347;1;2;1;90;2;;1;21;2;;2;;2;;2;;2;;2;;2;;2;;73;12;73;223.56219086
6053347;1;3;1;90;2;;1;21;2;;2;;2;;2;;2;;2;;2;;2;;73;12;73;223.56219086
6053347;1;4;1;90;2;;1;7;2;;2;;2;;2;;2;;2;;2;;2;;73;12;73;223.56219086
6053348;1;1;1;90;2;;1;10;2;;2;;2;;2;;2;;2;;2;;2;;73;12;73;385.72443067
6053349;1;1;1;90;2;;1;7;2;;2;;2;;2;;2;;2;;2;;2;;73;12;73;342.97343467
6053349;1;2;1;90;2;;1;21;2;;2;;2;;2;;2;;2;;2;;2;;73;12;73;342.97343467
6053349;1;3;1;90;2;;1;14;2;;2;;2;;2;;2;;2;;2;;2;;73;12;73;342.97343467
6053350;1;1;1;90;2;;1;7;2;;2;;2;;2;;2;;2;;2;;2;;73;12;73;294.16963316
6053350;1;2;1;90;2;;1;15;2;;2;;2;;2;;2;;2;;2;;2;;73;12;73;294.16963316
6053351;1;1;1;90;2;;1;14;2;;2;;2;;2;;2;;2;;2;;2;;73;12;73;446.40422366
6053351;1;2;1;90;2;;1;30;2;;1;14;2;;2;;2;;2;;2;;2;;73;12;73;446.40422366
6053351;1;3;1;90;2;;1;4;2;;2;;2;;2;;2;;2;;2;;2;;73;12;73;446.40422366
6053352;1;1;1;90;2;;1;14;2;;2;;2;;2;;2;;2;;2;;2;;73;12;73;385.72443067
6053355;1;1;1;90;2;;2;;2;;1;10;2;;2;;2;;2;;2;;2;;73;12;73;438.1425885
6053355;1;2;1;90;2;;1;10;2;;1;10;2;;2;;2;;2;;2;;2;;73;12;73;438.1425885
6053355;1;3;1;90;2;;2;;2;;2;;2;;2;;2;;2;;2;;2;;73;12;73;438.1425885
6053356;1;1;1;90;2;;1;14;2;;2;;2;;2;;2;;2;;2;;2;;73;12;73;178.57607356
6053356;1;2;1;90;2;;1;7;2;;2;;1;7;2;;2;;2;;2;;2;;73;12;73;178.57607356
6053358;1;1;1;90;2;;1;7;2;;1;24;2;;2;;2;;2;;2;;2;;73;12;73;536.79324628
6053358;1;2;1;90;2;;1;14;2;;1;21;2;;2;;2;;2;;2;;2;;73;12;73;536.79324628
6053360;1;1;1;90;2;;1;14;2;;2;;2;;2;;2;;2;;2;;2;;73;12;73;261.88117882
6053361;1;1;1;90;2;;2;;2;;2;;2;;2;;2;;2;;2;;2;;73;12;73;356.69056762
6053362;1;1;1;90;2;;1;21;2;;2;;2;;2;;2;;2;;2;;2;;73;12;73;261.41959932
6053362;1;2;1;90;2;;2;;2;;2;;2;;2;;2;;2;;2;;2;;73;12;73;261.41959932
6053363;1;1;1;90;2;;1;8;2;;2;;2;;2;;2;;2;;2;;2;;73;12;73;261.41959932
6053363;1;2;1;90;2;;1;9;2;;2;;2;;2;;2;;2;;2;;2;;73;12;73;261.41959932
6053364;1;1;1;90;2;;2;;2;;2;;2;;2;;2;;2;;2;;2;;73;12;73;178.57607356
6053364;1;2;1;90;2;;2;;2;;2;;2;;2;;2;;2;;2;;2;;73;12;73;178.57607356
6053364;1;3;1;90;2;;2;;2;;2;;2;;2;;2;;2;;2;;2;;73;12;73;178.57607356
6053364;1;4;1;90;2;;2;;2;;2;;2;;2;;2;;2;;2;;2;;73;12;73;178.57607356
6053365;1;1;1;90;2;;1;18;2;;2;;2;;2;;2;;2;;2;;2;;73;12;73;212.61579781
6053366;1;1;1;90;2;;2;;2;;2;;2;;2;;2;;2;;2;;2;;73;12;73;178.57607356
6053366;1;2;1;90;2;;1;6;2;;2;;2;;2;;2;;2;;2;;2;;73;12;73;178.57607356
6053366;1;3;1;90;2;;2;;2;;2;;2;;2;;2;;2;;2;;2;;73;12;73;178.57607356
6053368;1;1;1;90;2;;1;12;2;;2;;2;;2;;2;;2;;2;;2;;73;12;73;261.88117882
6053370;1;1;1;90;2;;2;;2;;2;;2;;2;;2;;2;;2;;2;;73;12;73;356.69056762
6053373;1;1;1;90;2;;1;10;2;;2;;2;;2;;2;;2;;2;;2;;73;12;73;356.69056762
6053374;1;1;1;90;2;;2;;2;;2;;2;;2;;2;;2;;2;;2;;73;12;73;290.45346236
6053374;1;2;1;90;2;;1;18;2;;2;;2;;2;;2;;2;;2;;2;;73;12;73;290.45346236
6053375;1;1;1;90;2;;1;12;2;;2;;2;;2;;2;;2;;2;;2;;73;12;73;212.61579781
6053376;1;1;1;90;2;;2;;2;;2;;2;;2;;2;;2;;2;;2;;73;12;73;372.00729771
6053376;1;2;1;90;2;;2;;2;;2;;2;;2;;2;;2;;2;;2;;73;12;73;372.00729771
6053376;1;3;1;90;2;;1;15;2;;2;;2;;2;;2;;2;;2;;2;;73;12;73;372.00729771
6053377;1;1;1;90;2;;2;;2;;2;;2;;2;;2;;2;;2;;2;;73;12;73;261.88117882
6053378;1;1;1;90;2;;2;;2;;2;;2;;2;;2;;2;;2;;2;;73;12;73;212.61579781
6053379;1;1;1;90;2;;1;5;2;;2;;2;;2;;2;;2;;2;;2;;73;12;73;385.72443067
6053381;1;1;1;90;2;;1;12;2;;2;;2;;2;;2;;2;;2;;2;;73;12;73;212.61579781
6053383;1;1;1;90;2;;1;42;2;;1;24;2;;2;;2;;2;;2;;2;;73;12;73;565.63452258
6053383;1;2;1;90;2;;1;2;2;;1;3;2;;2;;2;;2;;2;;2;;73;12;73;565.63452258
6053384;1;1;1;90;2;;1;43;2;;1;27;1;12;2;;2;;2;;2;;2;;73;12;73;441.97221562
6053384;1;2;1;90;2;;1;21;2;;1;8;2;;2;;2;;2;;2;;1;1;73;12;73;441.97221562
6053385;1;1;1;90;2;;1;2;2;;1;24;2;;2;;2;;2;;2;;2;;73;12;73;244.45431451
6053385;1;2;1;90;2;;1;20;2;;1;24;2;;2;;2;;2;;2;;2;;73;12;73;244.45431451
6053385;1;4;1;90;2;;1;14;2;;1;14;2;;2;;2;;2;;2;;2;;73;12;73;244.45431451
6053386;1;1;1;90;2;;1;4;2;;2;;2;;2;;2;;2;;2;;2;;73;12;73;261.41959932
6053386;1;2;1;90;2;;1;42;2;;2;;2;;2;;2;;2;;1;4;1;6;73;12;73;261.41959932
6053387;1;1;1;90;2;;1;21;2;;1;3;2;;2;;2;;2;;2;;2;;73;12;73;380.54808376
6053387;1;2;1;90;2;;2;;2;;2;;2;;2;;2;;2;;2;;2;;73;12;73;380.54808376
6053388;1;1;1;90;2;;1;24;2;;2;;2;;2;;2;;2;;2;;1;3;73;12;73;326.981338
6053388;1;2;1;90;2;;1;5;2;;2;;2;;2;;2;;2;;2;;1;7;73;12;73;326.981338
6053388;1;3;1;90;2;;2;;2;;2;;2;;2;;2;;2;;2;;2;;73;12;73;326.981338
6053388;1;4;1;90;2;;2;;2;;2;;2;;2;;2;;2;;1;2;2;;73;12;73;326.981338
6053389;1;1;1;90;2;;1;7;2;;2;;2;;2;;2;;2;;2;;2;;73;12;73;261.88117882
6053391;1;1;1;90;2;;2;;2;;2;;2;;2;;2;;2;;2;;2;;73;12;73;380.15547655
6053391;1;2;1;90;2;;1;49;2;;1;20;2;;2;;2;;2;;2;;2;;73;12;73;380.15547655
6053391;1;3;1;90;2;;1;21;2;;2;;2;;2;;2;;2;;2;;2;;73;12;73;380.15547655
6053391;1;4;1;90;2;;1;14;2;;2;;2;;2;;2;;2;;2;;2;;73;12;73;380.15547655
6053392;1;1;1;90;2;;1;42;2;;2;;2;;2;;2;;2;;2;;2;;73;12;73;384.29308338
6053392;1;2;1;90;2;;2;;2;;2;;2;;2;;2;;2;;2;;2;;73;12;73;384.29308338
6053392;1;3;1;90;2;;1;30;2;;1;20;2;;2;;2;;2;;2;;2;;73;12;73;384.29308338
6053392;1;5;1;90;2;;1;7;2;;2;;2;;2;;2;;2;;2;;2;;73;12;73;384.29308338
6053392;1;6;1;90;2;;1;21;2;;2;;2;;2;;2;;2;;2;;2;;73;12;73;384.29308338
6053392;1;7;1;90;2;;1;21;2;;2;;2;;2;;2;;2;;2;;2;;73;12;73;384.29308338
6053393;1;1;1;90;2;;1;38;2;;2;;2;;2;;2;;2;;2;;2;;73;12;73;470.54449917
6053393;1;2;1;90;2;;1;14;2;;2;;2;;2;;2;;2;;2;;2;;73;12;73;470.54449917
6053393;1;3;1;90;2;;1;16;2;;2;;2;;2;;2;;2;;2;;1;15;73;12;73;470.54449917
6053395;1;1;1;90;2;;1;45;2;;2;;2;;2;;2;;2;;2;;2;;73;12;73;334.54893591
6053395;1;2;1;90;2;;1;40;2;;1;35;2;;2;;2;;2;;2;;2;;73;12;73;334.54893591
6053395;1;5;1;90;2;;1;21;2;;1;30;2;;2;;2;;2;;2;;2;;73;12;73;334.54893591
6053396;1;1;1;90;2;;1;7;2;;2;;2;;2;;2;;2;;2;;2;;73;12;73;388.99066382
6053396;1;2;1;90;2;;1;21;2;;1;30;2;;2;;2;;2;;2;;2;;73;12;73;388.99066382
6053397;1;1;1;90;2;;1;24;2;;1;18;2;;2;;2;;1;5;2;;2;;73;12;73;475.81905207
6053398;1;1;1;90;2;;1;14;2;;1;14;2;;2;;2;;2;;2;;2;;73;12;73;504.39133561
6053398;1;2;1;90;2;;1;35;2;;1;35;2;;2;;2;;2;;2;;2;;73;12;73;504.39133561
6053399;1;1;1;90;2;;1;21;2;;1;21;2;;2;;2;;2;;2;;1;6;73;12;73;544.25813539
6053399;1;3;1;90;2;;1;30;2;;2;;2;;2;;2;;2;;2;;2;;73;12;73;544.25813539
6053399;1;4;1;90;2;;2;;2;;2;;2;;2;;2;;2;;2;;2;;73;12;73;544.25813539
6053399;1;5;1;90;2;;1;3;2;;2;;2;;2;;1;15;2;;2;;2;;73;12;73;544.25813539
6053399;1;6;1;90;2;;1;4;2;;2;;2;;2;;1;7;2;;2;;2;;73;12;73;544.25813539
6053399;1;7;1;90;2;;2;;2;;1;21;2;;2;;2;;2;;2;;2;;73;12;73;544.25813539
6053400;1;1;1;90;2;;1;21;2;;2;;2;;2;;2;;2;;2;;2;;73;12;73;261.88117882
6053401;1;1;1;90;2;;2;;2;;2;;2;;2;;2;;2;;2;;2;;73;12;73;503.92975611
6053401;1;2;1;90;2;;1;21;2;;1;21;2;;2;;2;;2;;2;;2;;73;12;73;503.92975611
6053401;1;5;1;90;2;;2;;2;;2;;2;;2;;2;;2;;2;;2;;73;12;73;503.92975611
6053402;1;1;1;90;2;;1;3;2;;2;;2;;2;;2;;2;;2;;2;;73;12;73;495.55614835
6053402;1;2;1;90;2;;1;28;2;;2;;2;;2;;2;;2;;2;;2;;73;12;73;495.55614835
6053402;1;3;1;90;2;;1;21;2;;1;16;2;;2;;2;;2;;2;;2;;73;12;73;495.55614835
6053402;1;4;1;90;2;;1;5;2;;2;;2;;2;;2;;2;;2;;2;;73;12;73;495.55614835
6053403;1;1;1;90;2;;1;14;2;;2;;2;;2;;2;;2;;2;;2;;73;12;73;467.27826602
6053403;1;2;1;90;2;;1;21;2;;2;;2;;2;;2;;2;;2;;2;;73;12;73;467.27826602
6053404;1;1;1;90;2;;1;21;2;;2;;2;;2;;2;;2;;2;;2;;73;12;73;198.43708536
6053404;1;2;1;90;2;;2;;2;;2;;2;;2;;2;;2;;2;;2;;73;12;73;198.43708536
6053404;1;3;1;90;2;;1;10;2;;2;;2;;2;;2;;2;;2;;2;;73;12;73;198.43708536
6053404;1;4;1;90;2;;1;10;2;;2;;2;;2;;2;;2;;2;;2;;73;12;73;198.43708536
6053405;1;1;1;90;2;;1;21;2;;1;21;1;14;2;;2;;2;;2;;2;;73;12;73;586.52214343
6053405;1;3;1;90;2;;1;4;2;;2;;2;;2;;2;;2;;2;;2;;73;12;73;586.52214343
6053405;1;4;1;90;2;;1;14;2;;2;;2;;2;;2;;2;;2;;2;;73;12;73;586.52214343
6053405;1;5;1;90;2;;1;1;2;;2;;2;;2;;2;;2;;2;;2;;73;12;73;586.52214343
6053405;1;6;1;90;2;;1;4;2;;2;;2;;2;;2;;2;;2;;2;;73;12;73;586.52214343
6053406;1;1;1;90;2;;1;10;2;;2;;2;;2;;2;;2;;2;;2;;73;12;73;467.27826602
6053406;1;2;1;90;2;;1;10;2;;2;;2;;2;;2;;2;;2;;2;;73;12;73;467.27826602
6053407;1;1;1;90;2;;1;24;2;;1;24;2;;2;;2;;2;;2;;2;;73;12;73;322.56097181
6053407;1;2;1;90;2;;1;7;2;;2;;2;;2;;2;;2;;2;;2;;73;12;73;322.56097181
6053407;1;4;1;90;2;;2;;2;;2;;2;;2;;2;;2;;2;;2;;73;12;73;322.56097181
6053408;1;1;1;90;2;;1;21;2;;2;;2;;2;;2;;2;;2;;2;;73;12;73;261.41959932
6053408;1;2;1;90;2;;1;15;2;;2;;2;;2;;2;;2;;2;;2;;73;12;73;261.41959932
6053409;1;1;1;90;2;;1;7;2;;2;;2;;2;;2;;2;;2;;2;;73;12;73;212.61579781
6053412;1;1;1;90;2;;1;21;2;;2;;2;;2;;2;;2;;2;;2;;73;12;73;533.23261191
6053412;1;2;1;90;2;;1;4;2;;2;;2;;2;;2;;2;;2;;2;;73;12;73;533.23261191
6053413;1;1;1;90;2;;1;21;2;;1;15;2;;2;;2;;2;;2;;2;;76;12;76;1734.9270381
6053413;1;2;1;90;2;;1;8;2;;2;;2;;2;;1;20;2;;2;;2;;76;12;76;1734.9270381
6053414;1;1;1;90;2;;1;21;2;;1;10;2;;2;;2;;2;;2;;2;;76;12;76;1525.2371268
6053415;1;1;1;90;2;;1;6;2;;1;98;2;;2;;2;;2;;2;;2;;76;12;76;1404.3657011
6053416;1;1;1;90;2;;1;12;2;;2;;2;;2;;1;4;2;;2;;1;4;76;12;76;1404.3657011
6053417;1;1;1;90;2;;1;4;2;;1;20;2;;2;;2;;2;;2;;2;;76;12;76;1345.4195981
6053417;1;2;1;90;2;;1;28;2;;1;28;2;;2;;2;;2;;2;;2;;76;12;76;1345.4195981
6053418;1;1;1;90;2;;1;6;2;;2;;2;;2;;2;;2;;2;;2;;76;12;76;1120.403096
6053419;1;1;1;90;2;;1;18;2;;2;;2;;2;;2;;2;;2;;2;;76;12;76;1017.5898122
6053420;1;1;1;90;2;;1;35;2;;2;;2;;2;;2;;2;;2;;2;;76;12;76;1112.7749265
6053420;1;2;1;90;2;;1;12;2;;2;;2;;2;;2;;2;;2;;2;;76;12;76;1112.7749265
6053421;1;1;1;90;2;;1;14;2;;2;;2;;2;;2;;2;;2;;2;;76;12;76;1120.403096
6053422;1;1;1;90;2;;1;3;2;;2;;2;;2;;2;;2;;2;;2;;76;12;76;1440.6047124
6053422;1;2;1;90;2;;1;40;2;;1;12;2;;2;;2;;2;;2;;2;;76;12;76;1440.6047124
6053422;1;3;1;90;2;;1;12;2;;2;;2;;2;;2;;2;;2;;2;;76;12;76;1440.6047124
6054592;1;1;1;90;2;;1;10;2;;2;;2;;2;;2;;2;;2;;2;;05;12;05;1365.4612961
6054593;1;1;1;90;2;;1;7;2;;2;;2;;2;;2;;2;;2;;2;;05;12;05;1135.170059
6054593;1;2;1;90;2;;1;42;2;;2;;2;;2;;2;;2;;2;;1;4;05;12;05;1135.170059
6054593;1;3;1;90;2;;1;14;2;;2;;2;;2;;2;;2;;2;;2;;05;12;05;1135.170059
6054593;1;4;1;90;2;;1;14;2;;2;;2;;2;;2;;2;;2;;2;;05;12;05;1135.170059
6054594;1;1;1;90;2;;1;1;2;;2;;2;;2;;2;;2;;2;;2;;05;12;05;1184.1934986
6054594;1;2;1;90;2;;1;42;2;;2;;2;;2;;2;;2;;2;;2;;05;12;05;1184.1934986
6054594;1;3;1;90;2;;1;14;2;;2;;2;;2;;2;;2;;2;;2;;05;12;05;1184.1934986
6054595;1;1;1;90;2;;1;10;2;;2;;2;;2;;2;;2;;2;;2;;05;12;05;1253.5627375
6054595;1;2;1;90;2;;1;21;2;;2;;2;;2;;2;;2;;2;;2;;05;12;05;1253.5627375
6054596;1;1;1;90;2;;1;21;2;;1;14;2;;2;;2;;2;;2;;2;;05;12;05;1354.3373826
6054596;1;2;1;90;2;;1;21;2;;1;35;2;;2;;2;;2;;2;;2;;05;12;05;1354.3373826
6054597;1;1;1;90;2;;1;6;2;;2;;2;;2;;2;;2;;2;;2;;05;12;05;1689.1920403
6054597;1;2;1;90;2;;1;24;2;;1;28;2;;2;;2;;2;;2;;2;;05;12;05;1689.1920403
6054598;1;1;1;90;2;;1;4;2;;2;;2;;2;;2;;2;;2;;2;;05;12;05;1261.31829
6054598;1;2;1;90;2;;1;35;2;;1;20;2;;2;;2;;2;;2;;2;;05;12;05;1261.31829
6054598;1;3;1;90;2;;2;;2;;2;;2;;2;;2;;2;;2;;2;;05;12;05;1261.31829
6054598;1;4;1;90;2;;1;14;2;;1;2;2;;2;;2;;2;;2;;2;;05;12;05;1261.31829
6054599;1;1;1;90;2;;1;14;2;;2;;2;;2;;2;;2;;2;;2;;05;12;05;1365.4612961
6054600;1;1;1;90;2;;1;28;2;;1;30;2;;2;;2;;2;;2;;2;;05;12;05;1391.7844204
6054600;1;2;1;90;2;;2;;2;;2;;2;;2;;2;;2;;2;;2;;05;12;05;1391.7844204
6054601;1;1;1;90;2;;1;10;2;;2;;2;;2;;2;;2;;2;;2;;05;12;05;1331.3251731
6054601;1;2;1;90;2;;1;1;2;;2;;2;;2;;2;;2;;2;;2;;05;12;05;1331.3251731
6054602;1;1;1;90;2;;1;10;2;;1;12;2;;2;;2;;2;;2;;2;;05;12;05;1770.7978351
6054603;1;1;1;90;2;;2;;2;;2;;2;;2;;2;;2;;2;;2;;05;12;05;1333.8509891
6054603;1;2;1;90;2;;1;2;2;;2;;2;;2;;2;;2;;2;;2;;05;12;05;1333.8509891
6054603;1;3;1;90;2;;1;2;2;;2;;2;;2;;1;4;2;;2;;2;;05;12;05;1333.8509891
6054603;1;4;1;90;2;;1;1;2;;2;;2;;2;;2;;2;;2;;2;;05;12;05;1333.8509891
6054604;1;1;1;90;2;;1;56;2;;2;;2;;2;;2;;2;;2;;2;;05;12;05;1296.0920571
6054604;1;2;1;90;2;;2;;2;;2;;2;;2;;2;;2;;2;;2;;05;12;05;1296.0920571
6054605;1;1;1;90;2;;2;;2;;2;;2;;2;;2;;2;;2;;2;;05;12;05;1113.822416
6054605;1;2;1;90;2;;1;8;2;;1;8;2;;2;;2;;2;;2;;2;;05;12;05;1113.822416
6054605;1;3;1;90;2;;2;;2;;2;;2;;2;;2;;2;;2;;2;;05;12;05;1113.822416
6054605;1;4;1;90;2;;2;;2;;2;;2;;2;;1;5;2;;2;;2;;05;12;05;1113.822416
6054606;1;1;1;90;2;;1;1;2;;2;;2;;2;;2;;2;;2;;2;;05;12;05;1116.290593
6054606;1;2;1;90;2;;1;20;2;;2;;2;;2;;2;;2;;2;;2;;05;12;05;1116.290593
6054606;1;3;1;90;2;;1;1;2;;2;;2;;2;;2;;2;;2;;2;;05;12;05;1116.290593
6054607;1;1;1;90;2;;1;10;2;;2;;2;;2;;2;;2;;2;;2;;05;12;05;1248.4212897
6054608;1;1;1;90;2;;1;6;2;;2;;2;;2;;2;;2;;2;;2;;05;12;05;1478.8435572
6054608;1;2;1;90;2;;1;20;2;;1;30;2;;2;;2;;2;;2;;2;;05;12;05;1478.8435572
6054608;1;4;1;90;2;;2;;2;;2;;2;;2;;2;;2;;2;;2;;05;12;05;1478.8435572
6054608;1;5;1;90;2;;2;;2;;2;;2;;2;;2;;2;;2;;2;;05;12;05;1478.8435572
6054609;1;1;1;90;2;;1;1;2;;2;;2;;2;;2;;2;;2;;2;;05;12;05;1471.3773889
6054609;1;2;1;90;2;;1;12;2;;2;;2;;2;;2;;2;;2;;2;;05;12;05;1471.3773889
6054612;1;1;1;90;2;;1;7;2;;2;;2;;2;;2;;2;;2;;2;;05;12;05;1193.1034902
6054612;1;2;1;90;2;;2;;2;;2;;2;;2;;2;;2;;2;;2;;05;12;05;1193.1034902
6054613;1;1;1;90;2;;2;;2;;2;;2;;2;;2;;2;;2;;2;;05;12;05;1184.1934986
6054613;1;2;1;90;2;;2;;2;;2;;2;;2;;2;;2;;2;;2;;05;12;05;1184.1934986
6054613;1;3;1;90;2;;1;25;2;;2;;1;20;2;;2;;2;;2;;2;;05;12;05;1184.1934986
6054614;1;1;1;90;2;;1;2;2;;1;12;2;;2;;2;;2;;2;;2;;05;12;05;1735.366679
6054614;1;2;1;90;2;;2;;2;;2;;2;;2;;2;;2;;2;;2;;05;12;05;1735.366679
6054614;1;3;1;90;2;;1;2;2;;2;;2;;2;;2;;2;;2;;2;;05;12;05;1735.366679
6054614;1;4;1;90;2;;2;;2;;2;;2;;2;;2;;2;;2;;2;;05;12;05;1735.366679
6054614;1;5;1;90;2;;1;12;2;;2;;2;;2;;2;;2;;2;;1;12;05;12;05;1735.366679
6054614;1;6;1;90;2;;1;14;2;;1;18;2;;2;;2;;2;;2;;2;;05;12;05;1735.366679
6054614;1;7;1;90;2;;1;12;2;;1;48;2;;2;;2;;2;;2;;2;;05;12;05;1735.366679
6054615;1;1;1;90;2;;1;15;2;;2;;2;;2;;2;;2;;2;;2;;05;12;05;1365.4612961
6054616;1;1;1;90;2;;1;12;2;;2;;2;;2;;2;;2;;2;;2;;05;12;05;1234.6832715
6054620;1;1;1;90;2;;1;12;1;5;2;;2;;2;;2;;2;;2;;2;;05;12;05;1365.4612961
6054621;1;1;1;90;2;;2;;2;;2;;2;;2;;2;;2;;2;;2;;05;12;05;1165.2617273
6054621;1;2;1;90;2;;2;;2;;2;;2;;2;;2;;2;;2;;2;;05;12;05;1165.2617273
6054621;1;3;1;90;2;;1;8;2;;2;;2;;2;;2;;2;;2;;2;;05;12;05;1165.2617273
6054622;1;1;1;90;2;;1;10;2;;2;;2;;2;;2;;2;;2;;2;;05;12;05;1322.7270757
6054622;1;2;1;90;2;;1;35;2;;1;8;1;50;2;;2;;2;;2;;2;;05;12;05;1322.7270757
6054622;1;3;1;90;2;;1;8;2;;1;4;2;;2;;2;;2;;2;;2;;05;12;05;1322.7270757
6054622;1;4;1;90;2;;1;35;2;;1;35;2;;2;;2;;2;;2;;2;;05;12;05;1322.7270757
6054622;1;5;1;90;2;;1;3;2;;1;50;2;;2;;2;;2;;2;;2;;05;12;05;1322.7270757
6054623;1;1;1;90;2;;1;70;2;;2;;1;40;2;;2;;2;;2;;2;;05;12;05;1176.7498403
6054623;1;2;1;90;2;;1;2;2;;2;;1;7;2;;2;;2;;2;;2;;05;12;05;1176.7498403
6054623;1;3;1;90;2;;2;;2;;2;;2;;2;;2;;2;;2;;2;;05;12;05;1176.7498403
6054626;1;1;1;90;2;;1;10;2;;2;;2;;2;;2;;2;;2;;2;;05;12;05;1234.6832715
6054627;1;1;1;90;2;;1;14;2;;2;;2;;2;;2;;2;;2;;2;;05;12;05;1269.7689328
6054628;1;1;1;90;2;;1;36;2;;1;16;2;;2;;2;;2;;2;;2;;05;12;05;1388.2178264
6054628;1;2;1;90;2;;1;1;2;;2;;2;;2;;2;;2;;2;;2;;05;12;05;1388.2178264
6054628;1;3;1;90;2;;2;;2;;2;;2;;2;;2;;2;;2;;2;;05;12;05;1388.2178264
6054628;1;4;1;90;2;;1;4;2;;2;;2;;2;;2;;2;;2;;2;;05;12;05;1388.2178264
6054629;1;1;1;90;2;;1;12;2;;2;;2;;2;;2;;2;;2;;2;;05;12;05;1789.6773011
6054629;1;2;1;90;2;;2;;2;;2;;2;;2;;2;;2;;2;;2;;05;12;05;1789.6773011
6054631;1;1;1;90;2;;1;28;2;;2;;1;21;2;;2;;2;;2;;2;;05;12;05;897.46895715
6054631;1;2;1;90;2;;2;;2;;2;;2;;2;;2;;2;;2;;2;;05;12;05;897.46895715
6054631;1;3;1;90;2;;2;;2;;2;;2;;2;;2;;2;;2;;2;;05;12;05;897.46895715
6054631;1;4;1;90;2;;1;21;2;;2;;1;21;2;;2;;2;;2;;2;;05;12;05;897.46895715
6054631;1;5;1;90;2;;1;12;2;;2;;1;12;2;;2;;2;;2;;2;;05;12;05;897.46895715
6054631;1;6;1;90;2;;1;12;2;;2;;1;12;2;;2;;2;;2;;2;;05;12;05;897.46895715
6054633;1;1;1;90;2;;1;30;2;;2;;2;;2;;2;;2;;2;;2;;05;12;05;1372.9049543
6054635;1;1;1;90;2;;1;27;2;;2;;2;;2;;2;;2;;2;;2;;05;12;05;1193.1034902
6054635;1;2;1;90;2;;1;15;2;;2;;2;;2;;2;;2;;2;;2;;05;12;05;1193.1034902
6054636;1;1;1;90;2;;1;5;2;;2;;2;;2;;2;;2;;2;;2;;05;12;05;1253.5627375
6054636;1;2;1;90;2;;2;;2;;2;;2;;2;;2;;2;;2;;2;;05;12;05;1253.5627375
6054637;1;1;1;90;2;;1;15;2;;2;;2;;2;;2;;2;;2;;2;;05;12;05;1038.3621909
6054637;1;2;1;90;2;;1;20;2;;2;;2;;2;;2;;2;;2;;2;;05;12;05;1038.3621909
6054637;1;3;1;90;2;;1;20;2;;2;;2;;2;;2;;2;;2;;2;;05;12;05;1038.3621909
6054638;1;1;1;90;2;;2;;2;;2;;2;;2;;2;;2;;2;;2;;05;12;05;1571.8626497
6054638;1;2;1;90;2;;1;21;2;;2;;2;;2;;2;;2;;2;;2;;05;12;05;1571.8626497
6054641;1;1;1;90;2;;2;;2;;2;;2;;2;;2;;2;;2;;2;;05;12;05;1571.8626497
6054641;1;2;1;90;2;;1;21;2;;1;28;2;;2;;2;;2;;2;;2;;05;12;05;1571.8626497
6054642;1;1;1;90;2;;2;;2;;2;;2;;2;;2;;2;;2;;2;;05;12;05;1155.4021972
6054642;1;2;1;90;2;;1;42;2;;2;;2;;2;;2;;2;;2;;2;;05;12;05;1155.4021972
6054642;1;3;1;90;2;;2;;2;;2;;2;;2;;2;;2;;2;;2;;05;12;05;1155.4021972
6054643;1;1;1;90;2;;1;2;2;;1;2;2;;2;;1;4;2;;2;;2;;05;12;05;1136.5227312
6054643;1;2;1;90;2;;1;14;2;;2;;2;;2;;2;;2;;2;;2;;05;12;05;1136.5227312
6054645;1;1;1;90;2;;1;30;2;;2;;2;;2;;2;;2;;2;;2;;05;12;05;1211.9829563
6054645;1;2;1;90;2;;1;10;2;;2;;2;;2;;2;;2;;2;;2;;05;12;05;1211.9829563
6054645;1;3;1;90;2;;1;10;2;;2;;2;;2;;2;;2;;2;;2;;05;12;05;1211.9829563
6054646;1;1;1;90;2;;1;21;2;;2;;2;;2;;2;;2;;2;;2;;05;12;05;1372.9049543
6054647;1;1;1;90;2;;1;21;2;;2;;1;21;2;;2;;2;;2;;2;;05;12;05;1253.5627375
6054647;1;2;1;90;2;;1;12;2;;2;;2;;2;;2;;2;;2;;2;;05;12;05;1253.5627375
6054648;1;1;1;90;2;;1;20;2;;2;;2;;2;;2;;2;;2;;2;;05;12;05;1399.2280787
6054648;1;2;1;90;2;;1;30;2;;2;;2;;2;;2;;2;;2;;2;;05;12;05;1399.2280787
6054650;1;1;1;90;2;;1;20;2;;1;14;2;;2;;2;;2;;2;;2;;05;12;05;1193.1034902
6054650;1;2;1;90;2;;1;14;2;;2;;2;;2;;2;;2;;2;;2;;05;12;05;1193.1034902
6054651;1;1;1;90;2;;1;20;2;;2;;2;;2;;2;;2;;2;;2;;05;12;05;1372.9049543
6054652;1;1;1;90;2;;1;12;2;;2;;2;;2;;2;;2;;2;;2;;05;12;05;1234.6832715
6054653;1;1;1;90;2;;1;20;2;;2;;2;;2;;2;;2;;2;;2;;05;12;05;1365.4612961
6054654;1;1;1;90;2;;1;12;2;;2;;2;;2;;2;;2;;2;;2;;05;12;05;1471.3773889
6054654;1;2;1;90;2;;1;30;2;;1;30;2;;2;;2;;2;;2;;2;;05;12;05;1471.3773889
6054655;1;1;1;90;2;;2;;2;;1;12;2;;2;;1;2;2;;2;;2;;05;12;05;1359.4788303
6054655;1;2;1;90;2;;2;;2;;1;18;2;;2;;2;;2;;2;;2;;05;12;05;1359.4788303
6054655;1;4;1;90;2;;1;10;2;;2;;2;;2;;2;;2;;2;;2;;05;12;05;1359.4788303
6054656;1;1;1;90;2;;1;42;2;;2;;2;;2;;2;;2;;2;;2;;05;12;05;1094.94295
6054656;1;2;1;90;2;;1;10;2;;2;;2;;2;;2;;2;;2;;2;;05;12;05;1094.94295
6054656;1;3;1;90;2;;1;12;2;;2;;2;;2;;2;;2;;2;;2;;05;12;05;1094.94295
6054657;1;1;1;90;2;;1;4;2;;2;;2;;2;;2;;2;;2;;2;;05;12;05;1432.1223282
6054657;1;2;1;90;2;;1;3;2;;2;;2;;2;;2;;2;;2;;2;;05;12;05;1432.1223282
6054657;1;3;1;90;2;;2;;2;;2;;2;;2;;2;;2;;2;;2;;05;12;05;1432.1223282
6054657;1;5;1;90;2;;2;;2;;2;;2;;2;;2;;2;;2;;2;;05;12;05;1432.1223282
6054659;1;1;1;90;2;;1;20;2;;2;;2;;2;;2;;2;;2;;2;;05;12;05;1372.9049543
6054660;1;1;1;90;2;;1;38;2;;2;;2;;2;;2;;2;;2;;2;;05;12;05;1234.6832715
6054661;1;1;1;90;2;;1;8;2;;1;2;2;;2;;2;;2;;2;;2;;05;12;05;1689.1920403
6054661;1;2;1;90;2;;1;24;2;;1;30;2;;2;;2;;2;;2;;2;;05;12;05;1689.1920403
6054662;1;1;1;90;2;;2;;1;4;2;;2;;2;;2;;2;;2;;2;;05;12;05;1296.0920571
6054662;1;2;1;90;2;;2;;1;14;2;;2;;2;;2;;2;;2;;2;;05;12;05;1296.0920571
6054663;1;1;1;90;2;;2;;2;;2;;2;;2;;2;;2;;2;;2;;05;12;05;1372.9049543
6054664;1;1;1;90;2;;1;10;2;;2;;2;;2;;2;;2;;2;;2;;05;12;05;1571.8626497
6054664;1;2;1;90;2;;1;10;2;;2;;2;;2;;2;;2;;2;;2;;05;12;05;1571.8626497
6054665;1;1;1;90;2;;1;8;2;;2;;2;;2;;2;;2;;2;;2;;05;12;05;1122.7847129
6054665;1;2;1;90;2;;1;20;2;;2;;2;;2;;2;;2;;2;;2;;05;12;05;1122.7847129
6054666;1;1;1;90;2;;1;7;2;;2;;2;;2;;2;;2;;2;;2;;05;12;05;1365.4612961
6054668;1;1;1;90;2;;1;5;2;;2;;2;;2;;2;;2;;2;;2;;05;12;05;1365.4612961
6054669;1;1;1;90;2;;1;7;2;;2;;2;;2;;2;;2;;2;;2;;05;12;05;1269.7689328
6054670;1;1;1;90;2;;1;30;2;;1;10;2;;2;;2;;2;;2;;2;;05;12;05;1271.1778201
6054670;1;2;1;90;2;;2;;2;;2;;2;;2;;2;;2;;2;;2;;05;12;05;1271.1778201
6054670;1;3;1;90;2;;1;2;2;;2;;2;;2;;2;;2;;2;;2;;05;12;05;1271.1778201
6054670;1;4;1;90;2;;1;2;2;;2;;2;;2;;2;;2;;2;;2;;05;12;05;1271.1778201
6054671;1;1;1;90;2;;2;;2;;2;;2;;2;;2;;2;;2;;2;;05;12;05;2078.6916269
6054671;1;2;1;90;2;;1;28;2;;1;5;2;;2;;2;;2;;2;;2;;05;12;05;2078.6916269
6054671;1;3;1;90;2;;2;;2;;2;;2;;2;;2;;2;;2;;2;;05;12;05;2078.6916269
6054671;1;4;1;90;2;;2;;2;;2;;2;;2;;2;;2;;2;;2;;05;12;05;2078.6916269
6054671;1;5;1;90;2;;2;;2;;1;5;2;;2;;2;;2;;2;;2;;05;12;05;2078.6916269
6054671;1;6;1;90;2;;1;28;2;;1;38;2;;2;;2;;2;;2;;2;;05;12;05;2078.6916269
6054672;1;1;1;90;2;;1;3;2;;2;;2;;2;;2;;2;;2;;2;;05;12;05;1365.4612961
6054673;1;1;1;90;2;;1;40;2;;1;40;2;;2;;2;;2;;2;;2;;05;12;05;1789.6773011
6054673;1;2;1;90;2;;1;7;2;;1;24;2;;2;;2;;2;;2;;2;;05;12;05;1789.6773011
6054674;1;1;1;90;2;;2;;2;;2;;2;;2;;2;;2;;2;;2;;05;12;05;1652.1509014
6054674;1;2;1;90;2;;1;12;2;;2;;2;;2;;2;;2;;2;;2;;05;12;05;1652.1509014
6054674;1;3;1;90;2;;2;;2;;2;;2;;2;;2;;2;;2;;2;;05;12;05;1652.1509014
6054674;1;4;1;90;2;;2;;2;;2;;2;;2;;2;;2;;2;;2;;05;12;05;1652.1509014
6054675;1;1;1;90;2;;1;12;2;;2;;2;;2;;2;;2;;2;;2;;05;12;05;1151.523709
6054675;1;2;1;90;2;;2;;1;1;2;;2;;2;;2;;2;;2;;2;;05;12;05;1151.523709
6054675;1;3;1;90;2;;2;;2;;2;;2;;2;;2;;2;;2;;2;;05;12;05;1151.523709
6054676;1;1;1;90;2;;1;6;2;;2;;2;;2;;2;;2;;2;;2;;05;12;05;1193.1034902
6054676;1;2;1;90;2;;1;10;2;;2;;2;;2;;2;;2;;2;;2;;05;12;05;1193.1034902
6054677;1;1;1;90;2;;1;4;2;;2;;2;;2;;2;;2;;2;;2;;05;12;05;1254.5122759
6054677;1;2;1;90;2;;1;12;2;;2;;2;;2;;2;;2;;2;;2;;05;12;05;1254.5122759
6054677;1;3;1;90;2;;1;2;2;;2;;2;;2;;2;;2;;2;;2;;05;12;05;1254.5122759
6054678;1;1;1;90;2;;1;12;2;;2;;2;;2;;2;;2;;2;;2;;05;12;05;1094.7449099
6054678;1;2;1;90;2;;2;;2;;2;;2;;2;;2;;2;;2;;2;;05;12;05;1094.7449099
6054678;1;3;1;90;2;;2;;2;;2;;2;;2;;2;;1;8;2;;2;;05;12;05;1094.7449099
6054678;1;4;1;90;2;;1;12;2;;2;;2;;2;;2;;2;;2;;2;;05;12;05;1094.7449099
6054678;1;5;1;90;2;;2;;2;;2;;2;;2;;2;;2;;2;;2;;05;12;05;1094.7449099
6054678;1;6;1;90;2;;2;;1;2;2;;2;;2;;2;;2;;2;;2;;05;12;05;1094.7449099
6054678;1;7;1;90;2;;2;;2;;2;;2;;2;;2;;2;;2;;2;;05;12;05;1094.7449099
6054678;1;8;1;90;2;;1;4;2;;2;;1;2;2;;2;;2;;2;;2;;05;12;05;1094.7449099
6054678;1;9;1;90;2;;2;;2;;2;;2;;2;;2;;2;;2;;2;;05;12;05;1094.7449099
6054679;1;1;1;90;2;;1;12;2;;2;;2;;2;;2;;2;;2;;2;;05;12;05;1256.1768423
6054679;1;2;1;90;2;;1;2;2;;2;;2;;2;;2;;2;;2;;2;;05;12;05;1256.1768423
6054679;1;3;1;90;2;;1;2;2;;2;;2;;2;;2;;2;;2;;2;;05;12;05;1256.1768423
6054680;1;1;1;90;2;;1;10;2;;2;;2;;2;;2;;2;;2;;2;;05;12;05;1531.4672958
6054680;1;2;1;90;2;;1;10;2;;2;;2;;2;;2;;2;;2;;2;;05;12;05;1531.4672958
6054680;1;3;1;90;2;;1;5;2;;1;12;2;;2;;2;;2;;2;;2;;05;12;05;1531.4672958
6054680;1;5;1;90;2;;1;12;2;;2;;2;;2;;2;;2;;2;;2;;05;12;05;1531.4672958
6054681;1;1;1;90;2;;1;20;2;;2;;2;;2;;2;;2;;2;;2;;05;12;05;1157.8703742
6054681;1;2;1;90;2;;1;7;2;;2;;2;;2;;2;;2;;2;;2;;05;12;05;1157.8703742
6054682;1;1;1;90;2;;1;14;2;;2;;2;;2;;2;;2;;2;;2;;05;12;05;1187.6688529
6054682;1;2;1;90;2;;1;10;2;;2;;2;;2;;2;;2;;2;;2;;05;12;05;1187.6688529
6054682;1;3;1;90;2;;1;5;2;;2;;1;10;2;;2;;2;;2;;1;28;05;12;05;1187.6688529
6054682;1;4;1;90;2;;2;;2;;2;;2;;2;;2;;2;;2;;2;;05;12;05;1187.6688529
6054682;1;5;1;90;2;;1;15;2;;2;;2;;2;;2;;2;;2;;2;;05;12;05;1187.6688529
6054682;2;1;2;90;2;;1;28;2;;2;;2;;2;;2;;2;;2;;2;;05;12;05;1187.6688529
6054683;1;1;1;90;2;;1;30;2;;2;;2;;2;;2;;2;;2;;2;;05;12;05;1151.523709
6054683;1;2;1;90;2;;1;4;2;;2;;2;;2;;2;;2;;2;;2;;05;12;05;1151.523709
6054683;1;3;1;90;2;;1;7;2;;2;;2;;2;;2;;2;;2;;2;;05;12;05;1151.523709
6054684;1;1;1;90;2;;1;20;2;;1;12;2;;2;;2;;2;;2;;2;;05;12;05;1136.5227312
6054684;1;2;1;90;2;;1;7;2;;2;;2;;2;;2;;2;;2;;2;;05;12;05;1136.5227312
6054685;1;1;1;90;2;;1;14;2;;1;18;2;;2;;2;;2;;2;;2;;05;12;05;2089.0977473
6054686;1;1;1;90;2;;1;30;2;;2;;2;;2;;2;;2;;2;;2;;05;12;05;1269.7689328
6054687;1;1;1;90;2;;2;;2;;2;;2;;2;;2;;2;;2;;2;;05;12;05;1193.1034902
6054687;1;2;1;90;2;;1;12;2;;2;;2;;2;;2;;2;;2;;2;;05;12;05;1193.1034902
6054688;1;1;1;90;2;;1;5;2;;1;7;2;;2;;2;;1;6;2;;1;2;05;12;05;1588.3599491
6054688;1;2;1;90;2;;1;7;2;;1;7;2;;2;;2;;2;;2;;2;;05;12;05;1588.3599491
6054688;1;3;1;90;2;;1;35;2;;1;20;2;;2;;2;;2;;2;;2;;05;12;05;1588.3599491
6054688;1;4;1;90;2;;1;5;2;;2;;2;;2;;2;;2;;2;;2;;05;12;05;1588.3599491
6054688;1;6;1;90;2;;1;20;2;;1;30;2;;2;;2;;2;;2;;2;;05;12;05;1588.3599491
6054688;1;8;1;90;2;;2;;2;;2;;2;;2;;2;;2;;2;;2;;05;12;05;1588.3599491
6054689;1;1;1;90;2;;1;28;2;;1;28;2;;2;;2;;2;;2;;2;;05;12;05;1521.3728768
6054689;1;2;1;90;2;;1;42;2;;1;24;2;;2;;2;;2;;2;;2;;05;12;05;1521.3728768
6054689;1;3;1;90;2;;2;;2;;2;;2;;2;;2;;2;;2;;2;;05;12;05;1521.3728768
6054689;1;4;1;90;2;;2;;2;;1;35;2;;2;;2;;2;;2;;2;;05;12;05;1521.3728768
6054690;1;1;1;90;2;;1;3;2;;2;;2;;2;;2;;2;;2;;2;;05;12;05;1234.6832715
6054691;1;1;1;90;2;;1;15;1;5;2;;2;;2;;2;;2;;2;;2;;05;12;05;1203.0729646
6054691;1;2;1;90;2;;1;28;2;;1;16;2;;2;;2;;2;;2;;2;;05;12;05;1203.0729646
6054691;1;3;1;90;2;;2;;2;;1;8;2;;2;;2;;2;;2;;2;;05;12;05;1203.0729646
6054691;1;4;1;90;2;;1;14;2;;2;;2;;2;;2;;2;;2;;2;;05;12;05;1203.0729646
6054692;1;1;1;90;2;;1;30;2;;2;;2;;2;;2;;2;;2;;2;;05;12;05;1288.6134627
6054692;1;2;1;90;2;;1;10;2;;2;;2;;2;;2;;2;;2;;2;;05;12;05;1288.6134627
6054692;1;3;1;90;2;;1;30;2;;1;30;2;;2;;2;;2;;2;;2;;05;12;05;1288.6134627
6054692;1;4;1;90;2;;1;12;2;;2;;2;;2;;2;;2;;2;;2;;05;12;05;1288.6134627
6054692;1;5;1;90;2;;1;8;2;;2;;2;;2;;2;;2;;2;;2;;05;12;05;1288.6134627
6054692;1;6;1;90;2;;1;10;2;;2;;2;;2;;2;;2;;2;;2;;05;12;05;1288.6134627
6054692;1;7;1;90;2;;1;20;2;;1;20;2;;2;;2;;2;;2;;2;;05;12;05;1288.6134627
6054692;1;9;1;90;2;;1;12;2;;2;;2;;2;;2;;2;;2;;2;;05;12;05;1288.6134627
6054694;1;1;1;90;2;;1;1;2;;2;;2;;2;;2;;2;;2;;2;;05;12;05;1689.1920403
6054694;1;2;1;90;2;;1;28;2;;2;;2;;2;;2;;2;;2;;2;;05;12;05;1689.1920403
6054697;1;1;1;90;2;;2;;2;;2;;2;;2;;2;;2;;2;;2;;05;12;05;1078.5893
6054697;1;2;1;90;2;;2;;2;;2;;2;;2;;2;;2;;2;;2;;05;12;05;1078.5893
6054697;1;3;1;90;2;;2;;2;;2;;2;;2;;2;;2;;2;;2;;05;12;05;1078.5893
6054697;1;4;1;90;2;;2;;2;;2;;2;;2;;2;;2;;2;;2;;05;12;05;1078.5893
6054699;1;1;1;90;2;;1;10;2;;2;;2;;2;;2;;2;;2;;2;;05;12;05;1038.3621909
6054699;1;2;1;90;2;;1;8;2;;2;;2;;2;;2;;2;;2;;2;;05;12;05;1038.3621909
6054699;1;3;1;90;2;;1;10;2;;2;;2;;2;;2;;2;;2;;2;;05;12;05;1038.3621909
6054700;1;1;1;90;2;;1;6;2;;2;;2;;2;;2;;2;;2;;2;;05;12;05;1155.4021972
6054700;1;2;1;90;2;;2;;2;;2;;2;;2;;2;;2;;2;;2;;05;12;05;1155.4021972
6054700;1;3;1;90;2;;2;;2;;2;;2;;2;;2;;2;;2;;2;;05;12;05;1155.4021972
6054701;1;1;1;90;2;;1;2;2;;2;;2;;2;;2;;2;;2;;2;;05;12;05;1296.0920571
6054701;1;2;1;90;2;;1;21;2;;2;;2;;2;;2;;2;;2;;2;;05;12;05;1296.0920571
6054702;1;1;1;90;2;;1;28;2;;1;21;2;;2;;2;;2;;2;;2;;05;12;05;1057.2416569
6054702;1;2;1;90;2;;2;;2;;2;;2;;2;;2;;2;;2;;2;;05;12;05;1057.2416569
6054702;1;3;1;90;2;;1;21;2;;2;;2;;2;;2;;2;;2;;2;;05;12;05;1057.2416569
6054702;1;4;1;90;2;;1;21;2;;2;;2;;2;;2;;2;;2;;2;;05;12;05;1057.2416569
6054703;1;1;1;90;2;;1;24;2;;2;;2;;2;;2;;2;;2;;2;;05;12;05;1269.7689328
6054704;1;1;1;90;2;;1;18;2;;2;;2;;2;;2;;2;;2;;2;;05;12;05;1253.5627375
6054704;1;2;1;90;2;;1;16;2;;2;;2;;2;;2;;2;;2;;2;;05;12;05;1253.5627375
6054705;1;1;1;90;2;;1;30;2;;2;;1;40;2;;2;;2;;2;;2;;05;12;05;1296.0920571
6054705;1;2;1;90;2;;2;;2;;2;;2;;2;;2;;2;;2;;2;;05;12;05;1296.0920571
6054706;1;1;1;90;2;;1;28;2;;2;;2;;2;;2;;2;;2;;2;;05;12;05;1314.9715231
6054706;1;2;1;90;2;;1;5;2;;2;;2;;2;;2;;2;;2;;2;;05;12;05;1314.9715231
6054706;1;3;1;90;2;;1;7;2;;2;;2;;2;;2;;2;;2;;2;;05;12;05;1314.9715231
6054707;1;1;1;90;2;;1;20;1;20;2;;2;;2;;2;;2;;2;;2;;05;12;05;1219.4266146
6054707;1;2;1;90;2;;2;;2;;2;;2;;2;;2;;2;;2;;2;;05;12;05;1219.4266146
6054707;1;3;1;90;2;;2;;2;;2;;2;;2;;2;;2;;2;;2;;05;12;05;1219.4266146
6054708;1;1;1;90;2;;1;16;2;;1;12;2;;2;;2;;2;;2;;2;;05;12;05;1234.6832715
6054709;1;1;1;90;2;;1;30;2;;2;;2;;2;;2;;2;;2;;2;;05;12;05;1136.5227312
6054709;1;2;1;90;2;;1;2;2;;2;;2;;2;;2;;2;;2;;2;;05;12;05;1136.5227312
6054710;1;1;1;90;2;;1;15;2;;1;12;2;;2;;2;;2;;2;;2;;05;12;05;1471.3773889
6054710;1;2;1;90;2;;1;30;2;;1;30;2;;2;;2;;2;;2;;2;;05;12;05;1471.3773889
6054711;1;1;1;90;2;;1;28;2;;2;;2;;2;;2;;2;;2;;2;;05;12;05;1234.6832715
6054713;1;1;1;90;2;;1;8;2;;2;;2;;2;;2;;2;;2;;2;;05;12;05;1365.4612961
6054714;1;1;1;90;2;;1;7;2;;2;;2;;2;;2;;2;;2;;2;;05;12;05;1221.9524306
6054714;1;2;1;90;2;;1;38;2;;2;;2;;2;;2;;2;;2;;2;;05;12;05;1221.9524306
6054714;1;3;1;90;2;;1;12;2;;2;;2;;2;;2;;2;;2;;2;;05;12;05;1221.9524306
6054714;1;4;1;90;2;;2;;2;;2;;2;;2;;2;;2;;2;;2;;05;12;05;1221.9524306
6054714;1;5;1;90;2;;2;;2;;2;;2;;2;;2;;2;;2;;2;;05;12;05;1221.9524306
6054715;1;1;1;90;2;;2;;2;;2;;2;;2;;2;;2;;2;;2;;05;12;05;1004.3920345
6054715;1;2;1;90;2;;1;21;2;;2;;2;;2;;2;;2;;2;;2;;05;12;05;1004.3920345
6054715;1;3;1;90;2;;1;21;2;;2;;2;;2;;2;;2;;2;;2;;05;12;05;1004.3920345
6054715;1;4;1;90;2;;1;4;2;;2;;2;;2;;2;;2;;2;;2;;05;12;05;1004.3920345
6054716;1;1;1;90;2;;1;2;2;;2;;2;;2;;2;;2;;2;;2;;05;12;05;1072.29494
6054716;1;2;1;90;2;;1;21;2;;2;;2;;2;;2;;2;;2;;2;;05;12;05;1072.29494
6054716;1;3;1;90;2;;1;4;2;;2;;2;;2;;2;;2;;2;;2;;05;12;05;1072.29494
6054716;1;4;1;90;2;;1;1;2;;2;;2;;2;;2;;2;;2;;2;;05;12;05;1072.29494
6054717;1;1;1;90;2;;1;12;2;;2;;2;;2;;2;;1;10;2;;2;;05;12;05;1206.8415085
6054717;1;2;1;90;2;;1;2;2;;2;;2;;2;;1;10;2;;2;;2;;05;12;05;1206.8415085
6054722;1;1;1;90;2;;2;;2;;2;;2;;2;;2;;2;;2;;2;;05;12;05;1145.1395333
6054722;1;2;1;90;2;;2;;2;;2;;2;;2;;2;;2;;2;;2;;05;12;05;1145.1395333
6054722;1;3;1;90;2;;1;6;2;;2;;1;56;2;;2;;2;;2;;2;;05;12;05;1145.1395333
6054722;1;4;1;90;2;;1;56;2;;2;;1;50;2;;2;;2;;2;;2;;05;12;05;1145.1395333
6054722;1;5;1;90;2;;1;50;2;;2;;1;60;2;;2;;2;;2;;2;;05;12;05;1145.1395333
6054722;1;6;1;90;2;;1;14;2;;2;;1;40;2;;2;;2;;2;;2;;05;12;05;1145.1395333
6054723;1;1;1;90;2;;2;;2;;2;;2;;2;;2;;2;;2;;2;;05;12;05;1199.2521154
6054723;1;2;1;90;2;;1;24;2;;2;;2;;2;;2;;2;;2;;2;;05;12;05;1199.2521154
6054723;1;3;1;90;2;;1;10;2;;2;;2;;2;;2;;2;;2;;2;;05;12;05;1199.2521154
6054723;1;4;1;90;2;;1;5;2;;2;;2;;2;;2;;2;;2;;2;;05;12;05;1199.2521154
6054723;1;5;1;90;2;;2;;2;;1;35;2;;2;;1;2;2;;2;;2;;05;12;05;1199.2521154
6054723;1;6;1;90;2;;2;;2;;2;;2;;2;;2;;2;;2;;2;;05;12;05;1199.2521154
6054723;1;7;1;90;2;;1;10;2;;2;;2;;2;;2;;2;;2;;2;;05;12;05;1199.2521154
6054725;1;1;1;90;2;;1;3;2;;2;;2;;2;;2;;2;;2;;2;;05;12;05;1170.403175
6054725;1;2;1;90;2;;1;21;2;;2;;2;;2;;2;;2;;2;;2;;05;12;05;1170.403175
6054725;1;3;1;90;2;;2;;2;;2;;2;;2;;2;;2;;2;;2;;05;12;05;1170.403175
6054725;1;4;1;90;2;;2;;2;;2;;2;;2;;2;;2;;2;;2;;05;12;05;1170.403175
6054726;1;1;1;90;2;;1;14;2;;2;;1;12;2;;2;;2;;2;;2;;05;12;05;1391.7844204
6054726;1;2;1;90;2;;2;;2;;2;;2;;2;;2;;2;;2;;2;;05;12;05;1391.7844204
6054727;1;1;1;90;2;;1;12;2;;2;;2;;2;;2;;2;;2;;2;;05;12;05;1391.7844204
6054727;1;2;1;90;2;;1;18;2;;2;;2;;2;;2;;2;;2;;2;;05;12;05;1391.7844204
6054729;1;1;1;90;2;;1;20;2;;2;;2;;2;;2;;2;;2;;2;;05;12;05;1044.453177
6054729;1;2;1;90;2;;1;8;2;;2;;2;;2;;2;;2;;2;;2;;05;12;05;1044.453177
6054729;1;3;1;90;2;;1;12;2;;2;;2;;2;;2;;2;;2;;2;;05;12;05;1044.453177
6054729;1;4;1;90;2;;1;10;2;;2;;2;;2;;2;;2;;2;;2;;05;12;05;1044.453177
6054729;1;5;1;90;2;;1;14;2;;2;;2;;2;;2;;2;;2;;2;;05;12;05;1044.453177
6054730;1;1;1;90;2;;1;30;2;;2;;1;25;2;;2;;2;;2;;2;;05;12;05;1245.6022842
6054730;1;2;1;90;2;;2;;2;;2;;2;;2;;2;;2;;2;;2;;05;12;05;1245.6022842
6054730;1;3;1;90;2;;1;8;2;;2;;1;14;2;;2;;2;;2;;2;;05;12;05;1245.6022842
6054730;1;4;1;90;2;;2;;2;;2;;2;;2;;2;;2;;2;;2;;05;12;05;1245.6022842
6054732;1;1;1;90;2;;1;35;2;;2;;2;;2;;2;;2;;2;;2;;05;12;05;1267.4092762
6054732;1;2;1;90;2;;2;;2;;2;;2;;2;;2;;2;;2;;2;;05;12;05;1267.4092762
6054732;1;3;1;90;2;;2;;2;;2;;2;;2;;2;;2;;2;;2;;05;12;05;1267.4092762
6054732;1;4;1;90;2;;1;21;2;;2;;1;14;2;;2;;2;;2;;2;;05;12;05;1267.4092762
6054732;1;5;1;90;2;;2;;2;;2;;2;;2;;2;;2;;2;;2;;05;12;05;1267.4092762
6054732;1;6;1;90;2;;2;;2;;1;6;2;;2;;2;;2;;2;;2;;05;12;05;1267.4092762
6054733;1;1;1;90;2;;1;6;2;;2;;2;;2;;2;;2;;2;;2;;05;12;05;1372.9049543
6054734;1;1;1;90;2;;2;;2;;2;;2;;2;;2;;2;;2;;2;;05;12;05;1410.6638864
6054734;1;2;1;90;2;;1;20;2;;2;;1;30;2;;2;;2;;2;;2;;05;12;05;1410.6638864
6054734;1;3;1;90;2;;1;20;2;;2;;2;;2;;2;;2;;2;;2;;05;12;05;1410.6638864
6054735;1;1;1;90;2;;1;10;2;;2;;2;;2;;2;;2;;2;;2;;05;12;05;1475.000198
6054735;1;3;1;90;2;;1;18;2;;1;20;2;;2;;2;;2;;2;;2;;05;12;05;1475.000198
6054735;1;4;1;90;2;;1;10;2;;2;;2;;2;;2;;2;;2;;2;;05;12;05;1475.000198
6054735;1;5;1;90;2;;1;10;2;;2;;2;;2;;2;;2;;2;;2;;05;12;05;1475.000198
6054735;1;6;1;90;2;;1;10;2;;2;;2;;2;;2;;2;;2;;2;;05;12;05;1475.000198
6054736;1;1;1;90;2;;1;26;2;;1;20;2;;2;;2;;2;;2;;2;;05;12;05;1511.4034025
6054736;1;2;1;90;2;;1;10;2;;2;;2;;2;;2;;2;;2;;2;;05;12;05;1511.4034025
6054737;1;1;1;90;2;;2;;2;;2;;2;;2;;2;;2;;2;;2;;05;12;05;1269.7689328
6054738;1;1;1;90;2;;1;14;2;;2;;2;;2;;2;;2;;2;;2;;05;12;05;1261.0063958
6054738;1;2;1;90;2;;1;36;2;;2;;2;;2;;2;;2;;2;;2;;05;12;05;1261.0063958
6054746;1;1;1;90;2;;2;;2;;2;;2;;2;;2;;2;;2;;2;;05;12;05;1521.3728768
6054746;1;2;1;90;2;;1;56;2;;1;40;2;;2;;2;;2;;2;;2;;05;12;05;1521.3728768
6054746;1;3;1;90;2;;1;21;2;;1;40;2;;2;;2;;2;;2;;2;;05;12;05;1521.3728768
6054746;1;4;1;90;2;;2;;2;;1;70;2;;2;;2;;2;;2;;2;;05;12;05;1521.3728768
6054748;1;1;1;90;2;;2;;2;;2;;2;;2;;2;;2;;2;;2;;05;12;05;1585.600668
6054748;1;2;1;90;2;;1;25;2;;1;23;2;;2;;2;;2;;2;;2;;05;12;05;1585.600668
6054749;1;1;1;90;2;;1;6;2;;2;;2;;2;;2;;2;;2;;2;;05;12;05;1234.6832715
6054750;1;1;1;90;2;;1;5;2;;2;;2;;2;;2;;2;;2;;2;;05;12;05;1314.9715231
6054750;1;2;1;90;2;;2;;2;;2;;2;;2;;2;;2;;2;;2;;05;12;05;1314.9715231
6054750;1;3;1;90;2;;1;15;2;;2;;2;;2;;2;;2;;2;;2;;05;12;05;1314.9715231
6054752;1;1;1;90;2;;2;;2;;2;;2;;2;;2;;2;;2;;2;;05;12;05;1211.9829563
6054752;1;2;1;90;2;;1;30;2;;2;;2;;2;;2;;2;;2;;2;;05;12;05;1211.9829563
6054752;1;3;1;90;2;;2;;2;;2;;2;;2;;2;;2;;2;;2;;05;12;05;1211.9829563
6054753;1;1;1;90;2;;2;;2;;2;;2;;2;;2;;2;;2;;2;;05;12;05;1176.7498403
6054753;1;2;1;90;2;;1;14;2;;2;;2;;2;;2;;2;;2;;2;;05;12;05;1176.7498403
6054753;1;3;1;90;2;;2;;2;;2;;2;;2;;2;;2;;2;;2;;05;12;05;1176.7498403
6054754;1;1;1;90;2;;2;;1;10;2;;2;;2;;2;;2;;2;;2;;05;12;05;1372.9049543
6054762;1;1;1;90;2;;1;16;2;;2;;2;;2;;2;;2;;2;;2;;05;12;05;1155.4021972
6054762;1;2;1;90;2;;2;;2;;2;;2;;2;;2;;2;;2;;2;;05;12;05;1155.4021972
6054762;1;3;1;90;2;;1;14;2;;2;;2;;2;;2;;2;;2;;2;;05;12;05;1155.4021972
6054763;1;1;1;90;2;;1;28;2;;2;;2;;2;;2;;2;;2;;2;;05;12;05;1391.7844204
6054763;1;2;1;90;2;;1;12;2;;2;;2;;2;;2;;2;;2;;2;;05;12;05;1391.7844204
6054764;1;1;1;90;2;;1;30;2;;2;;2;;2;;2;;2;;2;;2;;05;12;05;1211.9829563
6054764;1;2;1;90;2;;2;;2;;2;;2;;2;;2;;2;;2;;2;;05;12;05;1211.9829563
6054764;1;3;1;90;2;;1;12;2;;2;;2;;2;;2;;2;;2;;2;;05;12;05;1211.9829563
6054765;1;1;1;90;2;;1;32;2;;2;;2;;2;;2;;2;;2;;2;;05;12;05;1579.306308
6054765;1;2;1;90;2;;1;16;2;;1;12;2;;2;;2;;2;;2;;2;;05;12;05;1579.306308
6054766;1;1;1;90;2;;1;26;2;;1;20;2;;2;;2;;2;;2;;2;;05;12;05;1789.6773011
6054766;1;2;1;90;2;;1;12;2;;1;12;2;;2;;2;;2;;2;;2;;05;12;05;1789.6773011
6054767;1;1;1;90;2;;1;12;2;;1;72;2;;2;;2;;2;;2;;2;;05;12;05;1253.5627375
6054767;1;2;1;90;2;;1;14;2;;1;72;1;8;2;;2;;2;;2;;2;;05;12;05;1253.5627375
6054768;1;1;1;90;2;;2;;2;;2;;2;;2;;2;;2;;2;;2;;05;12;05;1273.3917419
6054768;1;2;1;90;2;;1;19;2;;2;;2;;2;;2;;2;;2;;2;;05;12;05;1273.3917419
6054768;1;3;1;90;2;;2;;2;;2;;2;;2;;2;;2;;2;;2;;05;12;05;1273.3917419
6054768;1;4;1;90;2;;1;3;2;;2;;2;;2;;2;;2;;2;;2;;05;12;05;1273.3917419
6054769;1;1;1;90;2;;1;5;2;;2;;2;;2;;2;;2;;2;;2;;05;12;05;1140.1455403
6054769;1;2;1;90;2;;1;30;2;;2;;2;;2;;2;;2;;2;;2;;05;12;05;1140.1455403
6054769;1;3;1;90;2;;1;5;2;;2;;2;;2;;2;;2;;2;;2;;05;12;05;1140.1455403
6054769;1;4;1;90;2;;1;14;2;;2;;2;;2;;2;;2;;2;;2;;05;12;05;1140.1455403
6054769;1;5;1;90;2;;2;;2;;2;;2;;2;;2;;2;;2;;2;;05;12;05;1140.1455403
6054771;1;1;1;90;2;;1;20;2;;2;;2;;2;;2;;2;;2;;2;;05;12;05;1399.2280787
6054771;1;2;1;90;2;;1;20;1;10;2;;2;;2;;2;;2;;2;;2;;05;12;05;1399.2280787
6054772;1;1;1;90;2;;1;35;2;;2;;2;;2;;2;;2;;2;;2;;05;12;05;1372.9049543
6054773;1;1;1;90;2;;2;;2;;2;;2;;2;;2;;2;;2;;2;;05;12;05;1253.5627375
6054773;1;2;1;90;2;;1;14;2;;2;;2;;2;;2;;2;;2;;2;;05;12;05;1253.5627375
6054775;1;1;1;90;2;;1;7;2;;1;14;2;;2;;2;;2;;2;;1;2;05;12;05;1471.3773889
6054775;1;2;1;90;2;;1;35;2;;1;30;2;;2;;2;;2;;2;;2;;05;12;05;1471.3773889
6054776;1;1;1;90;2;;1;35;2;;2;;1;70;2;;2;;2;;2;;2;;05;12;05;1308.6248579
6054776;1;2;1;90;2;;2;;2;;2;;2;;2;;2;;2;;2;;2;;05;12;05;1308.6248579
6054776;1;3;1;90;2;;1;1;2;;2;;1;7;2;;2;;2;;2;;2;;05;12;05;1308.6248579
6054776;1;4;1;90;2;;1;14;2;;2;;2;;2;;2;;2;;2;;2;;05;12;05;1308.6248579
6054777;1;1;1;90;2;;2;;2;;2;;1;35;2;;2;;2;;2;;2;;05;12;05;1261.0063958
6054777;1;2;1;90;2;;1;14;2;;2;;2;;2;;2;;2;;2;;2;;05;12;05;1261.0063958
6054778;1;1;1;90;2;;1;21;2;;2;;2;;2;;2;;2;;2;;2;;05;12;05;1372.9049543
6054779;1;1;1;90;2;;1;12;1;10;1;21;2;;2;;2;;2;;2;;2;;05;12;05;2089.0977473
6054780;1;1;1;90;2;;1;10;2;;2;;2;;2;;2;;2;;2;;2;;05;12;05;1476.1702864
6054780;1;2;1;90;2;;1;2;2;;2;;2;;2;;2;;2;;2;;2;;05;12;05;1476.1702864
6054781;1;1;1;90;2;;1;10;2;;2;;2;;2;;2;;2;;2;;2;;05;12;05;1323.8815148
6054781;1;2;1;90;2;;1;10;2;;2;;2;;2;;2;;2;;2;;2;;05;12;05;1323.8815148
6054782;1;1;1;90;2;;1;2;2;;2;;2;;2;;2;;2;;2;;2;;05;12;05;1305.0020488
6054783;1;1;1;90;2;;2;;2;;1;48;2;;2;;2;;2;;2;;2;;05;12;05;1571.8626497
6054783;1;2;1;90;2;;1;56;2;;1;84;2;;2;;2;;2;;2;;2;;05;12;05;1571.8626497
6054784;1;1;1;90;2;;1;30;2;;2;;2;;2;;2;;2;;2;;2;;05;12;05;1372.9049543
6054785;1;1;1;90;2;;1;30;2;;2;;2;;2;;2;;2;;2;;2;;05;12;05;1184.1934986
6054785;1;2;1;90;2;;1;40;2;;2;;2;;2;;2;;2;;2;;2;;05;12;05;1184.1934986
6054785;1;3;1;90;2;;2;;2;;2;;2;;2;;2;;2;;2;;2;;05;12;05;1184.1934986
6054786;1;1;1;90;2;;1;14;2;;1;14;2;;2;;2;;2;;2;;2;;05;12;05;1373.2168486
6054786;1;2;1;90;2;;1;20;2;;1;14;2;;2;;2;;2;;2;;2;;05;12;05;1373.2168486
6054786;1;3;1;90;2;;2;;2;;2;;2;;2;;2;;2;;2;;2;;05;12;05;1373.2168486
6054788;1;1;1;90;2;;1;7;2;;2;;2;;2;;2;;2;;2;;2;;05;12;05;1136.5227312
6054788;1;2;1;90;2;;2;;2;;2;;2;;2;;2;;2;;2;;2;;05;12;05;1136.5227312
6054789;1;1;1;90;2;;1;10;2;;2;;2;;2;;2;;2;;2;;2;;05;12;05;1136.5227312
6054789;1;2;1;90;2;;1;7;2;;2;;2;;2;;2;;2;;2;;2;;05;12;05;1136.5227312
6054790;1;1;1;90;2;;1;10;2;;2;;2;;2;;2;;1;4;2;;2;;05;12;05;1253.5627375
6054790;1;2;1;90;2;;1;11;2;;2;;2;;2;;2;;2;;2;;2;;05;12;05;1253.5627375
6054791;1;1;1;90;2;;1;7;2;;2;;2;;2;;2;;2;;2;;2;;08;12;08;628.13043341
6054791;1;2;1;90;2;;2;;2;;2;;1;21;2;;2;;2;;2;;2;;08;12;08;628.13043341
6054791;1;3;1;90;2;;2;;2;;2;;2;;2;;2;;2;;2;;2;;08;12;08;628.13043341
6054791;1;4;1;90;2;;2;;2;;2;;2;;2;;2;;2;;2;;2;;08;12;08;628.13043341
6054791;1;5;1;90;2;;1;21;2;;1;30;2;;2;;2;;2;;2;;2;;08;12;08;628.13043341
6054792;1;1;1;90;2;;1;25;2;;2;;2;;2;;2;;2;;2;;2;;08;12;08;703.62351896
6054792;1;2;1;90;2;;1;15;2;;2;;2;;2;;2;;2;;2;;2;;08;12;08;703.62351896
6054793;1;1;1;90;2;;1;14;2;;2;;2;;2;;2;;2;;2;;2;;08;12;08;584.54315518
6054794;1;1;1;90;2;;1;14;2;;1;21;2;;2;;2;;2;;2;;2;;08;12;08;703.62351896
6054794;1;2;1;90;2;;1;21;2;;1;35;2;;2;;2;;2;;2;;2;;08;12;08;703.62351896
6054795;1;1;1;90;2;;1;25;2;;2;;2;;2;;2;;2;;2;;2;;08;12;08;574.10717436
6054795;1;2;1;90;2;;1;15;2;;2;;2;;2;;2;;2;;2;;2;;08;12;08;574.10717436
6054795;1;3;1;90;2;;1;5;2;;2;;2;;2;;2;;2;;2;;2;;08;12;08;574.10717436
6054795;1;4;1;90;2;;2;;2;;2;;2;;2;;2;;2;;2;;2;;08;12;08;574.10717436
6054796;1;1;1;90;2;;1;30;2;;2;;2;;2;;2;;2;;2;;2;;08;12;08;548.96803886
6054796;1;2;1;90;2;;1;24;2;;2;;2;;2;;2;;2;;2;;2;;08;12;08;548.96803886
6054797;1;1;1;90;2;;1;20;2;;1;20;2;;2;;2;;2;;2;;2;;08;12;08;735.92037444
6054797;1;3;1;90;2;;1;20;2;;1;10;2;;2;;2;;2;;2;;2;;08;12;08;735.92037444
6054797;1;4;1;90;2;;2;;2;;2;;2;;2;;2;;2;;2;;2;;08;12;08;735.92037444
6054797;1;5;1;90;2;;2;;2;;2;;2;;2;;2;;2;;2;;2;;08;12;08;735.92037444
6054798;1;1;1;90;2;;1;7;2;;2;;2;;2;;2;;2;;2;;2;;08;12;08;716.19308671
6054798;1;2;1;90;2;;1;15;2;;2;;2;;2;;2;;2;;2;;2;;08;12;08;716.19308671
6054798;1;3;1;90;2;;1;10;2;;2;;2;;2;;2;;2;;2;;2;;08;12;08;716.19308671
6054800;1;1;1;90;2;;1;2;2;;2;;2;;2;;2;;2;;2;;2;;08;12;08;769.02818199
6054800;1;2;1;90;2;;1;21;2;;2;;1;25;2;;2;;2;;2;;2;;08;12;08;769.02818199
6054800;1;3;1;90;2;;1;5;2;;2;;2;;2;;2;;2;;2;;2;;08;12;08;769.02818199
6054800;1;4;1;90;2;;2;;2;;2;;2;;2;;2;;2;;2;;2;;08;12;08;769.02818199
6054800;1;5;1;90;2;;1;4;2;;2;;2;;2;;2;;2;;2;;2;;08;12;08;769.02818199
6054801;1;1;1;90;2;;1;21;2;;2;;2;;2;;2;;2;;2;;2;;08;12;08;694.90631002
6054801;1;2;1;90;2;;1;12;2;;2;;2;;2;;2;;2;;2;;2;;08;12;08;694.90631002
6054801;1;3;1;90;2;;1;6;2;;2;;2;;2;;2;;2;;2;;2;;08;12;08;694.90631002
6054801;2;1;2;90;2;;1;4;2;;2;;2;;2;;2;;2;;2;;2;;08;12;08;694.90631002
6054801;3;1;3;90;2;;1;3;2;;2;;2;;2;;2;;2;;2;;2;;08;12;08;694.90631002
6054802;1;1;1;90;2;;2;;2;;2;;2;;2;;2;;2;;2;;2;;08;12;08;610.49304873
6054802;1;2;1;90;2;;1;21;2;;1;14;1;21;2;;2;;2;;2;;2;;08;12;08;610.49304873
6054802;1;3;1;90;2;;1;14;2;;2;;2;;2;;2;;2;;2;;2;;08;12;08;610.49304873
6054802;1;4;1;90;2;;1;21;2;;1;14;1;14;2;;2;;2;;2;;2;;08;12;08;610.49304873
6054802;1;5;1;90;2;;1;7;2;;2;;2;;2;;2;;2;;2;;2;;08;12;08;610.49304873
6054802;1;6;1;90;2;;1;14;2;;2;;1;21;2;;2;;2;;2;;2;;08;12;08;610.49304873
6054802;1;7;1;90;2;;1;14;2;;2;;2;;2;;2;;2;;2;;2;;08;12;08;610.49304873
6054802;1;8;1;90;2;;1;7;2;;2;;2;;2;;2;;2;;2;;2;;08;12;08;610.49304873
6054803;1;1;1;90;2;;1;10;2;;2;;2;;2;;2;;2;;2;;2;;08;12;08;528.43748656
6054803;1;2;1;90;2;;2;;2;;2;;2;;2;;2;;2;;2;;2;;08;12;08;528.43748656
6054803;1;3;1;90;2;;1;5;2;;2;;2;;2;;2;;2;;2;;2;;08;12;08;528.43748656
6054803;1;4;1;90;2;;2;;2;;2;;2;;2;;2;;2;;2;;2;;08;12;08;528.43748656
6054803;1;5;1;90;2;;1;10;2;;1;10;2;;2;;2;;2;;2;;2;;08;12;08;528.43748656
6054803;1;6;1;90;2;;1;25;2;;1;40;2;;2;;2;;2;;2;;2;;08;12;08;528.43748656
6054804;1;1;1;90;2;;2;;2;;2;;2;;2;;2;;2;;2;;2;;08;12;08;488.84626078
6054804;1;2;1;90;2;;1;18;2;;2;;1;50;2;;2;;2;;2;;2;;08;12;08;488.84626078
6054804;1;3;1;90;2;;1;14;2;;2;;2;;2;;2;;2;;2;;2;;08;12;08;488.84626078
6054805;1;1;1;90;2;;1;24;2;;2;;2;;2;;2;;2;;2;;2;;08;12;08;661.10982121
6054805;1;2;1;90;2;;1;30;2;;2;;2;;2;;2;;2;;2;;2;;08;12;08;661.10982121
6054805;1;3;1;90;2;;2;;2;;2;;2;;2;;2;;2;;2;;2;;08;12;08;661.10982121
6054806;1;1;1;90;2;;1;36;2;;2;;2;;2;;2;;2;;2;;2;;08;12;08;552.25244865
6054806;1;2;1;90;2;;1;2;2;;2;;2;;2;;2;;2;;2;;2;;08;12;08;552.25244865
6054806;1;3;1;90;2;;1;4;2;;2;;2;;2;;2;;2;;2;;2;;08;12;08;552.25244865
6054806;1;4;1;90;2;;1;21;2;;2;;2;;2;;2;;2;;2;;2;;08;12;08;552.25244865
6054807;1;1;1;90;2;;1;10;2;;2;;2;;2;;2;;2;;2;;2;;08;12;08;647.94934305
6054807;1;2;1;90;2;;1;17;2;;2;;2;;2;;2;;2;;2;;2;;08;12;08;647.94934305
6054808;1;1;1;90;2;;1;12;2;;2;;2;;2;;2;;2;;2;;2;;08;12;08;579.54877315
6054808;1;2;1;90;2;;1;4;2;;2;;2;;2;;2;;2;;2;;2;;08;12;08;579.54877315
6054808;1;3;1;90;2;;1;7;2;;2;;2;;2;;2;;2;;2;;2;;08;12;08;579.54877315
6054808;1;4;1;90;2;;2;;2;;2;;2;;2;;2;;2;;2;;2;;08;12;08;579.54877315
6054809;1;1;1;90;2;;1;10;2;;1;10;2;;2;;2;;2;;2;;2;;08;12;08;700.81498961
6054809;1;2;1;90;2;;1;20;2;;2;;2;;2;;2;;2;;2;;2;;08;12;08;700.81498961
6054809;1;3;1;90;2;;1;3;2;;2;;2;;2;;2;;2;;2;;2;;08;12;08;700.81498961
6054809;1;4;1;90;2;;2;;2;;2;;2;;2;;2;;2;;2;;2;;08;12;08;700.81498961
6054810;1;1;1;90;2;;1;10;2;;2;;2;;2;;2;;2;;2;;2;;08;12;08;522.70939486
6054810;1;2;1;90;2;;1;18;2;;2;;2;;2;;2;;2;;2;;2;;08;12;08;522.70939486
6054810;1;3;1;90;2;;1;5;2;;2;;2;;2;;2;;2;;2;;2;;08;12;08;522.70939486
6054811;1;1;1;90;2;;1;15;2;;2;;2;;2;;2;;2;;2;;2;;08;12;08;584.54315518
6054812;1;1;1;90;2;;2;;2;;2;;2;;2;;2;;2;;2;;2;;08;12;08;688.46023269
6054812;1;2;1;90;2;;1;15;2;;2;;2;;2;;2;;2;;2;;2;;08;12;08;688.46023269
6054812;1;3;1;90;2;;1;7;2;;2;;2;;2;;2;;2;;2;;2;;08;12;08;688.46023269
6054812;1;4;1;90;2;;1;18;2;;2;;1;40;2;;2;;2;;2;;2;;08;12;08;688.46023269
6054813;1;1;1;90;2;;1;24;2;;2;;2;;2;;2;;2;;2;;2;;08;12;08;605.52596106
6054813;1;2;1;90;2;;1;21;2;;2;;2;;2;;2;;2;;2;;2;;08;12;08;605.52596106
6054813;1;3;1;90;2;;2;;2;;2;;2;;2;;2;;2;;2;;2;;08;12;08;605.52596106
6054813;1;6;1;90;2;;2;;2;;2;;2;;2;;2;;2;;2;;2;;08;12;08;605.52596106
6054814;1;1;1;90;2;;1;3;2;;2;;2;;2;;2;;2;;2;;2;;08;12;08;608.52387793
6054814;1;2;1;90;2;;1;20;2;;2;;2;;2;;2;;2;;2;;2;;08;12;08;608.52387793
6054814;1;3;1;90;2;;2;;2;;2;;2;;2;;2;;2;;2;;2;;08;12;08;608.52387793
6054815;1;1;1;90;2;;1;10;2;;1;15;2;;2;;2;;2;;2;;2;;08;12;08;692.30811957
6054815;1;2;1;90;2;;1;40;2;;1;60;2;;2;;2;;2;;2;;2;;08;12;08;692.30811957
6054816;1;1;1;90;2;;2;;2;;2;;2;;2;;2;;2;;2;;2;;08;12;08;665.36325622
6054816;1;2;1;90;2;;1;36;2;;2;;2;;2;;2;;2;;2;;2;;08;12;08;665.36325622
6054816;1;3;1;90;2;;1;6;2;;2;;2;;2;;2;;2;;2;;2;;08;12;08;665.36325622
6054816;1;4;1;90;2;;1;2;2;;2;;2;;2;;2;;2;;2;;2;;08;12;08;665.36325622
6054817;1;1;1;90;2;;1;21;2;;1;30;2;;2;;2;;2;;2;;2;;08;12;08;706.37732065
6054817;1;2;1;90;2;;2;;2;;2;;2;;2;;2;;2;;2;;2;;08;12;08;706.37732065
6054817;1;3;1;90;2;;2;;2;;2;;2;;2;;2;;2;;2;;2;;08;12;08;706.37732065
6054818;1;1;1;90;2;;1;14;2;;2;;2;;2;;2;;2;;2;;2;;08;12;08;483.57217547
6054818;1;2;1;90;2;;1;10;2;;2;;2;;2;;2;;2;;2;;2;;08;12;08;483.57217547
6054818;1;3;1;90;2;;1;7;2;;2;;2;;2;;2;;2;;2;;2;;08;12;08;483.57217547
6054818;1;4;1;90;2;;1;17;2;;2;;2;;2;;2;;2;;2;;2;;08;12;08;483.57217547
6054820;1;1;1;90;2;;1;24;2;;1;45;2;;2;;2;;2;;2;;2;;08;12;08;617.80903589
6054820;1;2;1;90;2;;2;;2;;2;;2;;2;;2;;2;;2;;2;;08;12;08;617.80903589
6054821;1;1;1;90;2;;2;;2;;1;20;2;;2;;2;;2;;2;;2;;08;12;08;703.62351896
6054821;1;2;1;90;2;;1;20;2;;1;20;2;;2;;2;;2;;2;;2;;08;12;08;703.62351896
6054822;1;1;1;90;2;;1;10;2;;2;;2;;2;;2;;2;;2;;2;;08;12;08;522.70939486
6054822;1;2;1;90;2;;1;20;2;;2;;2;;2;;2;;2;;2;;2;;08;12;08;522.70939486
6054822;1;3;1;90;2;;2;;2;;2;;2;;2;;2;;2;;2;;2;;08;12;08;522.70939486
6054823;1;1;1;90;2;;1;5;2;;2;;2;;2;;2;;2;;2;;2;;08;12;08;602.0778006
6054823;1;2;1;90;2;;2;;2;;2;;2;;2;;2;;2;;2;;2;;08;12;08;602.0778006
6054824;1;1;1;90;2;;1;15;2;;2;;1;15;2;;2;;2;;2;;2;;08;12;08;528.2717259
6054824;1;2;1;90;2;;2;;2;;2;;2;;2;;2;;2;;2;;2;;08;12;08;528.2717259
6054825;1;1;1;90;2;;1;5;2;;2;;2;;2;;2;;2;;2;;2;;08;12;08;652.79368848
6054825;1;2;1;90;2;;1;25;2;;1;15;2;;2;;2;;2;;2;;2;;08;12;08;652.79368848
6054825;1;3;1;90;2;;1;10;2;;2;;2;;2;;2;;2;;2;;2;;08;12;08;652.79368848
6054826;1;1;1;90;2;;1;4;2;;2;;2;;2;;2;;2;;2;;2;;08;12;08;688.77602996
6054826;1;2;1;90;2;;1;4;2;;2;;2;;2;;2;;2;;2;;2;;08;12;08;688.77602996
6054826;1;3;1;90;2;;1;40;2;;2;;2;;2;;2;;2;;2;;2;;08;12;08;688.77602996
6054826;1;4;1;90;2;;2;;2;;2;;2;;2;;2;;2;;2;;2;;08;12;08;688.77602996
6054827;1;1;1;90;2;;1;21;2;;1;28;2;;2;;2;;2;;2;;2;;08;12;08;711.93965169
6054827;1;2;1;90;2;;1;21;2;;1;21;2;;2;;2;;2;;2;;2;;08;12;08;711.93965169
6054828;1;1;1;90;2;;1;21;2;;2;;2;;2;;2;;2;;2;;2;;08;12;08;647.94934305
6054828;1;2;1;90;2;;2;;2;;2;;2;;2;;2;;2;;2;;2;;08;12;08;647.94934305
6054829;1;1;1;90;2;;1;3;2;;2;;2;;2;;2;;2;;2;;2;;08;12;08;704.22077233
6054830;1;1;1;90;2;;1;17;2;;1;25;2;;2;;2;;2;;2;;2;;08;12;08;516.27010717
6054830;1;2;1;90;2;;1;14;2;;1;21;2;;2;;2;;2;;2;;2;;08;12;08;516.27010717
6054830;1;3;1;90;2;;1;10;2;;2;;2;;2;;2;;2;;2;;2;;08;12;08;516.27010717
6054831;1;1;1;90;2;;1;20;2;;2;;2;;2;;2;;2;;2;;2;;08;12;08;638.13357699
6054831;1;2;1;90;2;;2;;2;;2;;2;;2;;2;;2;;2;;2;;08;12;08;638.13357699
6054832;1;1;1;90;2;;1;17;2;;2;;2;;2;;2;;2;;2;;2;;08;12;08;664.79530721
6054832;1;2;1;90;2;;1;17;2;;2;;2;;2;;2;;2;;2;;2;;08;12;08;664.79530721
6054834;1;1;1;90;2;;1;25;2;;1;35;2;;2;;2;;2;;2;;2;;08;12;08;613.55560087
6054835;1;1;1;90;2;;1;10;2;;1;20;2;;2;;2;;2;;2;;2;;08;12;08;617.21178252
6054835;1;3;1;90;2;;1;10;2;;1;20;2;;2;;2;;2;;2;;2;;08;12;08;617.21178252
6054835;1;4;1;90;2;;2;;2;;2;;2;;2;;2;;2;;2;;2;;08;12;08;617.21178252
6054836;1;1;1;90;2;;1;36;2;;2;;2;;2;;2;;2;;2;;2;;08;12;08;567.69719102
6054837;1;1;1;90;2;;1;21;2;;1;15;2;;2;;2;;2;;2;;2;;08;12;08;710.63075567
6054837;1;2;1;90;2;;1;2;2;;2;;2;;2;;2;;2;;2;;2;;08;12;08;710.63075567
6054837;1;3;1;90;2;;1;5;2;;2;;2;;2;;2;;2;;2;;2;;08;12;08;710.63075567
6054837;2;1;2;90;2;;1;15;2;;2;;2;;2;;2;;2;;2;;2;;08;12;08;710.63075567
6054838;1;1;1;90;2;;1;10;2;;1;20;2;;2;;2;;2;;2;;2;;08;12;08;679.92928913
6054838;1;2;1;90;2;;2;;2;;1;15;2;;2;;2;;2;;2;;2;;08;12;08;679.92928913
6054838;1;3;1;90;2;;1;3;2;;2;;2;;2;;2;;2;;2;;2;;08;12;08;679.92928913
6054839;1;1;1;90;2;;1;20;2;;2;;2;;2;;2;;2;;2;;2;;08;12;08;476.56318594
6054839;1;2;1;90;2;;2;;2;;2;;2;;2;;2;;2;;2;;2;;08;12;08;476.56318594
6054839;1;5;1;90;2;;2;;2;;2;;2;;2;;2;;2;;2;;2;;08;12;08;476.56318594
6054839;1;6;1;90;2;;2;;2;;2;;2;;2;;2;;2;;2;;2;;08;12;08;476.56318594
6054839;1;7;1;90;2;;1;10;2;;2;;2;;2;;2;;2;;2;;2;;08;12;08;476.56318594
6054841;1;1;1;90;2;;2;;2;;2;;2;;2;;2;;2;;2;;2;;08;12;08;584.54315518
6054842;1;1;1;90;2;;1;1;2;;2;;2;;2;;2;;2;;2;;2;;08;12;08;643.59316877
6054842;1;2;1;90;2;;2;;2;;2;;2;;2;;2;;2;;2;;2;;08;12;08;643.59316877
6054842;1;3;1;90;2;;2;;2;;2;;2;;2;;2;;2;;2;;2;;08;12;08;643.59316877
6054842;1;4;1;90;2;;1;6;2;;2;;2;;2;;2;;2;;2;;2;;08;12;08;643.59316877
6054842;1;5;1;90;2;;1;16;2;;2;;2;;2;;2;;2;;2;;2;;08;12;08;643.59316877
6054843;1;1;1;90;2;;1;5;2;;2;;2;;2;;2;;2;;2;;2;;08;12;08;621.8717336
6054844;1;1;1;90;2;;1;10;2;;2;;2;;2;;2;;2;;2;;2;;08;12;08;665.48398847
6054844;1;2;1;90;2;;1;20;2;;2;;1;15;2;;2;;2;;2;;2;;08;12;08;665.48398847
6054844;1;3;1;90;2;;2;;2;;2;;2;;2;;2;;2;;2;;2;;08;12;08;665.48398847
6054845;1;1;1;90;2;;1;35;2;;1;35;2;;2;;2;;2;;2;;2;;08;12;08;685.49162017
6054845;1;2;1;90;2;;1;14;2;;1;7;2;;2;;2;;2;;2;;2;;08;12;08;685.49162017
6054846;1;1;1;90;2;;2;;2;;2;;2;;2;;2;;2;;2;;2;;08;12;08;721.75541775
6054846;1;2;1;90;2;;1;20;2;;2;;2;;2;;2;;2;;2;;2;;08;12;08;721.75541775
6054847;1;1;1;90;2;;2;;2;;2;;2;;2;;2;;2;;2;;2;;08;12;08;714.02955474
6054847;1;2;1;90;2;;1;25;2;;1;40;2;;2;;2;;2;;2;;2;;08;12;08;714.02955474
6054847;1;4;1;90;2;;1;14;2;;2;;2;;2;;2;;2;;2;;2;;08;12;08;714.02955474
6054847;1;5;1;90;2;;1;21;2;;1;15;2;;2;;2;;2;;2;;2;;08;12;08;714.02955474
6054847;1;6;1;90;2;;1;22;2;;2;;2;;2;;2;;2;;2;;2;;08;12;08;714.02955474
6054847;1;7;1;90;2;;2;;2;;2;;2;;2;;2;;2;;2;;2;;08;12;08;714.02955474
6054848;1;1;1;90;2;;2;;2;;2;;2;;2;;2;;2;;2;;2;;08;12;08;733.0458405
6054848;1;2;1;90;2;;1;40;2;;1;24;2;;2;;2;;2;;2;;2;;08;12;08;733.0458405
6054848;1;3;1;90;2;;1;2;2;;2;;2;;2;;2;;2;;2;;2;;08;12;08;733.0458405
6054848;1;5;1;90;2;;1;16;2;;2;;2;;2;;2;;2;;2;;2;;08;12;08;733.0458405
6054849;1;1;1;90;2;;1;10;2;;2;;2;;2;;2;;2;;2;;2;;08;12;08;665.36325622
6054849;1;2;1;90;2;;1;24;2;;2;;2;;2;;2;;2;;2;;2;;08;12;08;665.36325622
6054849;1;3;1;90;2;;1;14;2;;2;;2;;2;;2;;2;;2;;2;;08;12;08;665.36325622
6054849;1;4;1;90;2;;2;;2;;2;;2;;2;;2;;2;;2;;2;;08;12;08;665.36325622
6054850;1;1;1;90;2;;2;;2;;2;;2;;2;;2;;2;;2;;2;;08;12;08;588.9837737
6054850;1;2;1;90;2;;1;15;2;;1;10;1;20;2;;2;;2;;2;;2;;08;12;08;588.9837737
6054850;1;3;1;90;2;;1;15;2;;2;;2;;2;;2;;2;;2;;2;;08;12;08;588.9837737
6054850;1;4;1;90;2;;1;15;2;;1;20;2;;2;;2;;2;;2;;2;;08;12;08;588.9837737
6054850;1;6;1;90;2;;1;10;2;;1;15;2;;2;;2;;2;;2;;2;;08;12;08;588.9837737
6054851;1;1;1;90;2;;1;21;2;;1;21;2;;2;;2;;2;;2;;2;;08;12;08;641.78975864
6054851;1;2;1;90;2;;1;21;2;;1;21;2;;2;;2;;2;;2;;2;;08;12;08;641.78975864
6054851;1;3;1;90;2;;1;7;2;;1;7;2;;2;;2;;2;;2;;2;;08;12;08;641.78975864
6054851;1;5;1;90;2;;1;35;2;;1;42;2;;2;;2;;2;;2;;2;;08;12;08;641.78975864
6054852;1;1;1;90;2;;1;15;2;;2;;2;;2;;2;;2;;2;;2;;08;12;08;641.50326572
6054853;1;1;1;90;2;;1;7;2;;2;;2;;2;;2;;2;;2;;2;;08;12;08;559.25334239
6054853;1;2;1;90;2;;1;17;2;;1;35;2;;2;;2;;2;;2;;2;;08;12;08;559.25334239
6054853;1;3;1;90;2;;2;;2;;2;;2;;2;;2;;2;;2;;2;;08;12;08;559.25334239
6054853;1;5;1;90;2;;1;7;2;;2;;2;;2;;2;;2;;2;;2;;08;12;08;559.25334239
6054853;1;6;1;90;2;;2;;2;;2;;2;;2;;2;;2;;2;;2;;08;12;08;559.25334239
6054853;1;7;1;90;2;;1;10;2;;1;14;2;;2;;2;;2;;2;;2;;08;12;08;559.25334239
6054853;1;8;1;90;2;;1;10;2;;1;21;2;;2;;2;;2;;2;;2;;08;12;08;559.25334239
6054854;1;1;1;90;2;;1;15;2;;2;;2;;2;;2;;2;;2;;2;;08;12;08;455.15433246
6054854;1;2;1;90;2;;1;10;2;;2;;2;;2;;2;;2;;2;;2;;08;12;08;455.15433246
6054854;1;3;1;90;2;;1;10;2;;2;;2;;2;;2;;2;;2;;2;;08;12;08;455.15433246
6054855;1;1;1;90;2;;1;15;2;;2;;2;;2;;2;;2;;2;;2;;08;12;08;647.94934305
6054855;1;2;1;90;2;;1;15;2;;2;;1;15;2;;2;;2;;2;;2;;08;12;08;647.94934305
6054856;1;1;1;90;2;;1;25;2;;1;35;2;;2;;2;;2;;2;;2;;08;12;08;702.12388563
6054856;1;2;1;90;2;;1;7;2;;2;;2;;2;;2;;2;;2;;2;;08;12;08;702.12388563
6054857;1;1;1;90;2;;1;14;2;;1;14;2;;2;;2;;2;;2;;2;;08;12;08;729.47429711
6054857;1;2;1;90;2;;1;28;2;;1;35;2;;2;;2;;2;;2;;2;;08;12;08;729.47429711
6054857;1;4;1;90;2;;1;35;2;;1;28;2;;2;;2;;2;;2;;2;;08;12;08;729.47429711
6054858;1;1;1;90;2;;1;10;2;;2;;2;;2;;2;;2;;2;;2;;08;12;08;652.79368848
6054858;1;2;1;90;2;;2;;2;;2;;2;;2;;2;;2;;2;;2;;08;12;08;652.79368848
6054858;1;3;1;90;2;;1;2;2;;2;;2;;2;;2;;2;;2;;2;;08;12;08;652.79368848
6054859;1;1;1;90;2;;2;;2;;2;;2;;2;;2;;2;;2;;2;;08;12;08;551.24797011
6054859;1;2;1;90;2;;1;30;2;;2;;2;;2;;2;;2;;2;;2;;08;12;08;551.24797011
6054859;1;3;1;90;2;;1;12;2;;2;;2;;2;;2;;2;;2;;2;;08;12;08;551.24797011
6054860;1;1;1;90;2;;1;20;2;;2;;2;;2;;2;;2;;2;;2;;08;12;08;665.48398847
6054860;1;2;1;90;2;;1;15;2;;2;;2;;2;;2;;2;;2;;2;;08;12;08;665.48398847
6054860;1;3;1;90;2;;2;;2;;2;;2;;2;;2;;2;;2;;2;;08;12;08;665.48398847
6054861;1;1;1;90;2;;2;;2;;2;;2;;2;;2;;2;;2;;2;;08;12;08;610.27999072
6054861;1;2;1;90;2;;1;18;2;;2;;2;;2;;2;;2;;2;;2;;08;12;08;610.27999072
6054861;1;3;1;90;2;;1;3;2;;2;;2;;2;;2;;2;;2;;2;;08;12;08;610.27999072
6054861;1;4;1;90;2;;1;30;2;;1;40;2;;2;;2;;2;;2;;2;;08;12;08;610.27999072
6054862;1;1;1;90;2;;1;10;2;;2;;2;;2;;2;;2;;2;;2;;08;12;08;567.69719102
6054863;1;1;1;90;2;;1;7;2;;2;;2;;2;;2;;2;;2;;2;;08;12;08;704.22077233
6054864;1;1;1;90;2;;1;5;2;;2;;2;;2;;2;;2;;2;;2;;08;12;08;490.60237357
6054864;1;2;1;90;2;;1;25;2;;2;;2;;2;;2;;2;;2;;2;;08;12;08;490.60237357
6054864;1;3;1;90;2;;2;;2;;2;;2;;2;;2;;2;;2;;2;;08;12;08;490.60237357
6054864;1;4;1;90;2;;1;5;2;;2;;2;;2;;2;;2;;2;;2;;08;12;08;490.60237357
6054865;1;1;1;90;2;;1;20;2;;2;;2;;2;;2;;2;;2;;2;;08;12;08;647.94934305
6054865;1;2;1;90;2;;1;18;2;;2;;2;;2;;2;;2;;2;;2;;08;12;08;647.94934305
6054866;1;1;1;90;2;;2;;2;;2;;2;;2;;2;;2;;2;;2;;08;12;08;545.80637132
6054866;1;2;1;90;2;;1;15;2;;2;;2;;2;;2;;2;;2;;2;;08;12;08;545.80637132
6054866;1;3;1;90;2;;1;5;2;;2;;2;;2;;2;;2;;2;;2;;08;12;08;545.80637132
6054867;1;1;1;90;2;;1;28;2;;2;;2;;2;;2;;2;;2;;2;;08;12;08;528.2717259
6054867;1;2;1;90;2;;1;21;2;;2;;2;;2;;2;;2;;2;;2;;08;12;08;528.2717259
6054868;1;1;1;90;2;;1;14;2;;2;;2;;2;;2;;2;;2;;2;;08;12;08;704.22077233
6054869;1;1;1;90;2;;1;5;2;;2;;2;;2;;2;;2;;2;;2;;08;12;08;473.92217008
6054869;1;2;1;90;2;;1;20;2;;1;25;2;;2;;2;;2;;2;;2;;08;12;08;473.92217008
6054869;1;3;1;90;2;;1;7;2;;2;;2;;2;;2;;2;;2;;2;;08;12;08;473.92217008
6054869;1;4;1;90;2;;2;;2;;2;;2;;2;;2;;2;;2;;2;;08;12;08;473.92217008
6054869;1;5;1;90;2;;1;15;2;;2;;2;;2;;2;;2;;2;;2;;08;12;08;473.92217008
6054869;1;6;1;90;2;;1;6;2;;2;;2;;2;;2;;2;;2;;2;;08;12;08;473.92217008
6054869;1;7;1;90;2;;1;15;2;;1;15;2;;2;;2;;2;;2;;2;;08;12;08;473.92217008
6054869;1;8;1;90;2;;2;;2;;2;;2;;2;;2;;2;;2;;2;;08;12;08;473.92217008
6054870;1;1;1;90;2;;1;5;2;;1;20;2;;2;;2;;2;;2;;2;;08;12;08;652.79368848
6054870;1;2;1;90;2;;1;15;2;;1;15;2;;2;;2;;2;;2;;2;;08;12;08;652.79368848
6054870;1;3;1;90;2;;1;15;2;;2;;2;;2;;2;;2;;2;;2;;08;12;08;652.79368848
6054871;1;1;1;90;2;;1;15;2;;2;;2;;2;;2;;2;;2;;1;4;08;12;08;641.50326572
6054872;1;1;1;90;2;;1;3;2;;2;;2;;2;;2;;2;;2;;2;;08;12;08;522.11214149
6054872;1;2;1;90;2;;1;20;2;;2;;2;;2;;2;;2;;2;;2;;08;12;08;522.11214149
6054872;1;3;1;90;2;;1;15;2;;1;20;2;;2;;2;;2;;2;;2;;08;12;08;522.11214149
6054872;1;5;1;90;2;;2;;2;;2;;2;;2;;2;;2;;2;;2;;08;12;08;522.11214149
6054874;1;1;1;90;2;;2;;2;;2;;2;;2;;2;;2;;2;;2;;08;12;08;685.49162017
6054874;1;2;1;90;2;;1;21;2;;1;35;2;;2;;2;;2;;2;;2;;08;12;08;685.49162017
6054875;1;1;1;90;2;;1;3;2;;2;;2;;2;;2;;2;;2;;2;;08;12;08;654.86559854
6054875;1;2;1;90;2;;1;36;2;;1;24;2;;2;;2;;2;;2;;2;;08;12;08;654.86559854
6054875;1;3;1;90;2;;1;21;2;;2;;2;;2;;2;;2;;2;;2;;08;12;08;654.86559854
6054875;1;4;1;90;2;;1;4;2;;2;;2;;2;;2;;2;;2;;2;;08;12;08;654.86559854
6054876;1;1;1;90;2;;2;;2;;2;;2;;2;;2;;2;;2;;2;;08;12;08;678.64446663
6054876;1;2;1;90;2;;1;15;2;;1;15;2;;2;;2;;2;;2;;2;;08;12;08;678.64446663
6054876;1;3;1;90;2;;2;;2;;2;;2;;2;;2;;2;;2;;2;;08;12;08;678.64446663
6054876;1;5;1;90;2;;1;15;2;;2;;2;;2;;2;;2;;2;;2;;08;12;08;678.64446663
6054877;1;1;1;90;2;;1;4;2;;2;;2;;2;;2;;2;;2;;2;;08;12;08;618.40628926
6054879;1;1;1;90;2;;2;;2;;2;;2;;2;;2;;2;;2;;2;;08;12;08;796.44523874
6054879;1;2;1;90;2;;1;35;2;;2;;2;;2;;2;;2;;2;;2;;08;12;08;796.44523874
6054879;1;3;1;90;2;;2;;2;;2;;2;;2;;2;;2;;2;;2;;08;12;08;796.44523874
6054879;1;4;1;90;2;;1;14;2;;2;;2;;2;;2;;2;;2;;2;;08;12;08;796.44523874
6054881;1;1;1;90;2;;1;14;2;;2;;2;;2;;2;;2;;2;;2;;08;12;08;590.67343524
6054881;1;2;1;90;2;;1;17;2;;2;;2;;2;;2;;2;;2;;2;;08;12;08;590.67343524
6054882;1;1;1;90;2;;1;15;2;;2;;2;;2;;2;;2;;2;;2;;08;12;08;635.94093468
6054882;1;2;1;90;2;;1;10;2;;2;;2;;2;;2;;2;;2;;2;;08;12;08;635.94093468
6054884;1;1;1;90;2;;1;5;2;;2;;2;;2;;2;;2;;2;;2;;08;12;08;704.22077233
6054886;1;1;1;90;2;;1;4;2;;2;;2;;2;;2;;2;;2;;2;;08;12;08;721.75541775
6054886;1;2;1;90;2;;1;21;2;;2;;2;;2;;2;;2;;2;;2;;08;12;08;721.75541775
6054887;1;1;1;90;2;;2;;2;;2;;2;;2;;2;;2;;2;;2;;08;12;08;729.47429711
6054887;1;2;1;90;2;;2;;2;;2;;2;;2;;2;;2;;2;;2;;08;12;08;729.47429711
6054887;1;4;1;90;2;;2;;2;;2;;2;;2;;2;;2;;2;;2;;08;12;08;729.47429711
6054888;1;1;1;90;2;;1;20;2;;2;;2;;2;;2;;2;;2;;2;;08;12;08;647.94934305
6054888;1;2;1;90;2;;1;3;2;;2;;2;;2;;2;;2;;2;;2;;08;12;08;647.94934305
6054889;1;1;1;90;2;;1;15;2;;2;;2;;2;;2;;2;;2;;2;;08;12;08;579.6695054
6054889;1;2;1;90;2;;1;15;2;;2;;2;;2;;2;;2;;2;;2;;08;12;08;579.6695054
6054889;1;3;1;90;2;;1;5;2;;2;;2;;2;;2;;2;;2;;2;;08;12;08;579.6695054
6054890;1;1;1;90;2;;2;;2;;2;;2;;2;;2;;2;;2;;2;;08;12;08;721.75541775
6054890;1;2;1;90;2;;1;30;2;;2;;2;;2;;2;;2;;2;;2;;08;12;08;721.75541775
6054891;1;1;1;90;2;;2;;2;;2;;2;;2;;2;;2;;2;;2;;08;12;08;552.25244865
6054891;1;2;1;90;2;;2;;2;;2;;2;;2;;2;;2;;2;;2;;08;12;08;552.25244865
6054891;1;3;1;90;2;;1;15;2;;2;;1;40;2;;2;;2;;2;;2;;08;12;08;552.25244865
6054891;1;4;1;90;2;;1;5;2;;2;;1;18;2;;2;;2;;2;;2;;08;12;08;552.25244865
6054893;1;1;1;90;2;;1;21;2;;1;35;2;;2;;2;;2;;2;;2;;08;12;08;652.79368848
6054893;1;2;1;90;2;;1;14;2;;1;7;2;;2;;2;;2;;2;;2;;08;12;08;652.79368848
6054893;1;3;1;90;2;;1;21;2;;2;;2;;2;;2;;2;;2;;2;;08;12;08;652.79368848
6054894;1;1;1;90;2;;2;;2;;1;15;2;;2;;2;;2;;2;;2;;08;12;08;637.53632362
6054894;1;4;1;90;2;;2;;2;;2;;2;;2;;2;;2;;2;;2;;08;12;08;637.53632362
6054894;1;5;1;90;2;;1;15;2;;1;20;2;;2;;2;;2;;2;;2;;08;12;08;637.53632362
6054895;1;1;1;90;2;;2;;2;;2;;2;;2;;2;;2;;2;;2;;08;12;08;693.8077529
6054895;1;2;1;90;2;;1;10;2;;2;;2;;2;;2;;2;;2;;2;;08;12;08;693.8077529
6054896;1;1;1;90;2;;2;;2;;1;15;2;;2;;2;;2;;2;;2;;08;12;08;706.37732065
6054896;1;2;1;90;2;;1;20;2;;1;20;2;;2;;2;;2;;2;;2;;08;12;08;706.37732065
6054896;1;3;1;90;2;;2;;2;;2;;2;;2;;2;;2;;2;;2;;08;12;08;706.37732065
6054897;1;1;1;90;2;;2;;2;;1;12;2;;2;;2;;2;;2;;2;;08;12;08;600.46422466
6054897;1;2;1;90;2;;1;14;2;;1;18;2;;2;;2;;2;;2;;2;;08;12;08;600.46422466
6054897;1;3;1;90;2;;1;5;2;;2;;2;;2;;2;;2;;2;;2;;08;12;08;600.46422466
6054897;1;6;1;90;2;;1;12;2;;2;;2;;2;;2;;2;;2;;2;;08;12;08;600.46422466
6054900;1;1;1;90;2;;1;21;2;;2;;2;;2;;2;;2;;2;;2;;08;12;08;641.50326572
6054901;1;1;1;90;2;;1;28;2;;1;21;2;;2;;2;;2;;2;;2;;08;12;08;501.58203587
6054901;1;2;1;90;2;;1;14;2;;1;7;2;;2;;2;;2;;2;;2;;08;12;08;501.58203587
6054901;1;3;1;90;2;;1;21;2;;1;21;2;;2;;2;;2;;2;;2;;08;12;08;501.58203587
6054901;1;4;1;90;2;;1;21;2;;1;35;2;;2;;2;;2;;2;;2;;08;12;08;501.58203587
6054901;1;5;1;90;2;;1;14;2;;1;21;2;;2;;2;;2;;2;;2;;08;12;08;501.58203587
6054901;1;6;1;90;2;;1;14;2;;2;;2;;2;;2;;2;;2;;2;;08;12;08;501.58203587
6054901;1;8;1;90;2;;1;7;2;;1;14;2;;2;;2;;2;;2;;2;;08;12;08;501.58203587
6054901;1;9;1;90;2;;1;14;2;;2;;2;;2;;2;;2;;2;;2;;08;12;08;501.58203587
6054901;1;11;1;90;2;;2;;2;;1;14;2;;2;;2;;2;;2;;2;;08;12;08;501.58203587
6054901;1;12;1;90;2;;1;28;2;;1;35;2;;2;;2;;2;;2;;2;;08;12;08;501.58203587
6054902;1;1;1;90;2;;1;12;2;;2;;2;;2;;2;;2;;2;;2;;08;12;08;704.22077233
6054903;1;1;1;90;2;;2;;2;;2;;2;;2;;2;;2;;2;;2;;08;12;08;662.69842051
6054903;1;2;1;90;2;;1;20;2;;1;20;2;;2;;2;;2;;2;;2;;08;12;08;662.69842051
6054903;1;5;1;90;2;;2;;2;;2;;2;;2;;2;;2;;2;;2;;08;12;08;662.69842051
6054904;1;1;1;90;2;;2;;2;;2;;2;;2;;2;;2;;2;;2;;08;12;08;729.47429711
6054904;1;2;1;90;2;;1;15;2;;1;20;2;;2;;2;;2;;2;;2;;08;12;08;729.47429711
6054904;1;4;1;90;2;;1;21;2;;1;35;2;;2;;2;;2;;2;;2;;08;12;08;729.47429711
6054905;1;1;1;90;2;;1;6;2;;2;;2;;2;;2;;2;;2;;2;;08;12;08;608.52387793
6054905;1;2;1;90;2;;1;20;2;;2;;2;;2;;2;;2;;2;;2;;08;12;08;608.52387793
6054905;1;3;1;90;2;;2;;2;;2;;2;;2;;2;;2;;2;;2;;08;12;08;608.52387793
6054906;1;1;1;90;2;;1;35;2;;1;35;2;;2;;2;;2;;2;;2;;08;12;08;441.07968628
6054906;1;2;1;90;2;;1;21;2;;1;21;2;;2;;2;;2;;2;;2;;08;12;08;441.07968628
6054906;1;3;1;90;2;;1;14;2;;2;;2;;2;;2;;2;;2;;2;;08;12;08;441.07968628
6054906;1;4;1;90;2;;1;21;2;;2;;2;;2;;2;;2;;2;;2;;08;12;08;441.07968628
6054906;1;8;1;90;2;;1;35;2;;1;35;2;;2;;2;;2;;2;;2;;08;12;08;441.07968628
6054906;1;9;1;90;2;;2;;2;;2;;2;;2;;2;;2;;2;;2;;08;12;08;441.07968628
6054907;1;1;1;90;2;;1;7;2;;2;;2;;2;;2;;2;;2;;2;;08;12;08;574.13013575
6054907;1;2;1;90;2;;1;18;2;;1;45;2;;2;;2;;2;;2;;2;;08;12;08;574.13013575
6054908;1;1;1;90;2;;1;5;2;;2;;2;;2;;2;;2;;2;;2;;08;12;08;685.49162017
6054908;1;2;1;90;2;;1;15;2;;2;;2;;2;;2;;2;;2;;2;;08;12;08;685.49162017
6054909;1;1;1;90;2;;2;;2;;1;4;2;;2;;2;;2;;2;;2;;08;12;08;685.49162017
6054909;1;2;1;90;2;;1;21;2;;1;30;2;;2;;2;;2;;2;;2;;08;12;08;685.49162017
6054910;1;1;1;90;2;;2;;2;;2;;2;;2;;2;;2;;2;;2;;08;12;08;693.8077529
6054910;1;2;1;90;2;;1;12;2;;2;;2;;2;;2;;2;;2;;2;;08;12;08;693.8077529
6054911;1;1;1;90;2;;1;12;2;;1;35;2;;2;;2;;2;;2;;2;;08;12;08;631.68749966
6054912;1;1;1;90;2;;1;12;2;;2;;2;;2;;2;;2;;2;;2;;08;12;08;683.01863389
6054912;1;2;1;90;2;;1;20;2;;2;;2;;2;;2;;2;;2;;2;;08;12;08;683.01863389
6054912;1;3;1;90;2;;1;22;2;;2;;2;;2;;2;;2;;2;;2;;08;12;08;683.01863389
6054912;1;4;1;90;2;;1;12;2;;2;;2;;2;;1;30;2;;2;;2;;08;12;08;683.01863389
6054913;1;1;1;90;2;;2;;2;;1;20;2;;2;;2;;2;;2;;2;;08;12;08;635.25904305
6054913;1;2;1;90;2;;1;20;2;;1;20;2;;2;;2;;2;;2;;2;;08;12;08;635.25904305
6054914;1;1;1;90;2;;2;;2;;2;;2;;2;;2;;2;;2;;2;;08;12;08;728.20149508
6054914;1;2;1;90;2;;2;;2;;2;;2;;2;;2;;2;;2;;2;;08;12;08;728.20149508
6054914;1;3;1;90;2;;1;30;2;;2;;2;;2;;2;;2;;2;;2;;08;12;08;728.20149508
6054915;1;1;1;90;2;;1;12;2;;2;;2;;2;;2;;2;;2;;2;;08;12;08;585.11110419
6054915;1;2;1;90;2;;1;10;2;;2;;2;;2;;2;;2;;2;;2;;08;12;08;585.11110419
6054915;1;3;1;90;2;;1;6;2;;2;;2;;2;;2;;2;;2;;2;;08;12;08;585.11110419
6054916;1;1;1;90;2;;1;10;2;;2;;2;;2;;2;;2;;2;;2;;08;12;08;567.69719102
6054917;1;1;1;90;2;;2;;2;;2;;2;;2;;2;;2;;2;;2;;08;12;08;596.5222592
6054917;1;2;1;90;2;;1;15;2;;2;;2;;2;;2;;2;;2;;2;;08;12;08;596.5222592
6054917;1;3;1;90;2;;2;;2;;2;;2;;2;;2;;2;;2;;2;;08;12;08;596.5222592
6054917;1;5;1;90;2;;1;15;2;;1;25;2;;2;;2;;2;;2;;2;;08;12;08;596.5222592
6054918;1;1;1;90;2;;2;;2;;2;;2;;2;;2;;2;;2;;2;;08;12;08;578.98082414
6054918;1;2;1;90;2;;1;14;2;;2;;2;;2;;2;;2;;2;;2;;08;12;08;578.98082414
6054919;1;1;1;90;2;;1;28;2;;2;;2;;2;;2;;2;;2;;2;;08;12;08;664.79530721
6054919;1;2;1;90;2;;1;21;2;;2;;2;;2;;2;;2;;2;;2;;08;12;08;664.79530721
6054920;1;1;1;90;2;;1;3;2;;2;;2;;2;;2;;2;;2;;2;;08;12;08;625.9377911
6054920;1;2;1;90;2;;1;20;2;;2;;2;;2;;2;;2;;2;;2;;08;12;08;625.9377911
6054920;1;3;1;90;2;;2;;2;;2;;2;;2;;2;;2;;2;;2;;08;12;08;625.9377911
6054920;1;4;1;90;2;;2;;2;;2;;2;;2;;2;;2;;2;;2;;08;12;08;625.9377911
6054920;1;5;1;90;2;;1;6;2;;2;;2;;2;;2;;2;;2;;2;;08;12;08;625.9377911
6054921;1;1;1;90;2;;1;28;2;;2;;2;;2;;2;;2;;2;;2;;08;12;08;560.81962099
6054921;1;2;1;90;2;;1;27;2;;1;25;2;;2;;2;;2;;2;;2;;08;12;08;560.81962099
6054921;1;3;1;90;2;;1;5;2;;2;;2;;2;;2;;2;;2;;2;;08;12;08;560.81962099
6054921;1;5;1;90;2;;2;;2;;1;12;2;;2;;2;;2;;2;;2;;08;12;08;560.81962099
6054921;1;6;1;90;2;;1;15;2;;1;20;2;;2;;2;;2;;2;;2;;08;12;08;560.81962099
6054924;1;1;1;90;2;;2;;2;;2;;2;;2;;2;;2;;2;;2;;08;12;08;698.06118792
6054924;1;2;1;90;2;;1;25;2;;2;;2;;2;;2;;2;;2;;2;;08;12;08;698.06118792
6054924;1;3;1;90;2;;2;;2;;2;;2;;2;;2;;2;;2;;2;;08;12;08;698.06118792
6054925;1;1;1;90;2;;1;35;2;;1;35;2;;2;;2;;2;;2;;2;;08;12;08;619.21704731
6054925;1;2;1;90;2;;1;14;2;;2;;2;;2;;2;;2;;2;;2;;08;12;08;619.21704731
6054925;1;3;1;90;2;;1;21;2;;2;;2;;2;;2;;2;;2;;2;;08;12;08;619.21704731
6054925;1;4;1;90;2;;1;28;2;;1;35;2;;2;;2;;2;;2;;2;;08;12;08;619.21704731
6054925;1;5;1;90;2;;1;21;2;;1;14;2;;2;;2;;2;;2;;2;;08;12;08;619.21704731
6054925;1;6;1;90;2;;2;;2;;2;;2;;2;;2;;2;;2;;2;;08;12;08;619.21704731
6054926;1;1;1;90;2;;1;5;2;;2;;2;;2;;2;;2;;2;;2;;08;12;08;563.8243275
6054926;1;2;1;90;2;;1;12;2;;2;;2;;2;;2;;2;;2;;2;;08;12;08;563.8243275
6054926;1;3;1;90;2;;1;15;2;;2;;2;;2;;2;;2;;2;;2;;08;12;08;563.8243275
6054926;1;4;1;90;2;;1;5;2;;2;;2;;2;;2;;2;;2;;2;;08;12;08;563.8243275
6054926;1;5;1;90;2;;1;18;2;;2;;2;;2;;2;;2;;2;;2;;08;12;08;563.8243275
6054928;1;1;1;90;2;;1;3;2;;2;;2;;2;;2;;2;;2;;2;;08;12;08;602.0778006
6054928;1;2;1;90;2;;1;20;2;;2;;2;;2;;2;;2;;2;;2;;08;12;08;602.0778006
6054929;1;1;1;90;2;;1;5;2;;1;5;2;;2;;2;;2;;2;;2;;08;12;08;702.12388563
6054929;1;2;1;90;2;;1;20;2;;1;25;2;;2;;2;;2;;2;;2;;08;12;08;702.12388563
6054931;1;1;1;90;2;;2;;2;;2;;2;;2;;2;;2;;2;;2;;08;12;08;671.9169332
6054931;1;2;1;90;2;;2;;2;;2;;2;;2;;2;;2;;2;;2;;08;12;08;671.9169332
6054931;1;3;1;90;2;;1;25;2;;1;42;2;;2;;2;;2;;2;;2;;08;12;08;671.9169332
6054931;1;6;1;90;2;;1;5;2;;2;;2;;2;;2;;2;;2;;2;;08;12;08;671.9169332
6054936;1;1;1;90;2;;2;;2;;2;;2;;2;;2;;2;;2;;2;;08;12;08;655.54749016
6054936;1;2;1;90;2;;1;30;2;;1;12;2;;2;;2;;2;;2;;2;;08;12;08;655.54749016
6054936;1;3;1;90;2;;2;;2;;2;;2;;2;;2;;2;;2;;2;;08;12;08;655.54749016
6054936;1;4;1;90;2;;1;24;2;;2;;2;;2;;2;;2;;2;;2;;08;12;08;655.54749016
6054937;1;1;1;90;2;;2;;2;;2;;2;;2;;2;;2;;2;;2;;08;12;08;670.92558727
6054937;1;2;1;90;2;;1;14;2;;2;;2;;2;;2;;2;;2;;2;;08;12;08;670.92558727
6054937;1;3;1;90;2;;1;14;2;;2;;2;;2;;2;;2;;2;;2;;08;12;08;670.92558727
6054938;1;1;1;90;2;;1;21;2;;2;;2;;2;;2;;2;;2;;2;;08;12;08;671.9169332
6054938;1;2;1;90;2;;1;21;2;;1;21;2;;2;;2;;2;;2;;2;;08;12;08;671.9169332
6054938;1;4;1;90;2;;1;35;2;;1;35;2;;2;;2;;2;;2;;2;;08;12;08;671.9169332
6054938;1;5;1;90;2;;1;14;2;;1;21;2;;2;;2;;2;;2;;2;;08;12;08;671.9169332
6054939;1;1;1;90;2;;2;;2;;2;;2;;2;;2;;2;;2;;2;;08;12;08;685.49162017
6054939;1;2;1;90;2;;1;12;2;;1;16;2;;2;;2;;2;;2;;2;;08;12;08;685.49162017
6054940;1;1;1;90;2;;1;18;2;;1;7;2;;2;;2;;2;;2;;2;;08;12;08;642.37368539
6054940;1;2;1;90;2;;2;;2;;2;;2;;2;;2;;2;;2;;2;;08;12;08;642.37368539
6054940;1;3;1;90;2;;2;;2;;2;;2;;2;;2;;2;;2;;2;;08;12;08;642.37368539
6054940;1;4;1;90;2;;1;20;2;;1;45;2;;2;;2;;2;;2;;2;;08;12;08;642.37368539
6054940;1;5;1;90;2;;2;;2;;2;;2;;2;;2;;2;;2;;2;;08;12;08;642.37368539
6054940;1;7;1;90;2;;2;;2;;2;;2;;2;;2;;2;;2;;2;;08;12;08;642.37368539
6054940;1;8;1;90;2;;1;24;2;;1;28;2;;2;;2;;2;;2;;2;;08;12;08;642.37368539
6054940;1;11;1;90;2;;1;20;2;;1;15;2;;2;;2;;2;;2;;2;;08;12;08;642.37368539
6054940;1;13;1;90;2;;1;14;2;;1;26;2;;2;;2;;2;;2;;2;;08;12;08;642.37368539
6054941;1;1;1;90;2;;1;35;2;;1;35;2;;2;;2;;2;;2;;2;;08;12;08;713.90882249
6054941;1;2;1;90;2;;1;14;2;;2;;2;;2;;2;;2;;2;;2;;08;12;08;713.90882249
6054941;1;3;1;90;2;;1;21;2;;2;;2;;2;;2;;2;;2;;2;;08;12;08;713.90882249
6054941;1;4;1;90;2;;1;14;2;;1;21;2;;2;;2;;2;;2;;2;;08;12;08;713.90882249
6054941;1;5;1;90;2;;1;21;2;;1;35;2;;2;;2;;2;;2;;2;;08;12;08;713.90882249
6054941;1;7;1;90;2;;1;21;2;;1;28;2;;2;;2;;2;;2;;2;;08;12;08;713.90882249
6054941;1;8;1;90;2;;2;;2;;2;;2;;2;;2;;2;;2;;2;;08;12;08;713.90882249
6054942;1;1;1;90;2;;2;;2;;2;;2;;2;;2;;2;;2;;2;;08;12;08;645.85245635
6054942;1;2;1;90;2;;1;6;2;;2;;2;;2;;2;;2;;2;;2;;08;12;08;645.85245635
6054942;1;3;1;90;2;;1;24;2;;2;;2;;2;;2;;2;;2;;2;;08;12;08;645.85245635
6054943;1;1;1;90;2;;1;10;2;;2;;2;;2;;2;;2;;2;;2;;08;12;08;573.41849309
6054943;1;2;1;90;2;;1;5;2;;2;;2;;2;;2;;2;;2;;2;;08;12;08;573.41849309
6054943;1;3;1;90;2;;1;12;2;;2;;2;;2;;2;;2;;2;;2;;08;12;08;573.41849309
6054944;1;1;1;90;2;;2;;2;;2;;2;;2;;2;;2;;2;;2;;08;12;08;477.32116316
6054944;1;2;1;90;2;;1;14;2;;2;;2;;2;;2;;2;;2;;2;;08;12;08;477.32116316
6054944;1;3;1;90;2;;2;;2;;2;;2;;2;;2;;2;;2;;2;;08;12;08;477.32116316
6054944;1;4;1;90;2;;1;21;2;;2;;2;;2;;2;;2;;2;;2;;08;12;08;477.32116316
6054945;1;1;1;90;2;;1;8;2;;1;12;2;;2;;2;;2;;2;;2;;08;12;08;698.06118792
6054945;1;2;1;90;2;;1;15;2;;1;35;2;;2;;2;;2;;2;;2;;08;12;08;698.06118792
6054945;1;3;1;90;2;;2;;2;;2;;2;;2;;2;;2;;2;;2;;08;12;08;698.06118792
6054946;1;1;1;90;2;;2;;2;;2;;2;;2;;2;;2;;2;;2;;08;12;08;578.3903604
6054946;1;2;1;90;2;;1;21;2;;1;30;2;;2;;2;;2;;2;;2;;08;12;08;578.3903604
6054946;1;5;1;90;2;;1;14;2;;2;;1;21;2;;2;;2;;2;;2;;08;12;08;578.3903604
6054946;1;6;1;90;2;;2;;2;;2;;2;;2;;2;;2;;2;;2;;08;12;08;578.3903604
6054947;1;1;1;90;2;;1;18;2;;2;;2;;2;;2;;2;;2;;2;;08;12;08;578.98082414
6054947;1;2;1;90;2;;1;12;2;;2;;2;;2;;2;;2;;2;;2;;08;12;08;578.98082414
6054948;1;1;1;90;2;;1;21;2;;1;8;2;;2;;2;;2;;2;;2;;08;12;08;602.96154688
6054948;1;2;1;90;2;;1;10;2;;2;;2;;2;;2;;2;;2;;2;;08;12;08;602.96154688
6054948;1;3;1;90;2;;1;4;2;;2;;2;;2;;2;;2;;2;;2;;08;12;08;602.96154688
6054948;1;4;1;90;2;;1;12;2;;2;;2;;2;;2;;2;;2;;2;;08;12;08;602.96154688
6054949;1;1;1;90;2;;2;;2;;2;;2;;2;;2;;2;;2;;2;;08;12;08;609.09182694
6054949;1;2;1;90;2;;1;7;2;;1;21;2;;2;;2;;2;;2;;2;;08;12;08;609.09182694
6054949;1;3;1;90;2;;1;14;2;;2;;2;;2;;2;;2;;2;;2;;08;12;08;609.09182694
6054949;1;4;1;90;2;;2;;2;;2;;2;;2;;2;;2;;2;;2;;08;12;08;609.09182694
6054949;1;5;1;90;2;;1;21;2;;1;14;2;;2;;2;;2;;2;;2;;08;12;08;609.09182694
6054950;1;1;1;90;2;;1;24;2;;2;;2;;2;;2;;2;;2;;2;;08;12;08;590.39197914
6054950;1;2;1;90;2;;1;24;2;;2;;2;;2;;2;;2;;2;;2;;08;12;08;590.39197914
6054950;1;3;1;90;2;;2;;2;;2;;2;;2;;2;;2;;2;;2;;08;12;08;590.39197914
6054951;1;1;1;90;2;;1;3;2;;2;;2;;2;;2;;2;;2;;2;;08;12;08;528.2717259
6054951;1;2;1;90;2;;1;20;2;;2;;2;;2;;2;;2;;2;;2;;08;12;08;528.2717259
6054952;1;1;1;90;2;;2;;2;;2;;2;;2;;2;;2;;2;;2;;08;12;08;616.24275729
6054952;1;2;1;90;2;;1;17;2;;1;35;2;;2;;2;;2;;2;;2;;08;12;08;616.24275729
6054952;1;4;1;90;2;;1;14;2;;2;;2;;2;;2;;2;;2;;2;;08;12;08;616.24275729
6054952;1;5;1;90;2;;1;17;2;;1;21;2;;2;;2;;2;;2;;2;;08;12;08;616.24275729
6054953;1;1;1;90;2;;2;;2;;2;;2;;2;;2;;2;;2;;2;;08;12;08;698.06118792
6054953;1;2;1;90;2;;1;21;2;;1;30;2;;2;;2;;2;;2;;2;;08;12;08;698.06118792
6054953;1;3;1;90;2;;2;;2;;2;;2;;2;;2;;2;;2;;2;;08;12;08;698.06118792
6054954;1;1;1;90;2;;1;15;2;;1;12;2;;2;;2;;2;;2;;2;;08;12;08;585.11110419
6054954;1;2;1;90;2;;1;12;2;;2;;2;;2;;2;;2;;2;;2;;08;12;08;585.11110419
6054954;1;3;1;90;2;;1;4;2;;2;;2;;2;;2;;2;;2;;2;;08;12;08;585.11110419
6054955;1;1;1;90;2;;2;;2;;2;;2;;2;;2;;2;;2;;2;;08;12;08;626.05852335
6054955;1;2;1;90;2;;1;36;2;;2;;2;;2;;2;;2;;2;;2;;08;12;08;626.05852335
6054955;1;3;1;90;2;;2;;2;;2;;2;;2;;2;;2;;2;;2;;08;12;08;626.05852335
6054955;1;4;1;90;2;;1;6;2;;2;;2;;2;;2;;2;;2;;2;;08;12;08;626.05852335
6054956;1;1;1;90;2;;2;;2;;2;;2;;2;;2;;2;;2;;2;;08;12;08;643.57517578
6054956;1;2;1;90;2;;1;25;2;;1;30;2;;2;;2;;2;;2;;2;;08;12;08;643.57517578
6054958;1;1;1;90;2;;1;24;2;;2;;2;;2;;2;;2;;2;;2;;08;12;08;605.23946814
6054959;1;1;1;90;2;;1;7;2;;2;;2;;2;;2;;2;;2;;2;;08;12;08;537.95977606
6054959;1;2;1;90;2;;1;7;2;;2;;1;21;2;;2;;2;;2;;2;;08;12;08;537.95977606
6054959;1;3;1;90;2;;2;;2;;2;;2;;2;;2;;2;;2;;2;;08;12;08;537.95977606
6054959;1;4;1;90;2;;1;14;2;;1;25;2;;2;;2;;2;;2;;2;;08;12;08;537.95977606
6054959;1;6;1;90;2;;1;10;2;;2;;2;;2;;2;;2;;2;;2;;08;12;08;537.95977606
6054959;1;7;1;90;2;;1;7;2;;1;10;2;;2;;2;;2;;2;;2;;08;12;08;537.95977606
6054959;1;8;1;90;2;;2;;2;;2;;2;;2;;2;;2;;2;;2;;08;12;08;537.95977606
6054959;1;9;1;90;2;;2;;2;;2;;2;;2;;2;;2;;2;;2;;08;12;08;537.95977606
6054960;1;1;1;90;2;;2;;2;;2;;2;;2;;2;;2;;2;;2;;08;12;08;522.11214149
6054960;1;2;1;90;2;;1;15;2;;1;15;2;;2;;2;;2;;2;;2;;08;12;08;522.11214149
6054960;1;3;1;90;2;;1;15;1;25;2;;2;;2;;2;;2;;2;;2;;08;12;08;522.11214149
6054960;1;4;1;90;2;;2;;2;;2;;2;;2;;2;;2;;2;;2;;08;12;08;522.11214149
6054961;1;1;1;90;2;;1;21;2;;2;;2;;2;;2;;2;;2;;2;;08;12;08;584.63458307
6054961;1;2;1;90;2;;1;21;2;;2;;2;;2;;2;;2;;2;;2;;08;12;08;584.63458307
6054961;1;3;1;90;2;;1;6;2;;2;;2;;2;;2;;2;;2;;2;;08;12;08;584.63458307
6054964;1;1;1;90;2;;2;;2;;2;;2;;2;;2;;2;;2;;2;;08;12;08;778.31333995
6054964;1;2;1;90;2;;1;21;2;;2;;2;;2;;2;;2;;2;;2;;08;12;08;778.31333995
6054964;1;3;1;90;2;;2;;2;;2;;2;;2;;2;;2;;2;;2;;08;12;08;778.31333995
6054964;1;4;1;90;2;;1;2;2;;2;;2;;2;;2;;2;;2;;2;;08;12;08;778.31333995
6054965;1;1;1;90;2;;1;12;2;;2;;2;;2;;2;;2;;2;;2;;08;12;08;553.1897076
6054965;1;2;1;90;2;;1;12;2;;2;;2;;2;;2;;2;;2;;2;;08;12;08;553.1897076
6054965;1;3;1;90;2;;1;30;2;;2;;2;;2;;2;;2;;2;;2;;08;12;08;553.1897076
6054965;1;4;1;90;2;;2;;2;;2;;2;;2;;2;;2;;2;;2;;08;12;08;553.1897076
6054966;1;1;1;90;2;;1;2;2;;2;;2;;2;;2;;2;;2;;2;;08;12;08;800.81306304
6054966;1;2;1;90;2;;1;21;2;;2;;2;;2;;2;;2;;2;;2;;08;12;08;800.81306304
6054966;1;3;1;90;2;;1;1;2;;2;;2;;2;;2;;2;;2;;2;;08;12;08;800.81306304
6054966;1;4;1;90;2;;2;;2;;2;;2;;2;;2;;2;;2;;2;;08;12;08;800.81306304
6054966;1;5;1;90;2;;1;21;2;;1;24;2;;2;;2;;2;;2;;2;;08;12;08;800.81306304
6054967;1;1;1;90;2;;1;17;2;;2;;2;;2;;2;;2;;2;;2;;08;12;08;653.39094184
6054967;1;2;1;90;2;;2;;2;;2;;2;;2;;2;;2;;2;;2;;08;12;08;653.39094184
6054968;1;1;1;90;2;;1;5;2;;2;;2;;2;;2;;2;;2;;2;;08;12;08;721.75541775
6054968;1;2;1;90;2;;1;15;2;;2;;2;;2;;2;;2;;2;;2;;08;12;08;721.75541775
6054969;1;1;1;90;2;;1;7;2;;2;;2;;2;;2;;2;;2;;2;;08;12;08;528.2717259
6054969;1;2;1;90;2;;1;15;2;;2;;2;;2;;2;;2;;2;;2;;08;12;08;528.2717259
6054970;1;1;1;90;2;;1;6;2;;2;;2;;2;;2;;2;;2;;2;;08;12;08;721.75541775
6054970;1;2;1;90;2;;1;36;2;;2;;2;;2;;2;;2;;2;;2;;08;12;08;721.75541775
6054971;1;1;1;90;2;;1;7;2;;2;;2;;2;;2;;2;;2;;2;;08;12;08;729.60271686
6054971;1;2;1;90;2;;1;21;2;;2;;2;;2;;2;;2;;2;;2;;08;12;08;729.60271686
6054971;1;3;1;90;2;;2;;2;;2;;2;;2;;2;;2;;2;;2;;08;12;08;729.60271686
6054971;1;4;1;90;2;;2;;2;;2;;2;;2;;2;;2;;2;;2;;08;12;08;729.60271686
6054971;1;5;1;90;2;;2;;2;;2;;2;;2;;2;;2;;2;;2;;08;12;08;729.60271686
6054971;1;6;1;90;2;;2;;2;;2;;2;;2;;2;;2;;2;;2;;08;12;08;729.60271686
6054972;1;1;1;90;2;;1;4;2;;2;;2;;2;;2;;2;;2;;2;;08;12;08;693.8077529
6054972;1;2;1;90;2;;1;40;2;;1;24;2;;2;;2;;2;;2;;2;;08;12;08;693.8077529
6054973;1;1;1;90;2;;1;10;2;;2;;2;;2;;2;;2;;2;;2;;08;12;08;530.42827422
6054973;1;2;1;90;2;;1;5;2;;1;15;2;;2;;2;;2;;2;;2;;08;12;08;530.42827422
6054973;1;3;1;90;2;;1;20;2;;1;15;2;;2;;2;;2;;2;;2;;08;12;08;530.42827422
6054973;1;5;1;90;2;;2;;2;;2;;2;;2;;2;;2;;2;;2;;08;12;08;530.42827422
6054974;1;1;1;90;2;;2;;2;;1;17;2;;2;;2;;2;;2;;2;;08;12;08;782.37603766
6054974;1;2;1;90;2;;1;17;2;;1;30;2;;2;;2;;2;;2;;2;;08;12;08;782.37603766
6054974;1;5;1;90;2;;1;10;2;;2;;2;;2;;2;;2;;2;;2;;08;12;08;782.37603766
6054975;1;1;1;90;2;;1;21;2;;2;;2;;2;;2;;2;;2;;2;;08;12;08;516.86736054
6054975;1;2;1;90;2;;1;2;2;;2;;2;;2;;2;;2;;2;;2;;08;12;08;516.86736054
6054976;1;1;1;90;2;;1;12;2;;2;;2;;2;;2;;2;;2;;2;;08;12;08;664.79530721
6054976;1;2;1;90;2;;1;12;2;;2;;2;;2;;2;;2;;2;;2;;08;12;08;664.79530721
6054977;1;1;1;90;2;;1;21;2;;1;21;1;14;2;;2;;2;;2;;2;;08;12;08;521.71170596
6054977;1;2;1;90;2;;1;28;2;;1;21;2;;2;;2;;2;;2;;2;;08;12;08;521.71170596
6054977;1;3;1;90;2;;1;4;2;;2;;2;;2;;2;;2;;2;;2;;08;12;08;521.71170596
6054978;1;1;1;90;2;;1;17;2;;2;;2;;2;;2;;2;;2;;2;;08;12;08;585.23183644
6054978;1;2;1;90;2;;1;12;2;;2;;2;;2;;2;;2;;2;;2;;08;12;08;585.23183644
6054979;1;1;1;90;2;;1;15;2;;2;;2;;2;;2;;2;;2;;2;;08;12;08;618.40628926
6054981;1;1;1;90;2;;1;2;2;;2;;2;;2;;2;;2;;2;;2;;08;12;08;688.24542186
6054981;1;2;1;90;2;;1;36;2;;1;30;2;;2;;2;;2;;2;;2;;08;12;08;688.24542186
6054981;1;5;1;90;2;;1;4;2;;2;;2;;2;;2;;2;;2;;2;;08;12;08;688.24542186
6054982;1;1;1;90;2;;1;10;2;;2;;2;;2;;2;;2;;2;;2;;08;12;08;625.34732737
6054982;1;2;1;90;2;;1;25;2;;1;15;2;;2;;2;;2;;2;;2;;08;12;08;625.34732737
6054982;1;5;1;90;2;;2;;2;;2;;2;;2;;2;;2;;2;;2;;08;12;08;625.34732737
6054982;1;6;1;90;2;;1;15;2;;2;;1;15;2;;2;;2;;2;;1;40;08;12;08;625.34732737
6054982;1;7;1;90;2;;2;;2;;2;;2;;2;;2;;2;;2;;2;;08;12;08;625.34732737
6054982;1;8;1;90;2;;1;10;2;;2;;2;;2;;2;;2;;2;;2;;08;12;08;625.34732737
6054982;1;9;1;90;2;;1;5;2;;2;;2;;2;;2;;2;;2;;2;;08;12;08;625.34732737
6054985;1;1;1;90;2;;1;15;2;;2;;2;;2;;2;;2;;2;;2;;08;12;08;585.11110419
6054985;1;2;1;90;2;;1;10;2;;2;;2;;2;;2;;2;;2;;2;;08;12;08;585.11110419
6054985;1;3;1;90;2;;1;10;2;;2;;2;;2;;2;;2;;2;;2;;08;12;08;585.11110419
6054990;1;1;1;90;2;;1;17;2;;2;;2;;2;;2;;2;;2;;2;;08;12;08;585.11110419
6054990;1;2;1;90;2;;1;14;2;;2;;2;;2;;2;;2;;2;;2;;08;12;08;585.11110419
6054990;1;3;1;90;2;;1;7;2;;2;;2;;2;;2;;2;;2;;2;;08;12;08;585.11110419
6054996;1;1;1;90;2;;1;10;2;;2;;2;;2;;2;;2;;2;;2;;11;12;11;4461.4446521
6054996;1;2;1;90;2;;1;20;2;;1;10;2;;2;;2;;2;;2;;2;;11;12;11;4461.4446521
6054996;1;3;1;90;2;;1;10;2;;1;5;2;;2;;2;;2;;2;;2;;11;12;11;4461.4446521
6054997;1;1;1;90;2;;1;30;2;;2;;2;;2;;2;;2;;2;;2;;11;12;11;3742.1583604
6054998;1;1;1;90;2;;2;;2;;2;;2;;2;;2;;2;;2;;2;;11;12;11;3244.2600073
6054998;1;2;1;90;2;;1;20;2;;2;;2;;2;;2;;2;;2;;2;;11;12;11;3244.2600073
6054998;1;3;1;90;2;;1;5;2;;2;;2;;2;;2;;2;;2;;2;;11;12;11;3244.2600073
6054998;1;4;1;90;2;;1;10;2;;2;;2;;2;;2;;2;;2;;2;;11;12;11;3244.2600073
6054999;1;1;1;90;2;;1;5;2;;2;;2;;2;;2;;2;;2;;2;;11;12;11;4578.5423286
6054999;1;2;1;90;2;;1;30;2;;1;10;2;;2;;2;;2;;2;;2;;11;12;11;4578.5423286
6055000;1;1;1;90;2;;1;32;2;;2;;2;;2;;2;;2;;2;;2;;11;12;11;3701.6276761
6055000;1;2;1;90;2;;1;20;2;;2;;2;;2;;2;;2;;2;;2;;11;12;11;3701.6276761
6055000;1;3;1;90;2;;1;5;2;;2;;2;;2;;2;;2;;2;;2;;11;12;11;3701.6276761
6055001;1;1;1;90;2;;1;6;2;;2;;2;;2;;2;;2;;2;;2;;11;12;11;3381.6230259
6055001;1;2;1;90;2;;1;3;2;;2;;2;;2;;2;;2;;2;;2;;11;12;11;3381.6230259
6055004;1;1;1;90;2;;1;24;2;;2;;2;;2;;2;;2;;2;;2;;11;12;11;3264.5253494
6055004;1;2;1;90;2;;1;6;2;;2;;2;;2;;2;;2;;2;;2;;11;12;11;3264.5253494
6055004;1;3;1;90;2;;1;9;2;;2;;2;;2;;2;;2;;2;;2;;11;12;11;3264.5253494
6055005;1;1;1;90;2;;2;;2;;2;;2;;2;;2;;2;;2;;2;;11;12;11;3625.4058621
6055005;1;2;1;90;2;;1;3;2;;2;;2;;2;;2;;2;;2;;2;;11;12;11;3625.4058621
6055005;1;3;1;90;2;;1;3;2;;2;;2;;2;;2;;2;;2;;2;;11;12;11;3625.4058621
6055006;1;1;1;90;2;;1;14;2;;2;;2;;2;;2;;2;;2;;2;;11;12;11;4240.2283435
6055006;1;2;1;90;2;;1;30;2;;2;;2;;2;;2;;2;;2;;2;;11;12;11;4240.2283435
6055007;1;1;1;90;2;;1;32;2;;1;18;2;;2;;2;;2;;2;;2;;11;12;11;6983.898866
6055007;1;2;1;90;2;;1;9;2;;1;9;2;;2;;2;;2;;2;;2;;11;12;11;6983.898866
6055007;1;3;1;90;2;;1;12;2;;2;;2;;2;;2;;2;;2;;2;;11;12;11;6983.898866
6055008;1;1;1;90;2;;2;;2;;2;;2;;2;;2;;2;;2;;2;;11;12;11;4123.1306669
6055008;1;2;1;90;2;;1;30;2;;2;;2;;2;;2;;2;;2;;2;;11;12;11;4123.1306669
6055008;1;3;1;90;2;;1;7;2;;2;;2;;2;;2;;2;;2;;2;;11;12;11;4123.1306669
6055009;1;1;1;90;2;;1;1;2;;2;;2;;2;;2;;2;;2;;2;;11;12;11;4514.7808325
6055010;1;1;1;90;2;;1;14;2;;2;;2;;2;;2;;2;;2;;2;;11;12;11;3721.8930183
6055010;1;2;1;90;2;;2;;2;;2;;2;;2;;2;;2;;2;;2;;11;12;11;3721.8930183
6055011;1;1;1;90;2;;1;12;2;;2;;2;;2;;2;;2;;2;;2;;11;12;11;2939.6308871
6055011;1;2;1;90;2;;1;3;2;;2;;2;;2;;2;;2;;2;;2;;11;12;11;2939.6308871
6055012;1;1;1;90;2;;1;10;2;;2;;2;;2;;2;;2;;2;;2;;11;12;11;3777.9708625
6055012;1;2;1;90;2;;1;40;2;;2;;2;;2;;2;;2;;2;;2;;11;12;11;3777.9708625
6055012;1;3;1;90;2;;1;7;2;;2;;2;;2;;2;;2;;2;;2;;11;12;11;3777.9708625
6055013;1;1;1;90;2;;2;;2;;2;;2;;2;;2;;2;;2;;2;;11;12;11;3584.8751778
6055013;1;2;1;90;2;;1;15;2;;2;;2;;2;;2;;2;;2;;2;;11;12;11;3584.8751778
6055013;1;3;1;90;2;;2;;2;;2;;2;;2;;2;;2;;2;;2;;11;12;11;3584.8751778
6055013;1;4;1;90;2;;2;;2;;2;;2;;2;;2;;2;;2;;2;;11;12;11;3584.8751778
6055013;1;5;1;90;2;;2;;2;;2;;2;;2;;2;;2;;2;;2;;11;12;11;3584.8751778
6055014;1;1;1;90;2;;2;;2;;2;;2;;2;;2;;2;;2;;2;;11;12;11;3625.4058621
6055014;1;2;1;90;2;;1;10;2;;2;;2;;2;;2;;2;;2;;2;;11;12;11;3625.4058621
6055014;1;3;1;90;2;;2;;2;;2;;2;;2;;2;;2;;2;;2;;11;12;11;3625.4058621
6055015;1;1;1;90;2;;1;14;2;;2;;2;;2;;2;;2;;2;;2;;11;12;11;3381.6230259
6055015;1;2;1;90;2;;1;6;2;;2;;2;;2;;2;;2;;2;;2;;11;12;11;3381.6230259
6055016;1;1;1;90;2;;2;;2;;2;;2;;2;;2;;2;;2;;2;;11;12;11;5904.0772398
6055016;1;2;1;90;2;;1;15;2;;1;10;2;;2;;2;;2;;2;;2;;11;12;11;5904.0772398
6055017;1;1;1;90;2;;1;12;2;;2;;2;;2;;2;;2;;2;;2;;11;12;11;3742.1583604
6055018;1;1;1;90;2;;1;10;2;;2;;1;10;2;;2;;2;;2;;2;;11;12;11;3604.7953417
6055018;1;2;1;90;2;;1;4;2;;2;;2;;2;;2;;2;;2;;2;;11;12;11;3604.7953417
6055018;1;3;1;90;2;;1;4;2;;2;;2;;2;;2;;2;;2;;2;;11;12;11;3604.7953417
6055020;1;1;1;90;2;;1;12;2;;2;;2;;2;;2;;2;;2;;2;;11;12;11;4240.2283435
6055020;1;2;1;90;2;;1;12;2;;2;;2;;2;;2;;2;;2;;2;;11;12;11;4240.2283435
6055021;1;1;1;90;2;;1;30;2;;2;;2;;2;;2;;2;;2;;2;;11;12;11;3127.335879
6055021;1;2;1;90;2;;1;10;2;;2;;2;;2;;2;;2;;2;;2;;11;12;11;3127.335879
6055022;1;1;1;90;2;;1;30;2;;1;10;2;;2;;2;;2;;2;;2;;11;12;11;4707.1579371
6055022;1;2;1;90;2;;2;;2;;2;;2;;2;;2;;2;;2;;2;;11;12;11;4707.1579371
6055023;1;1;1;90;2;;1;7;2;;1;14;2;;2;;2;;2;;2;;2;;11;12;11;4590.0602606
6055023;1;2;1;90;2;;1;14;2;;1;7;2;;2;;2;;2;;2;;2;;11;12;11;4590.0602606
6055023;1;3;1;90;2;;1;14;2;;2;;2;;2;;2;;2;;2;;2;;11;12;11;4590.0602606
6055024;1;1;1;90;2;;1;32;2;;2;;1;18;2;;2;;2;;2;;2;;11;12;11;4315.8529497
6055024;1;2;1;90;2;;1;8;2;;1;10;2;;2;;2;;2;;2;;2;;11;12;11;4315.8529497
6055024;1;3;1;90;2;;1;32;2;;1;18;2;;2;;2;;2;;2;;2;;11;12;11;4315.8529497
6055024;1;5;1;90;2;;1;3;2;;2;;2;;2;;2;;2;;2;;2;;11;12;11;4315.8529497
6055024;1;6;1;90;2;;2;;2;;2;;2;;2;;2;;2;;2;;2;;11;12;11;4315.8529497
6055025;1;1;1;90;2;;1;14;2;;1;40;2;;2;;2;;2;;2;;2;;11;12;11;4590.0602606
6055025;1;2;1;90;2;;1;14;2;;1;7;2;;2;;2;;2;;2;;2;;11;12;11;4590.0602606
6055025;1;3;1;90;2;;2;;2;;2;;2;;2;;2;;2;;2;;2;;11;12;11;4590.0602606
6055026;1;1;1;90;2;;1;7;2;;2;;2;;2;;2;;2;;2;;2;;11;12;11;3742.1583604
6055027;1;1;1;90;2;;1;6;2;;2;;2;;2;;2;;2;;2;;2;;11;12;11;2939.6308871
6055027;1;2;1;90;2;;1;7;2;;2;;2;;2;;2;;2;;2;;2;;11;12;11;2939.6308871
6055028;1;1;1;90;2;;1;12;2;;2;;2;;2;;2;;2;;2;;2;;11;12;11;3782.8606746
6055028;1;2;1;90;2;;2;;2;;2;;2;;2;;2;;2;;2;;2;;11;12;11;3782.8606746
6055028;1;3;1;90;2;;2;;2;;2;;2;;2;;2;;2;;2;;2;;11;12;11;3782.8606746
6055029;1;1;1;90;2;;1;14;2;;2;;2;;2;;2;;2;;2;;2;;11;12;11;3381.6230259
6055029;1;2;1;90;2;;1;14;2;;2;;2;;2;;2;;2;;2;;2;;11;12;11;3381.6230259
6055030;1;1;1;90;2;;1;12;2;;1;6;2;;2;;2;;2;;2;;2;;11;12;11;6032.6928484
6055030;1;2;1;90;2;;1;12;2;;1;12;2;;2;;2;;2;;2;;2;;11;12;11;6032.6928484
6055038;1;1;1;90;2;;1;8;2;;2;;2;;2;;2;;2;;2;;2;;11;12;11;3259.6355373
6055038;1;2;1;90;2;;2;;2;;2;;2;;2;;2;;2;;2;;2;;11;12;11;3259.6355373
6055038;1;3;1;90;2;;2;;2;;2;;2;;2;;2;;2;;2;;2;;11;12;11;3259.6355373
6055039;1;1;1;90;2;;1;10;2;;2;;2;;2;;2;;2;;2;;2;;11;12;11;6530.7628314
6055039;1;2;1;90;2;;1;12;2;;1;14;2;;2;;2;;2;;2;;2;;11;12;11;6530.7628314
6055039;1;5;1;90;2;;2;;2;;2;;2;;2;;2;;2;;2;;2;;11;12;11;6530.7628314
6055040;1;1;1;90;2;;1;12;2;;1;18;2;;2;;2;;2;;2;;2;;11;12;11;4727.4232793
6055041;1;1;1;90;2;;1;10;2;;2;;2;;2;;2;;2;;2;;2;;11;12;11;4514.7808325
6055042;1;1;1;90;2;;1;7;2;;2;;2;;2;;2;;2;;2;;2;;11;12;11;2899.1002028
6055042;1;2;1;90;2;;1;14;2;;2;;2;;2;;2;;2;;2;;2;;11;12;11;2899.1002028
6055042;1;3;1;90;2;;1;5;2;;2;;2;;2;;2;;2;;2;;2;;11;12;11;2899.1002028
6055042;1;4;1;90;2;;2;;2;;2;;2;;2;;2;;2;;2;;2;;11;12;11;2899.1002028
6055044;1;1;1;90;2;;2;;2;;2;;2;;2;;2;;2;;2;;2;;11;12;11;4102.8653248
6055044;1;2;1;90;2;;1;40;2;;2;;2;;2;;2;;2;;2;;2;;11;12;11;4102.8653248
6055044;1;3;1;90;2;;1;3;2;;2;;2;;2;;2;;2;;2;;2;;11;12;11;4102.8653248
6055044;1;4;1;90;2;;1;3;2;;2;;2;;2;;2;;2;;2;;2;;11;12;11;4102.8653248
6055046;1;1;1;90;2;;1;12;2;;2;;2;;2;;2;;2;;2;;2;;11;12;11;3762.2501543
6055046;1;2;1;90;2;;1;8;2;;2;;2;;2;;2;;2;;2;;2;;11;12;11;3762.2501543
6055046;1;3;1;90;2;;1;6;2;;2;;2;;2;;2;;2;;2;;2;;11;12;11;3762.2501543
6055047;1;1;1;90;2;;1;4;2;;2;;2;;2;;2;;2;;2;;2;;11;12;11;3584.8751778
6055047;1;2;1;90;2;;1;20;2;;2;;2;;2;;2;;2;;2;;2;;11;12;11;3584.8751778
6055047;1;3;1;90;2;;2;;2;;2;;2;;2;;2;;2;;2;;2;;11;12;11;3584.8751778
6055047;1;4;1;90;2;;2;;2;;2;;2;;2;;2;;2;;2;;2;;11;12;11;3584.8751778
6055047;1;5;1;90;2;;2;;2;;2;;2;;2;;2;;2;;2;;2;;11;12;11;3584.8751778
6055048;1;1;1;90;2;;1;14;2;;2;;2;;2;;2;;2;;2;;1;6;11;12;11;2802.2678684
6055048;1;2;1;90;2;;2;;2;;2;;2;;2;;2;;2;;2;;1;8;11;12;11;2802.2678684
6055048;1;3;1;90;2;;1;14;2;;2;;2;;2;;2;;2;;2;;1;8;11;12;11;2802.2678684
6055048;1;4;1;90;2;;2;;2;;2;;2;;2;;2;;2;;2;;2;;11;12;11;2802.2678684
6055050;1;1;1;90;2;;1;14;2;;2;;2;;2;;2;;2;;2;;2;;11;12;11;4514.7808325
6055054;1;1;1;90;2;;2;;2;;2;;2;;2;;2;;2;;2;;2;;11;12;11;3899.9583511
6055054;1;2;1;90;2;;1;30;2;;2;;1;14;2;;2;;2;;2;;2;;11;12;11;3899.9583511
6055055;1;1;1;90;2;;1;14;2;;2;;2;;2;;2;;2;;2;;2;;11;12;11;2207.7107292
6055055;1;2;1;90;2;;2;;2;;2;;2;;2;;2;;2;;2;;2;;11;12;11;2207.7107292
6055055;1;3;1;90;2;;2;;2;;2;;2;;2;;2;;2;;2;;2;;11;12;11;2207.7107292
6055055;1;4;1;90;2;;2;;2;;2;;2;;2;;2;;2;;2;;2;;11;12;11;2207.7107292
6055056;1;1;1;90;2;;2;;2;;2;;2;;2;;2;;2;;2;;2;;11;12;11;2888.595892
6055056;1;2;1;90;2;;1;7;2;;2;;2;;2;;2;;2;;2;;2;;11;12;11;2888.595892
6055056;1;3;1;90;2;;1;40;2;;2;;2;;2;;2;;2;;2;;2;;11;12;11;2888.595892
6055056;1;4;1;90;2;;1;10;2;;2;;2;;2;;2;;2;;2;;2;;11;12;11;2888.595892
6055056;1;5;1;90;2;;1;2;2;;2;;2;;2;;2;;2;;2;;2;;11;12;11;2888.595892
6055058;1;1;1;90;2;;1;5;2;;2;;2;;2;;2;;2;;2;;2;;11;12;11;3853.2502906
6055058;1;2;1;90;2;;1;14;2;;2;;2;;2;;2;;2;;2;;2;;11;12;11;3853.2502906
6055058;1;3;1;90;2;;1;2;2;;2;;2;;2;;2;;2;;2;;2;;11;12;11;3853.2502906
6055058;1;4;1;90;2;;1;2;2;;2;;2;;2;;2;;2;;2;;2;;11;12;11;3853.2502906
6055058;1;6;1;90;2;;1;2;2;;2;;2;;2;;2;;2;;2;;2;;11;12;11;3853.2502906
6055059;1;1;1;90;2;;2;;2;;2;;2;;2;;2;;2;;2;;2;;11;12;11;3945.4105123
6055059;1;2;1;90;2;;1;40;2;;2;;2;;2;;2;;2;;2;;2;;11;12;11;3945.4105123
6055059;1;3;1;90;2;;2;;2;;2;;2;;2;;2;;2;;2;;2;;11;12;11;3945.4105123
6055059;1;4;1;90;2;;1;2;2;;2;;2;;2;;2;;2;;2;;2;;11;12;11;3945.4105123
6055061;1;1;1;90;2;;1;3;2;;2;;2;;2;;2;;2;;2;;2;;11;12;11;3264.5253494
6055061;1;2;1;90;2;;1;7;2;;2;;2;;2;;2;;2;;2;;2;;11;12;11;3264.5253494
6055061;1;3;1;90;2;;2;;2;;2;;2;;2;;2;;2;;2;;2;;11;12;11;3264.5253494
6055062;1;1;1;90;2;;1;15;2;;2;;2;;2;;2;;2;;2;;2;;11;12;11;3625.4058621
6055062;1;2;1;90;2;;2;;2;;2;;2;;2;;2;;2;;2;;2;;11;12;11;3625.4058621
6055062;1;3;1;90;2;;1;10;2;;2;;1;10;2;;2;;2;;2;;2;;11;12;11;3625.4058621
6055063;1;1;1;90;2;;1;18;2;;2;;2;;2;;2;;2;;2;;2;;11;12;11;4107.5374375
6055063;1;2;1;90;2;;1;10;2;;2;;2;;2;;2;;2;;2;;2;;11;12;11;4107.5374375
6055063;1;3;1;90;2;;1;6;2;;2;;2;;2;;2;;2;;2;;2;;11;12;11;4107.5374375
6055063;1;5;1;90;2;;1;10;2;;2;;2;;2;;2;;2;;2;;2;;11;12;11;4107.5374375
6055063;1;6;1;90;2;;1;10;2;;2;;2;;2;;2;;2;;2;;2;;11;12;11;4107.5374375
6055066;1;1;1;90;2;;2;;2;;2;;2;;2;;2;;2;;2;;2;;11;12;11;4082.5999826
6055066;1;2;1;90;2;;1;30;2;;2;;2;;2;;2;;2;;2;;2;;11;12;11;4082.5999826
6055066;1;3;1;90;2;;2;;2;;2;;2;;2;;2;;2;;2;;2;;11;12;11;4082.5999826
6055066;1;4;1;90;2;;2;;2;;2;;2;;2;;2;;2;;2;;2;;11;12;11;4082.5999826
6055066;1;5;1;90;2;;2;;2;;2;;2;;2;;2;;2;;2;;2;;11;12;11;4082.5999826
6055067;1;1;1;90;2;;2;;2;;2;;2;;2;;2;;2;;2;;2;;11;12;11;3381.6230259
6055067;1;2;1;90;2;;2;;2;;2;;2;;2;;2;;2;;2;;2;;11;12;11;3381.6230259
6055068;1;1;1;90;2;;2;;2;;2;;2;;2;;2;;2;;2;;2;;11;12;11;3381.6230259
6055068;1;2;1;90;2;;1;15;2;;2;;2;;2;;2;;2;;2;;2;;11;12;11;3381.6230259
6055069;1;1;1;90;2;;1;5;2;;1;24;2;;2;;2;;2;;2;;2;;11;12;11;2746.5352024
6055069;1;2;1;90;2;;1;2;2;;2;;2;;2;;2;;2;;2;;2;;11;12;11;2746.5352024
6055069;1;3;1;90;2;;1;14;2;;2;;2;;2;;2;;2;;2;;2;;11;12;11;2746.5352024
6055069;1;4;1;90;2;;1;7;2;;2;;2;;2;;2;;2;;2;;2;;11;12;11;2746.5352024
6055070;1;1;1;90;2;;1;30;2;;1;15;2;;2;;2;;2;;2;;2;;11;12;11;4240.2283435
6055070;1;2;1;90;2;;2;;2;;2;;2;;2;;2;;2;;2;;2;;11;12;11;4240.2283435
6055072;1;1;1;90;2;;2;;2;;2;;2;;2;;2;;2;;2;;2;;11;12;11;4199.6976592
6055072;1;2;1;90;2;;1;21;2;;2;;2;;2;;2;;2;;2;;2;;11;12;11;4199.6976592
6055072;1;3;1;90;2;;1;7;2;;2;;2;;2;;2;;2;;2;;2;;11;12;11;4199.6976592
6055072;1;4;1;90;2;;2;;2;;2;;2;;2;;2;;2;;2;;2;;11;12;11;4199.6976592
6055073;1;1;1;90;2;;1;12;2;;2;;2;;2;;2;;2;;2;;2;;11;12;11;5904.0772398
6055073;1;2;1;90;2;;1;36;2;;2;;2;;2;;2;;2;;2;;2;;11;12;11;5904.0772398
6055074;1;1;1;90;2;;1;5;2;;2;;2;;2;;2;;2;;2;;2;;11;12;11;4244.9004562
6055074;1;2;1;90;2;;1;35;2;;1;15;2;;2;;2;;2;;2;;2;;11;12;11;4244.9004562
6055074;1;3;1;90;2;;1;10;2;;2;;2;;2;;2;;2;;2;;2;;11;12;11;4244.9004562
6055075;1;1;1;90;2;;1;10;2;;2;;2;;2;;2;;2;;2;;2;;11;12;11;4684.9621461
6055075;1;2;1;90;2;;1;5;2;;2;;2;;2;;2;;2;;2;;2;;11;12;11;4684.9621461
6055075;1;3;1;90;2;;1;35;2;;1;10;2;;2;;2;;2;;2;;2;;11;12;11;4684.9621461
6055075;1;4;1;90;2;;1;5;2;;2;;2;;2;;2;;2;;2;;2;;11;12;11;4684.9621461
6055075;1;5;1;90;2;;1;5;2;;2;;2;;2;;2;;2;;2;;2;;11;12;11;4684.9621461
6055076;1;1;1;90;2;;1;5;2;;2;;2;;2;;2;;2;;2;;2;;11;12;11;4731.1073291
6055076;1;2;1;90;2;;1;10;2;;2;;2;;2;;2;;2;;2;;2;;11;12;11;4731.1073291
6055077;1;1;1;90;2;;1;7;2;;1;7;2;;2;;2;;2;;2;;2;;11;12;11;4578.5423286
6055077;1;2;1;90;2;;1;3;2;;1;24;2;;2;;2;;2;;2;;2;;11;12;11;4578.5423286
6055078;1;1;1;90;2;;2;;2;;2;;2;;2;;2;;2;;2;;2;;11;12;11;3381.6230259
6055078;1;2;1;90;2;;2;;2;;2;;2;;2;;2;;2;;2;;2;;11;12;11;3381.6230259
6055079;1;1;1;90;2;;1;10;2;;2;;2;;2;;2;;2;;2;;2;;11;12;11;2919.3655449
6055079;1;2;1;90;2;;1;15;2;;2;;2;;2;;2;;2;;2;;2;;11;12;11;2919.3655449
6055079;1;3;1;90;2;;1;7;2;;2;;2;;2;;2;;2;;2;;2;;11;12;11;2919.3655449
6055080;1;1;1;90;2;;1;14;2;;2;;2;;2;;2;;2;;2;;2;;11;12;11;2939.6308871
6055080;1;2;1;90;2;;1;14;2;;2;;2;;2;;2;;2;;2;;2;;11;12;11;2939.6308871
6055083;1;1;1;90;2;;1;24;2;;2;;1;50;2;;2;;2;;2;;2;;11;12;11;3467.6058714
6055083;1;2;1;90;2;;2;;2;;2;;2;;2;;2;;2;;2;;2;;11;12;11;3467.6058714
6055084;1;1;1;90;2;;1;5;2;;2;;2;;2;;2;;2;;2;;2;;11;12;11;3147.4276729
6055084;1;2;1;90;2;;1;10;2;;2;;2;;2;;2;;2;;2;;2;;11;12;11;3147.4276729
6055084;1;3;1;90;2;;1;3;2;;2;;2;;2;;2;;2;;2;;2;;11;12;11;3147.4276729
6055084;1;4;1;90;2;;1;2;2;;2;;2;;2;;2;;2;;2;;2;;11;12;11;3147.4276729
6055085;1;1;1;90;2;;2;;2;;2;;2;;2;;2;;2;;2;;2;;11;12;11;4219.9630013
6055085;1;2;1;90;2;;1;16;2;;2;;2;;2;;2;;2;;2;;2;;11;12;11;4219.9630013
6055085;1;3;1;90;2;;2;;2;;2;;2;;2;;2;;2;;2;;2;;11;12;11;4219.9630013
6055086;1;1;1;90;2;;1;15;2;;2;;2;;2;;2;;2;;2;;2;;11;12;11;3721.8930183
6055086;1;2;1;90;2;;2;;2;;2;;2;;2;;2;;2;;2;;2;;11;12;11;3721.8930183
6055087;1;1;1;90;2;;1;10;2;;2;;2;;2;;2;;2;;2;;2;;11;12;11;4240.2283435
6055087;1;2;1;90;2;;2;;2;;2;;2;;2;;2;;2;;2;;2;;11;12;11;4240.2283435
6055088;1;1;1;90;2;;1;5;2;;2;;2;;2;;2;;2;;2;;2;;11;12;11;4578.5423286
6055088;1;2;1;90;2;;1;17;2;;1;15;2;;2;;2;;2;;2;;2;;11;12;11;4578.5423286
6055089;1;1;1;90;2;;2;;2;;2;;2;;2;;2;;2;;2;;2;;11;12;11;4244.9004562
6055089;1;2;1;90;2;;1;15;2;;2;;2;;2;;2;;2;;2;;2;;11;12;11;4244.9004562
6055089;1;3;1;90;2;;1;3;2;;2;;2;;2;;2;;2;;2;;2;;11;12;11;4244.9004562
6055091;1;1;1;90;2;;1;40;2;;2;;2;;2;;2;;2;;2;;2;;11;12;11;4476.8201821
6055091;1;2;1;90;2;;1;36;2;;2;;2;;2;;2;;2;;2;;2;;11;12;11;4476.8201821
6055093;1;1;1;90;2;;1;30;2;;2;;2;;2;;2;;2;;2;;2;;11;12;11;3742.1583604
6055095;1;1;1;90;2;;1;11;2;;2;;2;;2;;2;;2;;2;;2;;11;12;11;2919.3655449
6055095;1;2;1;90;2;;1;10;2;;2;;2;;2;;2;;2;;2;;2;;11;12;11;2919.3655449
6055095;1;3;1;90;2;;2;;2;;2;;2;;2;;2;;2;;2;;2;;11;12;11;2919.3655449
6055096;1;1;1;90;2;;2;;2;;2;;2;;2;;2;;2;;2;;2;;11;12;11;4240.2283435
6055096;1;2;1;90;2;;1;35;2;;2;;2;;2;;2;;2;;2;;2;;11;12;11;4240.2283435
6055097;1;1;1;90;2;;2;;2;;2;;2;;2;;2;;2;;2;;2;;11;12;11;2705.435534
6055097;1;2;1;90;2;;1;10;2;;2;;2;;2;;2;;2;;2;;2;;11;12;11;2705.435534
6055097;1;3;1;90;2;;2;;2;;2;;2;;2;;2;;2;;2;;2;;11;12;11;2705.435534
6055097;1;4;1;90;2;;2;;2;;2;;2;;2;;2;;2;;2;;2;;11;12;11;2705.435534
6055098;1;1;1;90;2;;1;10;2;;2;;2;;2;;2;;2;;2;;2;;11;12;11;4240.2283435
6055098;1;2;1;90;2;;1;21;2;;2;;2;;2;;2;;2;;2;;2;;11;12;11;4240.2283435
6055099;1;1;1;90;2;;1;15;2;;2;;2;;2;;2;;2;;2;;2;;11;12;11;3401.8883681
6055100;1;1;1;90;2;;1;6;2;;2;;2;;2;;2;;2;;2;;2;;11;12;11;3381.6230259
6055100;1;2;1;90;2;;1;7;2;;2;;2;;2;;2;;2;;2;;2;;11;12;11;3381.6230259
6055101;1;1;1;90;2;;1;14;2;;2;;2;;2;;2;;2;;2;;2;;11;12;11;4481.7099943
6055101;1;2;1;90;2;;1;6;2;;2;;2;;2;;2;;2;;2;;2;;11;12;11;4481.7099943
6055102;1;1;1;90;2;;1;1;2;;2;;2;;2;;2;;2;;2;;2;;11;12;11;4244.9004562
6055102;1;2;1;90;2;;1;7;2;;1;14;2;;2;;2;;2;;2;;2;;11;12;11;4244.9004562
6055102;1;4;1;90;2;;1;5;2;;2;;2;;2;;2;;2;;2;;2;;11;12;11;4244.9004562
6055103;1;1;1;90;2;;1;15;2;;2;;2;;2;;2;;2;;2;;2;;11;12;11;3742.1583604
6055104;1;1;1;90;2;;1;15;2;;2;;2;;2;;2;;2;;2;;2;;11;12;11;2939.6308871
6055104;1;2;1;90;2;;1;15;2;;2;;2;;2;;2;;2;;2;;2;;11;12;11;2939.6308871
6055105;1;1;1;90;2;;1;1;2;;1;7;2;;2;;2;;2;;2;;2;;11;12;11;4707.1579371
6055105;1;2;1;90;2;;1;7;2;;1;14;2;;2;;2;;2;;2;;2;;11;12;11;4707.1579371
6055107;1;1;1;90;2;;1;15;2;;2;;2;;2;;2;;2;;2;;2;;11;12;11;4240.2283435
6055107;1;2;1;90;2;;1;20;2;;2;;2;;2;;2;;2;;2;;2;;11;12;11;4240.2283435
6055108;1;1;1;90;2;;1;7;2;;2;;2;;2;;2;;2;;2;;2;;11;12;11;4244.9004562
6055108;1;2;1;90;2;;1;14;2;;2;;2;;2;;2;;2;;2;;2;;11;12;11;4244.9004562
6055108;1;3;1;90;2;;1;3;2;;2;;2;;2;;2;;2;;2;;2;;11;12;11;4244.9004562
6055109;1;1;1;90;2;;1;14;2;;2;;2;;2;;2;;2;;2;;2;;11;12;11;3996.4455073
6055110;1;1;1;90;2;;1;21;2;;2;;2;;2;;2;;2;;2;;2;;11;12;11;4751.3726712
6055111;1;1;1;90;2;;1;21;2;;2;;2;;2;;2;;2;;2;;2;;11;12;11;3401.8883681
6055112;1;1;1;90;2;;1;1;2;;2;;2;;2;;2;;2;;2;;2;;11;12;11;4707.1579371
6055112;1;2;1;90;2;;1;42;2;;1;20;2;;2;;2;;2;;2;;2;;11;12;11;4707.1579371
6055113;1;1;1;90;2;;1;40;2;;2;;2;;2;;2;;2;;2;;2;;11;12;11;5819.1080156
6055113;1;2;1;90;2;;1;8;2;;2;;2;;2;;2;;2;;2;;2;;11;12;11;5819.1080156
6055113;1;3;1;90;2;;1;3;2;;2;;2;;2;;2;;2;;2;;2;;11;12;11;5819.1080156
6055113;1;6;1;90;2;;1;1;2;;2;;2;;2;;2;;2;;2;;2;;11;12;11;5819.1080156
6055114;1;1;1;90;2;;1;7;2;;2;;2;;2;;2;;2;;2;;2;;11;12;11;2319.7450453
6055114;1;2;1;90;2;;1;24;2;;2;;2;;2;;2;;2;;2;;2;;11;12;11;2319.7450453
6055114;1;3;1;90;2;;1;7;2;;2;;2;;2;;2;;2;;2;;2;;11;12;11;2319.7450453
6055114;1;4;1;90;2;;1;24;2;;2;;2;;2;;2;;2;;2;;2;;11;12;11;2319.7450453
6055114;1;5;1;90;2;;1;7;2;;1;7;2;;2;;2;;2;;2;;2;;11;12;11;2319.7450453
6055114;1;6;1;90;2;;1;4;2;;2;;2;;2;;2;;2;;2;;2;;11;12;11;2319.7450453
6055115;1;1;1;90;2;;2;;2;;2;;2;;2;;2;;2;;2;;2;;11;12;11;3142.5378608
6055115;1;2;1;90;2;;1;17;2;;2;;2;;2;;2;;2;;2;;2;;11;12;11;3142.5378608
6055115;1;3;1;90;2;;2;;2;;2;;2;;2;;2;;2;;2;;2;;11;12;11;3142.5378608
6055115;1;4;1;90;2;;1;7;2;;2;;2;;2;;2;;2;;2;;2;;11;12;11;3142.5378608
6055116;1;1;1;90;2;;1;5;2;;2;;2;;2;;2;;2;;2;;2;;11;12;11;3437.355692
6055116;1;2;1;90;2;;1;15;2;;2;;2;;2;;2;;2;;2;;2;;11;12;11;3437.355692
6055117;1;1;1;90;2;;2;;2;;2;;2;;2;;2;;2;;2;;2;;11;12;11;4240.2283435
6055117;1;2;1;90;2;;1;15;2;;2;;2;;2;;2;;2;;2;;2;;11;12;11;4240.2283435
6055118;1;1;1;90;2;;2;;2;;2;;2;;2;;2;;2;;2;;2;;11;12;11;5775.4616313
6055118;1;2;1;90;2;;1;18;2;;1;15;2;;2;;2;;2;;2;;2;;11;12;11;5775.4616313
6055119;1;1;1;90;2;;1;4;2;;2;;2;;2;;2;;2;;2;;2;;11;12;11;4514.7808325
6055121;1;1;1;90;2;;1;15;2;;2;;2;;2;;2;;2;;2;;2;;11;12;11;3742.1583604
6055122;1;1;1;90;2;;1;10;2;;1;15;2;;2;;2;;2;;2;;2;;11;12;11;5058.9170035
6055122;1;4;1;90;2;;1;15;2;;1;10;2;;2;;2;;2;;2;;2;;11;12;11;5058.9170035
6055122;1;5;1;90;2;;1;15;2;;2;;2;;2;;2;;2;;2;;2;;11;12;11;5058.9170035
6055123;1;1;1;90;2;;1;10;2;;2;;2;;2;;2;;2;;2;;2;;11;12;11;2588.3378575
6055123;1;2;1;90;2;;1;4;2;;2;;2;;2;;2;;2;;2;;2;;11;12;11;2588.3378575
6055123;1;3;1;90;2;;1;5;2;;2;;2;;2;;2;;2;;2;;2;;11;12;11;2588.3378575
6055123;1;4;1;90;2;;1;4;2;;2;;2;;2;;2;;2;;2;;2;;11;12;11;2588.3378575
6055123;1;5;1;90;2;;1;4;2;;2;;2;;2;;2;;2;;2;;2;;11;12;11;2588.3378575
6055124;1;1;1;90;2;;1;4;2;;2;;2;;2;;2;;2;;2;;2;;11;12;11;3381.6230259
6055124;1;2;1;90;2;;1;6;2;;2;;2;;2;;2;;2;;2;;2;;11;12;11;3381.6230259
6055127;1;1;1;90;2;;1;40;2;;2;;1;15;2;;2;;2;;2;;2;;11;12;11;2822.5332106
6055127;1;2;1;90;2;;1;10;2;;2;;2;;2;;2;;2;;2;;2;;11;12;11;2822.5332106
6055127;1;3;1;90;2;;1;7;2;;2;;2;;2;;2;;2;;2;;2;;11;12;11;2822.5332106
6055128;1;1;1;90;2;;2;;2;;2;;2;;2;;2;;2;;2;;2;;11;12;11;3488.0428434
6055128;1;2;1;90;2;;1;36;2;;2;;1;30;2;;2;;2;;2;;2;;11;12;11;3488.0428434
6055128;1;3;1;90;2;;2;;2;;2;;2;;2;;2;;2;;2;;2;;11;12;11;3488.0428434
6055128;1;4;1;90;2;;2;;2;;2;;2;;2;;2;;2;;2;;2;;11;12;11;3488.0428434
6055128;1;5;1;90;2;;2;;2;;2;;2;;2;;2;;2;;2;;2;;11;12;11;3488.0428434
6055129;1;1;1;90;2;;1;5;2;;2;;2;;2;;2;;2;;2;;2;;11;12;11;5192.4224241
6055129;1;2;1;90;2;;2;;2;;2;;2;;2;;2;;2;;2;;2;;11;12;11;5192.4224241
6055129;1;3;1;90;2;;1;3;2;;2;;2;;2;;2;;2;;2;;2;;11;12;11;5192.4224241
6055130;1;1;1;90;2;;1;3;2;;2;;2;;2;;2;;2;;2;;2;;11;12;11;2685.1701919
6055130;1;2;1;90;2;;1;24;2;;1;4;2;;2;;2;;2;;2;;2;;11;12;11;2685.1701919
6055130;1;3;1;90;2;;1;2;2;;2;;2;;2;;2;;2;;2;;2;;11;12;11;2685.1701919
6055130;1;4;1;90;2;;1;5;2;;2;;2;;2;;2;;2;;2;;2;;11;12;11;2685.1701919
6055130;1;5;1;90;2;;1;4;2;;2;;2;;2;;2;;2;;2;;2;;11;12;11;2685.1701919
6055131;1;1;1;90;2;;1;12;2;;2;;2;;2;;2;;2;;2;;2;;11;12;11;4598.8076708
6055132;1;1;1;90;2;;1;7;2;;2;;2;;2;;2;;2;;2;;2;;11;12;11;2802.2678684
6055132;1;2;1;90;2;;1;4;2;;2;;2;;2;;2;;2;;2;;2;;11;12;11;2802.2678684
6055132;1;3;1;90;2;;1;4;2;;2;;2;;2;;2;;2;;2;;2;;11;12;11;2802.2678684
6055132;1;4;1;90;2;;1;4;2;;2;;2;;2;;2;;2;;2;;2;;11;12;11;2802.2678684
6055133;1;1;1;90;2;;1;7;2;;1;20;2;;2;;2;;2;;2;;2;;11;12;11;4879.9882797
6055134;1;1;1;90;2;;1;12;2;;2;;2;;2;;2;;2;;2;;2;;11;12;11;3721.8930183
6055134;1;2;1;90;2;;1;3;2;;2;;2;;2;;2;;2;;2;;2;;11;12;11;3721.8930183
6055135;1;1;1;90;2;;1;32;2;;1;20;2;;2;;2;;2;;2;;2;;11;12;11;7229.6121511
6055135;1;2;1;90;2;;1;2;2;;1;3;2;;2;;2;;2;;2;;2;;11;12;11;7229.6121511
6055136;1;1;1;90;2;;1;8;2;;2;;2;;2;;2;;2;;2;;2;;11;12;11;4514.7808325
6055137;1;1;1;90;2;;1;10;2;;2;;2;;2;;2;;2;;2;;2;;11;12;11;3996.4455073
6055138;1;1;1;90;2;;1;5;2;;1;5;2;;2;;2;;2;;2;;2;;11;12;11;4244.9004562
6055138;1;2;1;90;2;;1;10;2;;1;10;2;;2;;2;;2;;2;;2;;11;12;11;4244.9004562
6055138;1;3;1;90;2;;2;;2;;2;;2;;2;;2;;2;;2;;2;;11;12;11;4244.9004562
6055139;1;1;1;90;2;;1;10;2;;2;;2;;2;;2;;2;;2;;2;;11;12;11;6767.3546701
6055139;1;2;1;90;2;;1;30;2;;1;14;2;;2;;2;;2;;2;;2;;11;12;11;6767.3546701
6055139;1;3;1;90;2;;2;;2;;2;;2;;2;;2;;2;;2;;2;;11;12;11;6767.3546701
6055141;1;1;1;90;2;;1;4;2;;2;;2;;2;;2;;2;;2;;2;;11;12;11;2969.7075182
6055141;1;2;1;90;2;;2;;2;;2;;2;;2;;2;;2;;2;;2;;11;12;11;2969.7075182
6055141;1;3;1;90;2;;1;5;2;;1;48;1;24;2;;2;;2;;2;;2;;11;12;11;2969.7075182
6055141;1;4;1;90;2;;1;3;2;;2;;2;;2;;2;;2;;2;;2;;11;12;11;2969.7075182
6055141;1;5;1;90;2;;1;2;2;;2;;2;;2;;2;;2;;2;;2;;11;12;11;2969.7075182
6055144;1;1;1;90;2;;1;32;2;;1;18;2;;2;;2;;2;;2;;2;;11;12;11;4614.3548307
6055144;1;2;1;90;2;;1;13;2;;1;18;2;;2;;2;;2;;2;;2;;11;12;11;4614.3548307
6055144;1;3;1;90;2;;1;12;2;;2;;2;;2;;2;;2;;2;;2;;11;12;11;4614.3548307
6055144;1;5;1;90;2;;2;;2;;2;;2;;2;;2;;2;;2;;2;;11;12;11;4614.3548307
6055145;1;1;1;90;2;;1;5;2;;2;;2;;2;;2;;2;;2;;2;;11;12;11;4240.2283435
6055145;1;2;1;90;2;;1;10;2;;1;21;2;;2;;2;;2;;2;;2;;11;12;11;4240.2283435
6055146;1;1;1;90;2;;1;33;2;;2;;2;;2;;2;;2;;2;;2;;11;12;11;3279.9008794
6055146;1;2;1;90;2;;2;;2;;2;;2;;2;;2;;2;;2;;2;;11;12;11;3279.9008794
6055147;1;1;1;90;2;;1;16;2;;2;;2;;2;;2;;2;;2;;2;;11;12;11;3721.8930183
6055147;1;2;1;90;2;;1;10;2;;2;;2;;2;;2;;2;;2;;2;;11;12;11;3721.8930183
6055148;1;1;1;90;2;;1;32;2;;1;12;2;;2;;2;;2;;2;;2;;11;12;11;5782.0897512
6055148;1;2;1;90;2;;1;12;2;;2;;2;;2;;2;;2;;2;;2;;11;12;11;5782.0897512
6055148;1;3;1;90;2;;1;32;2;;1;18;2;;2;;2;;2;;2;;2;;11;12;11;5782.0897512
6055149;1;1;1;90;2;;1;7;2;;2;;2;;2;;2;;2;;2;;2;;11;12;11;4148.0681218
6055149;1;2;1;90;2;;1;4;2;;1;8;2;;2;;2;;2;;2;;2;;11;12;11;4148.0681218
6055149;1;3;1;90;2;;1;16;2;;1;20;2;;2;;2;;2;;2;;2;;11;12;11;4148.0681218
6055150;1;1;1;90;2;;1;14;2;;2;;2;;2;;2;;2;;2;;2;;11;12;11;3996.4455073
6055151;1;1;1;90;2;;1;3;2;;2;;2;;2;;2;;2;;2;;2;;11;12;11;3604.7953417
6055151;1;2;1;90;2;;1;2;2;;1;5;2;;2;;2;;2;;2;;2;;11;12;11;3604.7953417
6055151;1;3;1;90;2;;2;;2;;2;;2;;2;;2;;2;;2;;2;;11;12;11;3604.7953417
6055152;1;1;1;90;2;;1;5;2;;2;;2;;2;;2;;2;;2;;2;;11;12;11;4116.2848477
6055152;1;2;1;90;2;;1;14;2;;1;10;2;;2;;2;;2;;2;;2;;11;12;11;4116.2848477
6055152;1;3;1;90;2;;1;5;2;;1;5;2;;2;;2;;2;;2;;2;;11;12;11;4116.2848477
6055153;1;1;1;90;2;;1;34;2;;1;30;2;;2;;2;;2;;2;;2;;11;12;11;4112.6007979
6055153;1;2;1;90;2;;1;2;2;;1;18;2;;2;;2;;2;;2;;2;;11;12;11;4112.6007979
6055154;1;1;1;90;2;;1;20;2;;2;;2;;2;;2;;2;;2;;2;;11;12;11;4387.0052969
6055154;1;2;1;90;2;;1;10;2;;2;;2;;2;;2;;2;;2;;2;;11;12;11;4387.0052969
6055154;1;3;1;90;2;;1;6;2;;2;;2;;2;;2;;2;;2;;2;;11;12;11;4387.0052969
6055154;1;4;1;90;2;;1;6;2;;2;;2;;2;;2;;2;;2;;2;;11;12;11;4387.0052969
6055154;1;5;1;90;2;;1;6;2;;2;;2;;2;;2;;2;;2;;2;;11;12;11;4387.0052969
6055154;1;6;1;90;2;;1;6;2;;2;;2;;2;;2;;2;;2;;2;;11;12;11;4387.0052969
6055155;1;1;1;90;2;;1;10;2;;1;10;2;;2;;2;;2;;2;;2;;11;12;11;4578.5423286
6055155;1;2;1;90;2;;1;30;2;;1;10;2;;2;;2;;2;;2;;2;;11;12;11;4578.5423286
6055156;1;1;1;90;2;;1;32;2;;1;19;2;;2;;2;;2;;2;;2;;11;12;11;4859.7229376
6055156;1;2;1;90;2;;1;10;2;;1;10;2;;2;;2;;2;;2;;2;;11;12;11;4859.7229376
6055157;1;1;1;90;2;;2;;2;;2;;2;;2;;2;;2;;2;;2;;11;12;11;4123.1306669
6055157;1;2;1;90;2;;1;30;2;;2;;2;;2;;2;;2;;2;;2;;11;12;11;4123.1306669
6055157;1;3;1;90;2;;1;10;2;;2;;2;;2;;1;8;2;;2;;2;;11;12;11;4123.1306669
6055162;1;1;1;90;2;;2;;2;;2;;2;;2;;2;;2;;2;;2;;11;12;11;3996.4455073
6055163;1;1;1;90;2;;2;;2;;1;10;2;;2;;2;;2;;2;;2;;11;12;11;2802.2678684
6055163;1;2;1;90;2;;1;12;2;;1;12;2;;2;;2;;2;;2;;2;;11;12;11;2802.2678684
6055163;1;3;1;90;2;;1;7;2;;2;;2;;2;;2;;2;;2;;2;;11;12;11;2802.2678684
6055163;1;4;1;90;2;;1;6;2;;2;;2;;2;;2;;2;;2;;2;;11;12;11;2802.2678684
6055164;1;1;1;90;2;;1;6;2;;2;;2;;2;;2;;2;;2;;2;;11;12;11;4240.2283435
6055164;1;2;1;90;2;;1;10;1;10;2;;2;;2;;2;;2;;2;;2;;11;12;11;4240.2283435
6055165;1;1;1;90;2;;1;20;2;;2;;2;;2;;2;;2;;2;;2;;11;12;11;4742.9704392
6055165;1;2;1;90;2;;1;10;2;;2;;2;;2;;2;;2;;2;;2;;11;12;11;4742.9704392
6055165;1;3;1;90;2;;1;8;2;;2;;2;;2;;2;;2;;2;;2;;11;12;11;4742.9704392
6055165;1;4;1;90;2;;1;5;2;;2;;2;;2;;2;;2;;2;;2;;11;12;11;4742.9704392
6055166;1;1;1;90;2;;2;;2;;2;;2;;2;;2;;2;;2;;2;;11;12;11;3742.1583604
6055172;1;1;1;90;2;;1;30;2;;2;;2;;2;;2;;2;;2;;2;;11;12;11;3742.1583604
6055176;1;1;1;90;2;;1;10;2;;2;;2;;2;;2;;2;;2;;2;;11;12;11;4452.8707902
6055176;1;3;1;90;2;;1;30;2;;2;;2;;2;;2;;2;;2;;2;;11;12;11;4452.8707902
6055178;1;1;1;90;2;;1;30;2;;2;;2;;2;;2;;2;;2;;2;;11;12;11;3401.8883681
6055181;1;1;1;90;2;;1;10;2;;2;;2;;2;;2;;2;;2;;2;;11;12;11;4514.7808325
6055182;1;1;1;90;2;;2;;2;;2;;2;;2;;2;;2;;2;;2;;11;12;11;4461.4446521
6055182;1;2;1;90;2;;1;15;2;;1;10;2;;2;;2;;2;;2;;2;;11;12;11;4461.4446521
6055182;1;3;1;90;2;;1;5;2;;2;;2;;2;;2;;2;;2;;2;;11;12;11;4461.4446521
6055183;1;1;1;90;2;;2;;1;18;2;;2;;2;;2;;2;;2;;2;;11;12;11;3284.7906915
6055183;1;2;1;90;2;;2;;2;;2;;2;;2;;2;;2;;2;;2;;11;12;11;3284.7906915
6055184;1;1;1;90;2;;1;18;2;;1;18;2;;2;;2;;2;;2;;2;;11;12;11;4590.0602606
6055184;1;2;1;90;2;;1;10;2;;2;;2;;2;;2;;2;;2;;2;;11;12;11;4590.0602606
6055184;1;3;1;90;2;;1;12;2;;2;;2;;2;;2;;2;;2;;2;;11;12;11;4590.0602606
6055185;1;1;1;90;2;;2;;2;;2;;2;;2;;2;;2;;2;;2;;11;12;11;3975.2377792
6055185;1;2;1;90;2;;1;6;2;;2;;2;;2;;2;;2;;2;;2;;11;12;11;3975.2377792
6055185;1;3;1;90;2;;2;;2;;2;;2;;2;;2;;2;;2;;2;;11;12;11;3975.2377792
6055185;1;5;1;90;2;;2;;2;;2;;2;;2;;2;;2;;2;;2;;11;12;11;3975.2377792
6055186;1;1;1;90;2;;1;10;2;;2;;2;;2;;2;;2;;2;;2;;11;12;11;3259.6355373
6055186;1;2;1;90;2;;2;;2;;2;;2;;2;;2;;2;;2;;2;;11;12;11;3259.6355373
6055186;1;3;1;90;2;;1;7;2;;2;;2;;2;;2;;2;;2;;2;;11;12;11;3259.6355373
6055187;1;1;1;90;2;;2;;2;;2;;2;;2;;2;;2;;2;;2;;11;12;11;3996.4455073
6055190;1;1;1;90;2;;1;2;2;;2;;2;;2;;2;;2;;2;;2;;11;12;11;3127.1623307
6055190;1;2;1;90;2;;1;7;2;;2;;2;;2;;2;;2;;2;;2;;11;12;11;3127.1623307
6055190;1;3;1;90;2;;1;1;2;;2;;2;;2;;2;;2;;2;;2;;11;12;11;3127.1623307
6055190;1;4;1;90;2;;1;2;2;;2;;2;;2;;2;;2;;2;;2;;11;12;11;3127.1623307
6055190;1;5;1;90;2;;1;1;2;;2;;2;;2;;2;;2;;2;;2;;11;12;11;3127.1623307
6055191;1;1;1;90;2;;1;5;2;;2;;2;;2;;2;;2;;2;;2;;11;12;11;4514.7808325
6055192;1;1;1;90;2;;2;;2;;2;;2;;2;;2;;2;;2;;2;;13;12;13;408.863101
6055192;1;2;1;90;2;;1;16;2;;2;;2;;2;;2;;2;;2;;2;;13;12;13;408.863101
6055192;1;3;1;90;2;;1;4;2;;2;;2;;2;;2;;2;;2;;2;;13;12;13;408.863101
6055193;1;1;1;90;2;;1;14;2;;1;15;2;;2;;2;;2;;2;;2;;13;12;13;626.02128972
6055193;1;2;1;90;2;;1;7;2;;2;;2;;2;;2;;2;;2;;2;;13;12;13;626.02128972
6055193;1;3;1;90;2;;1;4;2;;2;;2;;2;;2;;2;;2;;2;;13;12;13;626.02128972
6055193;1;5;1;90;2;;1;4;2;;2;;2;;2;;2;;2;;2;;2;;13;12;13;626.02128972
6055194;1;1;1;90;2;;1;4;2;;1;10;2;;2;;2;;2;;2;;2;;13;12;13;415.24418711
6055194;1;2;1;90;2;;1;18;2;;1;20;2;;2;;2;;2;;2;;2;;13;12;13;415.24418711
6055194;1;3;1;90;2;;1;5;2;;2;;2;;2;;2;;2;;2;;2;;13;12;13;415.24418711
6055194;1;4;1;90;2;;1;2;2;;2;;2;;2;;2;;2;;2;;2;;13;12;13;415.24418711
6055195;1;1;1;90;2;;1;15;2;;1;20;2;;2;;2;;2;;2;;2;;13;12;13;390.7538756
6055196;1;1;1;90;2;;2;;2;;2;;2;;2;;2;;2;;2;;2;;13;12;13;546.26679045
6055196;1;2;1;90;2;;1;40;2;;2;;2;;2;;2;;2;;2;;2;;13;12;13;546.26679045
6055196;1;3;1;90;2;;1;20;2;;2;;2;;2;;2;;2;;2;;2;;13;12;13;546.26679045
6055196;1;4;1;90;2;;1;10;2;;2;;2;;2;;2;;2;;2;;2;;13;12;13;546.26679045
6055197;1;1;1;90;2;;1;28;2;;2;;2;;2;;2;;2;;2;;2;;13;12;13;528.10558921
6055197;1;2;1;90;2;;1;10;2;;2;;2;;2;;2;;2;;2;;2;;13;12;13;528.10558921
6055197;1;3;1;90;2;;1;14;2;;1;21;2;;2;;2;;2;;2;;2;;13;12;13;528.10558921
6055197;1;5;1;90;2;;1;6;2;;2;;2;;2;;2;;2;;2;;2;;13;12;13;528.10558921
6055197;1;7;1;90;2;;2;;2;;2;;2;;2;;2;;2;;2;;2;;13;12;13;528.10558921
6055198;1;1;1;90;2;;1;10;2;;2;;2;;2;;2;;2;;2;;2;;13;12;13;469.42550397
6055198;1;2;1;90;2;;1;18;2;;1;35;2;;2;;2;;2;;2;;2;;13;12;13;469.42550397
6055198;1;3;1;90;2;;1;10;2;;2;;2;;2;;2;;2;;2;;2;;13;12;13;469.42550397
6055198;1;4;1;90;2;;1;10;2;;2;;2;;2;;2;;2;;2;;2;;13;12;13;469.42550397
6055199;1;1;1;90;2;;1;7;2;;2;;2;;2;;2;;2;;2;;2;;13;12;13;569.8333351
6055199;1;2;1;90;2;;2;;2;;2;;2;;2;;2;;2;;2;;2;;13;12;13;569.8333351
6055199;1;3;1;90;2;;2;;2;;2;;2;;2;;2;;2;;2;;2;;13;12;13;569.8333351
6055199;1;4;1;90;2;;1;4;2;;1;7;2;;2;;2;;2;;2;;2;;13;12;13;569.8333351
6055199;1;5;1;90;2;;1;20;2;;1;24;2;;2;;2;;2;;2;;2;;13;12;13;569.8333351
6055200;1;1;1;90;2;;1;6;2;;1;6;2;;2;;2;;2;;2;;2;;13;12;13;469.17634697
6055200;1;2;1;90;2;;1;20;2;;1;20;2;;2;;2;;2;;2;;2;;13;12;13;469.17634697
6055201;1;1;1;90;2;;2;;2;;2;;2;;2;;2;;2;;2;;2;;13;12;13;536.99898181
6055201;1;2;1;90;2;;1;20;2;;1;20;2;;2;;2;;2;;2;;2;;13;12;13;536.99898181
6055201;1;3;1;90;2;;1;15;2;;2;;2;;2;;2;;2;;2;;2;;13;12;13;536.99898181
6055201;1;4;1;90;2;;1;10;2;;2;;2;;2;;2;;2;;2;;2;;13;12;13;536.99898181
6055201;1;5;1;90;2;;1;10;2;;2;;2;;2;;2;;2;;2;;2;;13;12;13;536.99898181
6055202;1;1;1;90;2;;1;10;2;;1;10;2;;2;;2;;2;;2;;2;;13;12;13;469.17634697
6055202;1;2;1;90;2;;1;10;2;;1;20;2;;2;;2;;2;;2;;2;;13;12;13;469.17634697
6055203;1;1;1;90;2;;2;;2;;2;;2;;2;;2;;2;;2;;2;;13;12;13;335.57439618
6055203;1;2;1;90;2;;1;40;2;;1;10;2;;2;;2;;2;;2;;2;;13;12;13;335.57439618
6055203;1;3;1;90;2;;1;20;2;;2;;2;;2;;2;;2;;2;;2;;13;12;13;335.57439618
6055203;1;4;1;90;2;;1;30;2;;1;30;2;;2;;2;;2;;2;;2;;13;12;13;335.57439618
6055203;1;5;1;90;2;;2;;2;;1;10;2;;2;;2;;2;;2;;2;;13;12;13;335.57439618
6055203;1;9;1;90;2;;2;;2;;2;;2;;2;;2;;2;;2;;2;;13;12;13;335.57439618
6055203;1;10;1;90;2;;1;40;2;;2;;2;;2;;2;;2;;2;;2;;13;12;13;335.57439618
6055204;1;1;1;90;2;;1;40;2;;2;;2;;2;;2;;2;;2;;2;;13;12;13;419.16494259
6055204;1;2;1;90;2;;1;10;2;;2;;2;;2;;2;;2;;2;;2;;13;12;13;419.16494259
6055204;1;3;1;90;2;;1;10;2;;2;;2;;2;;2;;2;;2;;2;;13;12;13;419.16494259
6055205;1;1;1;90;2;;1;30;2;;1;30;2;;2;;2;;2;;2;;2;;13;12;13;533.90528252
6055205;1;2;1;90;2;;1;10;2;;2;;2;;2;;2;;2;;2;;2;;13;12;13;533.90528252
6055205;1;3;1;90;2;;1;15;2;;2;;2;;2;;2;;2;;2;;2;;13;12;13;533.90528252
6055206;1;1;1;90;2;;1;30;2;;1;20;2;;2;;2;;2;;2;;2;;13;12;13;223.83104485
6055206;1;2;1;90;2;;1;20;2;;1;10;2;;2;;2;;2;;2;;2;;13;12;13;223.83104485
6055206;1;3;1;90;2;;1;10;2;;2;;2;;2;;2;;2;;2;;2;;13;12;13;223.83104485
6055206;1;4;1;90;2;;1;30;2;;1;40;2;;2;;2;;2;;2;;2;;13;12;13;223.83104485
6055207;1;1;1;90;2;;1;15;2;;2;;2;;2;;2;;2;;2;;2;;13;12;13;436.14586525
6055207;1;2;1;90;2;;1;40;2;;2;;2;;2;;2;;2;;2;;2;;13;12;13;436.14586525
6055208;1;1;1;90;2;;2;;2;;2;;2;;2;;2;;2;;2;;2;;13;12;13;436.14586525
6055208;1;2;1;90;2;;1;30;2;;2;;2;;2;;2;;2;;2;;2;;13;12;13;436.14586525
6055209;1;1;1;90;2;;1;8;2;;2;;2;;2;;2;;2;;2;;2;;13;12;13;401.44098156
6055209;1;2;1;90;2;;1;18;2;;2;;2;;2;;2;;2;;2;;2;;13;12;13;401.44098156
6055209;1;3;1;90;2;;2;;2;;2;;2;;2;;2;;2;;2;;2;;13;12;13;401.44098156
6055209;1;4;1;90;2;;1;10;2;;2;;2;;2;;2;;2;;2;;2;;13;12;13;401.44098156
6055210;1;1;1;90;2;;2;;2;;2;;2;;2;;2;;2;;2;;2;;13;12;13;514.77287249
6055210;1;2;1;90;2;;1;30;2;;1;10;1;20;2;;2;;2;;2;;2;;13;12;13;514.77287249
6055210;1;3;1;90;2;;1;10;2;;1;15;2;;2;;2;;2;;2;;2;;13;12;13;514.77287249
6055210;1;4;1;90;2;;1;20;2;;1;30;2;;2;;2;;2;;2;;2;;13;12;13;514.77287249
6055211;1;1;1;90;2;;1;20;2;;2;;2;;2;;2;;2;;2;;2;;13;12;13;564.08561762
6055211;1;2;1;90;2;;1;35;2;;2;;2;;2;;2;;2;;2;;2;;13;12;13;564.08561762
6055211;1;3;1;90;2;;1;10;2;;2;;2;;2;;2;;2;;2;;2;;13;12;13;564.08561762
6055211;1;4;1;90;2;;1;10;2;;2;;2;;2;;2;;2;;2;;2;;13;12;13;564.08561762
6055213;1;1;1;90;2;;1;15;2;;2;;2;;2;;2;;2;;2;;2;;13;12;13;283.80307078
6055213;1;2;1;90;2;;1;15;2;;2;;2;;2;;2;;2;;2;;2;;13;12;13;283.80307078
6055214;1;1;1;90;2;;1;30;2;;2;;2;;2;;2;;2;;2;;2;;13;12;13;424.80299034
6055214;1;2;1;90;2;;1;10;2;;2;;2;;2;;2;;2;;2;;2;;13;12;13;424.80299034
6055214;1;3;1;90;2;;1;15;2;;2;;2;;2;;2;;2;;2;;2;;13;12;13;424.80299034
6055214;1;4;1;90;2;;1;10;2;;2;;2;;2;;2;;2;;2;;2;;13;12;13;424.80299034
6055215;1;1;1;90;2;;1;40;2;;1;20;2;;2;;2;;2;;2;;2;;13;12;13;305.17348737
6055215;1;3;1;90;2;;1;10;2;;1;20;2;;2;;2;;2;;2;;2;;13;12;13;305.17348737
6055217;1;1;1;90;2;;1;4;2;;2;;2;;2;;2;;2;;2;;2;;13;12;13;498.72331343
6055217;1;2;1;90;2;;1;21;2;;2;;2;;2;;2;;2;;2;;2;;13;12;13;498.72331343
6055217;1;3;1;90;2;;1;10;2;;2;;2;;2;;2;;2;;2;;2;;13;12;13;498.72331343
6055218;1;1;1;90;2;;1;8;2;;2;;2;;2;;2;;2;;2;;2;;13;12;13;370.48556611
6055218;1;2;1;90;2;;1;8;2;;2;;2;;2;;2;;2;;2;;2;;13;12;13;370.48556611
6055218;1;3;1;90;2;;1;8;2;;2;;2;;2;;2;;2;;2;;2;;13;12;13;370.48556611
6055219;1;1;1;90;2;;1;18;2;;1;28;2;;2;;2;;2;;2;;2;;13;12;13;434.0788442
6055219;1;2;1;90;2;;1;20;2;;1;30;2;;2;;2;;2;;2;;2;;13;12;13;434.0788442
6055219;1;3;1;90;2;;1;8;2;;2;;2;;2;;2;;2;;2;;2;;13;12;13;434.0788442
6055219;1;5;1;90;2;;1;12;2;;2;;2;;2;;2;;2;;2;;2;;13;12;13;434.0788442
6055219;1;6;1;90;2;;1;20;2;;1;24;2;;2;;2;;2;;2;;2;;13;12;13;434.0788442
6055222;1;1;1;90;2;;1;8;2;;2;;2;;2;;2;;2;;2;;2;;13;12;13;468.13531365
6055222;1;2;1;90;2;;1;14;2;;2;;2;;2;;2;;2;;2;;2;;13;12;13;468.13531365
6055222;1;3;1;90;2;;1;2;2;;2;;2;;2;;2;;2;;2;;2;;13;12;13;468.13531365
6055222;1;5;1;90;2;;1;14;2;;2;;2;;2;;2;;2;;2;;2;;13;12;13;468.13531365
6055223;1;1;1;90;2;;1;7;2;;2;;2;;2;;2;;2;;2;;2;;13;12;13;554.82480935
6055223;1;2;1;90;2;;1;15;2;;2;;2;;2;;2;;2;;2;;2;;13;12;13;554.82480935
6055224;1;1;1;90;2;;1;22;2;;2;;2;;2;;2;;2;;2;;2;;13;12;13;436.14586525
6055224;1;2;1;90;2;;2;;2;;2;;2;;2;;2;;2;;2;;2;;13;12;13;436.14586525
6055225;1;1;1;90;2;;1;10;2;;1;15;2;;2;;2;;2;;2;;2;;13;12;13;390.16512808
6055225;1;2;1;90;2;;1;15;2;;1;20;2;;2;;2;;2;;2;;2;;13;12;13;390.16512808
6055226;1;1;1;90;2;;1;10;2;;2;;2;;2;;2;;2;;2;;2;;13;12;13;553.78377603
6055226;1;2;1;90;2;;1;40;2;;2;;2;;2;;2;;2;;2;;2;;13;12;13;553.78377603
6055226;1;3;1;90;2;;2;;2;;2;;2;;2;;2;;2;;2;;2;;13;12;13;553.78377603
6055226;1;4;1;90;2;;2;;2;;2;;2;;2;;2;;2;;2;;2;;13;12;13;553.78377603
6055227;1;1;1;90;2;;1;10;2;;2;;2;;2;;2;;2;;2;;2;;13;12;13;408.95796714
6055227;1;2;1;90;2;;1;30;2;;2;;2;;2;;2;;2;;2;;2;;13;12;13;408.95796714
6055227;1;3;1;90;2;;1;10;2;;2;;2;;2;;2;;2;;2;;2;;13;12;13;408.95796714
6055227;1;4;1;90;2;;2;;2;;2;;2;;2;;2;;2;;2;;2;;13;12;13;408.95796714
6055228;1;1;1;90;2;;1;30;2;;2;;2;;2;;2;;2;;2;;2;;13;12;13;364.10447999
6055228;1;2;1;90;2;;1;20;2;;2;;2;;2;;2;;2;;2;;2;;13;12;13;364.10447999
6055229;1;1;1;90;2;;1;20;2;;1;20;2;;2;;2;;2;;2;;2;;13;12;13;275.35496362
6055229;1;2;1;90;2;;1;8;2;;2;;2;;2;;2;;2;;2;;2;;13;12;13;275.35496362
6055229;1;3;1;90;2;;2;;2;;2;;2;;2;;2;;2;;2;;2;;13;12;13;275.35496362
6055229;1;4;1;90;2;;1;8;2;;1;8;2;;2;;2;;2;;2;;2;;13;12;13;275.35496362
6055230;1;1;1;90;2;;2;;2;;2;;2;;2;;2;;2;;2;;2;;13;12;13;286.63081711
6055230;1;2;1;90;2;;1;16;2;;2;;2;;2;;2;;2;;2;;2;;13;12;13;286.63081711
6055230;1;3;1;90;2;;1;18;2;;2;;2;;2;;2;;2;;2;;2;;13;12;13;286.63081711
6055230;1;4;1;90;2;;1;20;2;;2;;2;;2;;2;;2;;2;;2;;13;12;13;286.63081711
6055230;1;5;1;90;2;;1;10;2;;1;18;2;;2;;2;;2;;2;;2;;13;12;13;286.63081711
6055230;1;7;1;90;2;;1;10;2;;2;;2;;2;;2;;2;;2;;2;;13;12;13;286.63081711
6055236;1;1;1;90;2;;1;14;2;;2;;2;;2;;2;;2;;2;;2;;13;12;13;586.52326318
6055236;1;2;1;90;2;;1;14;2;;2;;2;;2;;2;;2;;2;;2;;13;12;13;586.52326318
6055236;1;3;1;90;2;;1;10;2;;2;;2;;2;;2;;2;;2;;2;;13;12;13;586.52326318
6055238;1;1;1;90;2;;1;15;2;;2;;2;;2;;2;;2;;2;;2;;13;12;13;357.72339387
6055239;1;1;1;90;2;;1;12;2;;2;;2;;2;;1;20;2;;2;;2;;13;12;13;357.72339387
6055240;1;1;1;90;2;;1;4;2;;2;;2;;2;;2;;2;;2;;2;;13;12;13;497.58741397
6055240;1;2;1;90;2;;1;18;2;;1;20;2;;2;;2;;2;;2;;2;;13;12;13;497.58741397
6055240;1;3;1;90;2;;1;4;2;;2;;2;;2;;2;;2;;2;;2;;13;12;13;497.58741397
6055240;1;4;1;90;2;;1;2;2;;2;;2;;2;;2;;2;;2;;2;;13;12;13;497.58741397
6055241;1;1;1;90;2;;2;;2;;1;15;2;;2;;2;;2;;2;;2;;13;12;13;215.82185848
6055241;1;4;1;90;2;;2;;2;;2;;2;;2;;2;;2;;2;;2;;13;12;13;215.82185848
6055241;1;5;1;90;2;;2;;2;;2;;2;;2;;2;;2;;2;;2;;13;12;13;215.82185848
6055242;1;1;1;90;2;;1;30;2;;2;;2;;2;;2;;2;;2;;2;;13;12;13;480.90448626
6055242;1;2;1;90;2;;1;10;2;;2;;2;;2;;2;;2;;2;;2;;13;12;13;480.90448626
6055242;1;3;1;90;2;;2;;2;;2;;2;;2;;2;;2;;2;;2;;13;12;13;480.90448626
6055243;1;1;1;90;2;;1;6;2;;2;;2;;2;;2;;2;;2;;2;;13;12;13;420.30084205
6055243;1;2;1;90;2;;1;7;2;;2;;2;;2;;2;;2;;2;;2;;13;12;13;420.30084205
6055245;1;1;1;90;2;;2;;2;;2;;2;;2;;2;;2;;2;;2;;13;12;13;375.54222105
6055246;1;1;1;90;2;;2;;2;;2;;2;;2;;2;;2;;2;;2;;13;12;13;420.30084205
6055246;1;2;1;90;2;;1;15;2;;2;;2;;2;;2;;2;;2;;2;;13;12;13;420.30084205
6055247;1;1;1;90;2;;1;7;2;;1;7;2;;2;;2;;2;;2;;2;;13;12;13;497.58741397
6055247;1;2;1;90;2;;1;16;2;;1;18;2;;2;;2;;2;;2;;2;;13;12;13;497.58741397
6055247;1;3;1;90;2;;1;2;2;;2;;2;;2;;2;;2;;2;;2;;13;12;13;497.58741397
6055247;1;4;1;90;2;;2;;2;;2;;2;;2;;2;;2;;2;;2;;13;12;13;497.58741397
6055248;1;1;1;90;2;;2;;2;;2;;2;;2;;2;;2;;2;;2;;13;12;13;402.48201488
6055248;1;2;1;90;2;;1;20;2;;2;;2;;2;;2;;2;;2;;2;;13;12;13;402.48201488
6055249;1;1;1;90;2;;2;;2;;2;;2;;2;;2;;2;;2;;2;;13;12;13;413.07485105
6055249;1;2;1;90;2;;2;;2;;2;;2;;2;;2;;2;;2;;2;;13;12;13;413.07485105
6055249;1;3;1;90;2;;2;;2;;1;15;2;;2;;2;;2;;2;;2;;13;12;13;413.07485105
6055251;1;1;1;90;2;;2;;2;;2;;2;;2;;2;;2;;2;;2;;13;12;13;420.30084205
6055251;1;2;1;90;2;;1;10;2;;2;;2;;2;;2;;2;;2;;2;;13;12;13;420.30084205
6055253;1;1;1;90;2;;1;21;2;;2;;2;;2;;2;;2;;2;;2;;13;12;13;397.13496171
6055253;1;2;1;90;2;;1;20;2;;2;;2;;2;;2;;2;;2;;2;;13;12;13;397.13496171
6055254;1;1;1;90;2;;1;3;2;;2;;2;;2;;2;;2;;2;;2;;13;12;13;449.00290362
6055254;1;2;1;90;2;;1;10;2;;2;;1;6;2;;2;;2;;2;;2;;13;12;13;449.00290362
6055254;1;3;1;90;2;;2;;2;;2;;2;;2;;2;;2;;2;;2;;13;12;13;449.00290362
6055254;1;4;1;90;2;;1;5;2;;2;;1;4;2;;2;;2;;2;;2;;13;12;13;449.00290362
6055254;1;5;1;90;2;;2;;2;;2;;2;;2;;2;;2;;2;;2;;13;12;13;449.00290362
6055255;1;1;1;90;2;;1;15;2;;2;;2;;2;;2;;2;;2;;2;;13;12;13;516.44727445
6055255;1;2;1;90;2;;1;8;2;;2;;2;;2;;2;;2;;2;;2;;13;12;13;516.44727445
6055256;1;1;1;90;2;;1;10;2;;2;;2;;2;;2;;2;;2;;2;;13;12;13;420.30084205
6055256;1;2;1;90;2;;1;10;2;;2;;2;;2;;2;;2;;2;;2;;13;12;13;420.30084205
6055257;1;1;1;90;2;;1;5;2;;1;12;2;;2;;2;;2;;2;;2;;13;12;13;524.23680957
6055257;1;2;1;90;2;;1;12;2;;2;;2;;2;;2;;2;;2;;2;;13;12;13;524.23680957
6055257;1;3;1;90;2;;1;2;2;;1;10;2;;2;;2;;2;;2;;2;;13;12;13;524.23680957
6055259;1;1;1;90;2;;1;15;2;;2;;2;;2;;2;;2;;2;;2;;13;12;13;442.52695136
6055259;1;2;1;90;2;;1;15;2;;2;;2;;2;;2;;2;;2;;2;;13;12;13;442.52695136
6055259;1;3;1;90;2;;1;15;2;;2;;2;;2;;2;;2;;2;;2;;13;12;13;442.52695136
6055260;1;1;1;90;2;;1;10;2;;1;10;2;;2;;2;;2;;2;;2;;13;12;13;389.71284228
6055260;1;2;1;90;2;;1;10;2;;2;;2;;2;;2;;2;;2;;2;;13;12;13;389.71284228
6055260;1;4;1;90;2;;1;30;2;;1;20;2;;2;;2;;2;;2;;2;;13;12;13;389.71284228
6055261;1;1;1;90;2;;1;10;2;;2;;2;;2;;2;;2;;2;;2;;13;12;13;408.863101
6055261;1;2;1;90;2;;1;20;2;;2;;2;;2;;2;;2;;2;;2;;13;12;13;408.863101
6055261;1;3;1;90;2;;1;20;2;;2;;2;;2;;2;;2;;2;;2;;13;12;13;408.863101
6055262;1;1;1;90;2;;1;15;2;;2;;2;;2;;2;;2;;2;;2;;13;12;13;436.14586525
6055262;1;2;1;90;2;;1;15;2;;2;;2;;2;;2;;2;;2;;2;;13;12;13;436.14586525
6055263;1;1;1;90;2;;1;10;2;;2;;2;;2;;2;;2;;2;;2;;13;12;13;476.40233797
6055267;1;1;1;90;2;;2;;2;;1;14;2;;2;;2;;2;;2;;2;;13;12;13;451.6066768
6055267;1;2;1;90;2;;1;15;2;;1;10;2;;2;;2;;2;;2;;2;;13;12;13;451.6066768
6055267;1;4;1;90;2;;2;;2;;1;4;2;;2;;2;;2;;2;;2;;13;12;13;451.6066768
6055267;1;5;1;90;2;;2;;2;;2;;2;;2;;2;;2;;2;;2;;13;12;13;451.6066768
6055268;1;1;1;90;2;;1;14;2;;2;;2;;2;;2;;2;;2;;2;;13;12;13;453.96469242
6055268;1;2;1;90;2;;1;8;2;;2;;2;;2;;2;;2;;2;;2;;13;12;13;453.96469242
6055269;1;1;1;90;2;;1;20;2;;2;;2;;2;;2;;2;;2;;2;;13;12;13;298.79240126
6055270;1;1;1;90;2;;1;25;2;;2;;2;;2;;2;;2;;2;;2;;13;12;13;424.80299034
6055270;1;2;1;90;2;;2;;2;;2;;2;;2;;2;;2;;2;;2;;13;12;13;424.80299034
6055270;1;3;1;90;2;;2;;2;;2;;2;;2;;2;;2;;2;;2;;13;12;13;424.80299034
6055270;1;4;1;90;2;;2;;2;;2;;2;;2;;2;;2;;2;;2;;13;12;13;424.80299034
6055271;1;1;1;90;2;;1;8;2;;2;;2;;2;;2;;2;;2;;2;;13;12;13;368.60662827
6055271;1;2;1;90;2;;1;18;2;;2;;2;;2;;2;;2;;2;;2;;13;12;13;368.60662827
6055271;1;3;1;90;2;;1;6;2;;2;;2;;2;;2;;2;;2;;2;;13;12;13;368.60662827
6055271;1;4;1;90;2;;1;6;2;;2;;2;;2;;2;;2;;2;;2;;13;12;13;368.60662827
6055272;1;1;1;90;2;;2;;2;;2;;2;;2;;2;;2;;2;;2;;13;12;13;420.30084205
6055272;1;2;1;90;2;;1;30;2;;2;;2;;2;;2;;2;;2;;2;;13;12;13;420.30084205
6055273;1;1;1;90;2;;1;30;2;;2;;2;;2;;2;;2;;2;;2;;13;12;13;420.30084205
6055273;1;2;1;90;2;;1;40;2;;2;;2;;2;;2;;2;;2;;2;;13;12;13;420.30084205
6055274;1;1;1;90;2;;1;20;2;;2;;2;;2;;2;;2;;2;;2;;13;12;13;442.52695136
6055274;1;2;1;90;2;;1;10;2;;2;;2;;2;;2;;2;;2;;2;;13;12;13;442.52695136
6055274;1;3;1;90;2;;1;20;2;;2;;2;;2;;2;;2;;2;;2;;13;12;13;442.52695136
6055275;1;1;1;90;2;;1;20;2;;1;20;2;;2;;2;;2;;2;;2;;13;12;13;344.77313843
6055276;1;1;1;90;2;;1;10;2;;2;;2;;2;;2;;2;;2;;2;;13;12;13;510.06618834
6055277;1;1;1;90;2;;1;15;2;;2;;2;;2;;2;;2;;2;;2;;13;12;13;357.72339387
6055278;1;1;1;90;2;;1;40;2;;2;;2;;2;;2;;2;;2;;2;;13;12;13;416.35488317
6055278;1;2;1;90;2;;2;;2;;2;;2;;2;;2;;2;;2;;2;;13;12;13;416.35488317
6055278;1;3;1;90;2;;2;;2;;2;;2;;2;;2;;2;;2;;2;;13;12;13;416.35488317
6055278;1;4;1;90;2;;1;16;2;;1;16;2;;2;;2;;2;;2;;2;;13;12;13;416.35488317
6055278;1;7;1;90;2;;2;;2;;2;;2;;2;;2;;2;;2;;2;;13;12;13;416.35488317
6055278;1;8;1;90;2;;2;;2;;2;;2;;2;;2;;2;;2;;2;;13;12;13;416.35488317
6055279;1;1;1;90;2;;1;10;2;;1;6;2;;2;;2;;2;;2;;2;;13;12;13;478.2560724
6055279;1;2;1;90;2;;2;;2;;2;;2;;2;;2;;2;;2;;2;;13;12;13;478.2560724
6055279;1;3;1;90;2;;2;;2;;2;;2;;2;;2;;2;;2;;2;;13;12;13;478.2560724
6055282;1;1;1;90;2;;1;30;2;;2;;2;;2;;2;;2;;2;;2;;13;12;13;420.30084205
6055282;1;2;1;90;2;;1;10;2;;2;;2;;2;;2;;2;;2;;2;;13;12;13;420.30084205
6055285;1;1;1;90;2;;1;30;2;;2;;2;;2;;2;;2;;2;;2;;13;12;13;490.27520626
6055285;1;2;1;90;2;;1;40;2;;1;15;2;;2;;2;;2;;2;;2;;13;12;13;490.27520626
6055285;1;3;1;90;2;;1;15;2;;2;;2;;2;;2;;2;;2;;2;;13;12;13;490.27520626
6055285;1;4;1;90;2;;1;20;2;;1;20;2;;2;;2;;2;;2;;2;;13;12;13;490.27520626
6055285;1;5;1;90;2;;1;20;2;;1;20;2;;2;;2;;2;;2;;2;;13;12;13;490.27520626
6055286;1;1;1;90;2;;1;10;2;;1;10;2;;2;;2;;2;;2;;2;;13;12;13;390.16512808
6055286;1;2;1;90;2;;1;10;2;;1;10;2;;2;;2;;2;;2;;2;;13;12;13;390.16512808
6055288;1;1;1;90;2;;1;10;2;;2;;2;;2;;2;;2;;2;;2;;13;12;13;375.54222105
6055289;1;1;1;90;2;;2;;2;;2;;2;;2;;2;;2;;2;;2;;13;12;13;497.58741397
6055289;1;2;1;90;2;;1;18;2;;2;;2;;2;;2;;2;;2;;2;;13;12;13;497.58741397
6055289;1;3;1;90;2;;1;10;2;;2;;2;;2;;2;;2;;2;;2;;13;12;13;497.58741397
6055289;1;4;1;90;2;;1;10;2;;2;;2;;2;;2;;2;;2;;2;;13;12;13;497.58741397
6055291;1;1;1;90;2;;1;7;2;;2;;2;;2;;2;;2;;2;;2;;13;12;13;510.06618834
6055292;1;1;1;90;2;;1;2;2;;2;;2;;2;;2;;2;;2;;2;;13;12;13;486.70417957
6055294;1;1;1;90;2;;1;4;2;;2;;2;;2;;2;;2;;2;;2;;13;12;13;510.06618834
6055297;1;1;1;90;2;;1;30;2;;1;20;2;;2;;2;;2;;2;;2;;13;12;13;412.78385648
6055297;1;2;1;90;2;;1;10;2;;2;;2;;2;;2;;2;;2;;2;;13;12;13;412.78385648
6055298;1;1;1;90;2;;1;14;2;;2;;2;;2;;2;;2;;2;;2;;13;12;13;554.82480935
6055298;1;2;1;90;2;;1;14;2;;2;;2;;2;;2;;2;;2;;2;;13;12;13;554.82480935
6055299;1;1;1;90;2;;1;20;2;;2;;2;;2;;2;;2;;2;;2;;13;12;13;476.40233797
6055300;1;1;1;90;2;;2;;2;;2;;2;;2;;2;;2;;2;;2;;13;12;13;502.2068287
6055300;1;2;1;90;2;;1;10;2;;1;10;2;;2;;2;;2;;2;;2;;13;12;13;502.2068287
6055301;1;1;1;90;2;;1;16;2;;2;;2;;2;;2;;2;;2;;2;;13;12;13;375.54222105
6055302;1;1;1;90;2;;1;14;2;;1;16;2;;2;;2;;2;;2;;2;;13;12;13;377.21487263
6055302;1;2;1;90;2;;2;;2;;2;;2;;2;;2;;2;;2;;2;;13;12;13;377.21487263
6055303;1;1;1;90;2;;1;15;2;;1;16;2;;2;;2;;2;;2;;2;;13;12;13;389.71284228
6055303;1;2;1;90;2;;1;10;2;;1;18;2;;2;;2;;2;;2;;2;;13;12;13;389.71284228
6055303;1;3;1;90;2;;1;3;2;;2;;2;;2;;2;;2;;2;;2;;13;12;13;389.71284228
6055304;1;1;1;90;2;;1;10;2;;2;;2;;2;;2;;2;;2;;2;;13;12;13;375.54222105
6055305;1;1;1;90;2;;1;20;1;20;1;20;2;;2;;2;;2;;2;;2;;13;12;13;532.38716379
6055305;1;2;1;90;2;;1;6;2;;2;;2;;2;;2;;2;;2;;2;;13;12;13;532.38716379
6055305;1;3;1;90;2;;1;6;2;;2;;2;;2;;2;;2;;2;;2;;13;12;13;532.38716379
6055430;1;1;1;90;2;;1;7;2;;2;;2;;2;;2;;2;;2;;2;;17;12;17;188.57458546
6055430;1;2;1;90;2;;1;7;2;;2;;2;;2;;2;;2;;2;;2;;17;12;17;188.57458546
6055431;1;1;1;90;2;;2;;2;;2;;2;;2;;2;;2;;2;;2;;17;12;17;187.51816749
6055431;1;2;1;90;2;;1;24;2;;2;;2;;2;;2;;2;;2;;2;;17;12;17;187.51816749
6055432;1;1;1;90;2;;1;7;2;;2;;2;;2;;2;;2;;2;;2;;17;12;17;239.01610182
6055433;1;1;1;90;2;;1;7;2;;2;;2;;2;;2;;2;;2;;2;;17;12;17;222.60394213
6055433;1;2;1;90;2;;2;;2;;2;;2;;2;;2;;2;;2;;2;;17;12;17;222.60394213
6055433;1;3;1;90;2;;2;;2;;2;;2;;2;;2;;2;;2;;2;;17;12;17;222.60394213
6055433;1;4;1;90;2;;2;;2;;2;;2;;2;;2;;2;;2;;2;;17;12;17;222.60394213
6055435;1;1;1;90;2;;1;30;2;;2;;2;;2;;2;;2;;2;;2;;17;12;17;180.89420434
6055435;1;2;1;90;2;;2;;2;;2;;2;;2;;2;;2;;2;;2;;17;12;17;180.89420434
6055435;1;3;1;90;2;;2;;2;;2;;2;;2;;2;;2;;2;;2;;17;12;17;180.89420434
6055437;1;1;1;90;2;;2;;2;;2;;2;;2;;2;;2;;2;;2;;17;12;17;195.07149466
6055437;1;2;1;90;2;;2;;2;;2;;2;;2;;2;;2;;2;;2;;17;12;17;195.07149466
6055437;1;3;1;90;2;;2;;2;;2;;2;;2;;2;;2;;2;;2;;17;12;17;195.07149466
6055437;1;4;1;90;2;;2;;2;;2;;2;;2;;2;;2;;2;;2;;17;12;17;195.07149466
6055446;1;1;1;90;2;;1;60;2;;2;;2;;2;;2;;2;;2;;2;;17;12;17;196.13084631
6055446;1;2;1;90;2;;1;3;2;;2;;2;;2;;2;;2;;2;;2;;17;12;17;196.13084631
6055447;1;1;1;90;2;;2;;2;;2;;2;;2;;2;;2;;2;;2;;17;12;17;210.30813664
6055447;1;2;1;90;2;;1;35;2;;2;;2;;2;;2;;2;;2;;2;;17;12;17;210.30813664
6055447;1;3;1;90;2;;2;;2;;2;;2;;2;;2;;2;;2;;2;;17;12;17;210.30813664
6055449;1;1;1;90;2;;2;;2;;2;;2;;2;;2;;2;;2;;2;;17;12;17;188.57458546
6055449;1;2;1;90;2;;1;6;2;;2;;2;;2;;2;;2;;2;;2;;17;12;17;188.57458546
6055456;1;1;1;90;2;;1;35;2;;2;;1;10;2;;2;;2;;2;;2;;17;12;17;163.40555855
6055456;1;2;1;90;2;;2;;2;;2;;2;;2;;2;;2;;2;;2;;17;12;17;163.40555855
6055456;1;3;1;90;2;;2;;2;;2;;2;;2;;2;;2;;2;;2;;17;12;17;163.40555855
6055461;1;1;1;90;2;;1;30;2;;2;;2;;2;;2;;2;;2;;2;;17;12;17;154.79287972
6055461;1;2;1;90;2;;2;;2;;2;;2;;2;;2;;2;;2;;2;;17;12;17;154.79287972
6055461;1;3;1;90;2;;1;7;2;;2;;2;;2;;2;;2;;2;;2;;17;12;17;154.79287972
6055462;1;1;1;90;2;;2;;2;;2;;2;;2;;2;;2;;2;;2;;17;12;17;196.13084631
6055462;1;2;1;90;2;;2;;2;;2;;2;;2;;2;;2;;2;;2;;17;12;17;196.13084631
6055463;1;1;1;90;2;;1;30;2;;2;;2;;2;;2;;2;;2;;2;;17;12;17;202.75480947
6055466;1;1;1;90;2;;1;3;2;;2;;2;;2;;2;;2;;2;;2;;17;12;17;216.93209979
6055466;1;2;1;90;2;;1;20;2;;2;;2;;2;;2;;2;;2;;2;;17;12;17;216.93209979
6055467;1;1;1;90;2;;1;14;2;;2;;2;;2;;2;;2;;2;;2;;17;12;17;216.93209979
6055467;1;2;1;90;2;;2;;2;;2;;2;;2;;2;;2;;2;;2;;17;12;17;216.93209979
6055468;1;1;1;90;2;;1;7;2;;2;;2;;2;;2;;2;;2;;2;;17;12;17;249.65738756
6055470;1;1;1;90;2;;1;5;2;;2;;2;;2;;2;;2;;2;;2;;17;12;17;248.8323207
6055500;1;1;1;90;2;;1;3;2;;2;;2;;2;;2;;2;;2;;2;;17;12;17;203.81122744
6055502;1;1;1;90;2;;2;;2;;2;;2;;2;;2;;2;;2;;2;;17;12;17;202.75480947
6055504;1;1;1;90;2;;1;3;2;;1;6;2;;2;;2;;2;;2;;2;;17;12;17;287.34184854
6055504;1;2;1;90;2;;1;35;2;;1;30;2;;2;;2;;2;;2;;2;;17;12;17;287.34184854
6055509;1;1;1;90;2;;1;30;2;;2;;2;;2;;2;;2;;2;;2;;17;12;17;187.51816749
6055509;1;2;1;90;2;;2;;2;;2;;2;;2;;2;;2;;2;;2;;17;12;17;187.51816749
6055513;1;1;1;90;2;;1;15;2;;2;;2;;2;;2;;2;;2;;2;;17;12;17;216.93209979
6055513;1;2;1;90;2;;1;10;2;;2;;2;;2;;2;;2;;2;;2;;17;12;17;216.93209979
6055518;1;1;1;90;2;;1;7;2;;2;;2;;2;;2;;2;;2;;2;;17;12;17;216.93209979
6055518;1;2;1;90;2;;2;;2;;2;;2;;2;;2;;2;;2;;2;;17;12;17;216.93209979
6055520;1;1;1;90;2;;2;;2;;2;;2;;2;;2;;2;;2;;2;;17;12;17;216.93209979
6055520;1;2;1;90;2;;1;7;2;;2;;2;;2;;2;;2;;2;;2;;17;12;17;216.93209979
6055521;1;1;1;90;2;;1;30;2;;2;;2;;2;;2;;2;;2;;2;;17;12;17;232.39213866
6055521;1;2;1;90;2;;1;20;2;;2;;2;;2;;2;;2;;2;;2;;17;12;17;232.39213866
6055522;1;1;1;90;2;;1;4;2;;2;;2;;2;;2;;2;;2;;2;;17;12;17;399.44278177
6055522;1;2;1;90;2;;1;50;2;;2;;2;;2;;2;;2;;2;;2;;17;12;17;399.44278177
6055523;1;1;1;90;2;;1;40;2;;2;;2;;2;;2;;2;;2;;2;;17;12;17;164.46197652
6055523;1;2;1;90;2;;1;6;2;;2;;2;;2;;2;;2;;2;;2;;17;12;17;164.46197652
6055523;1;3;1;90;2;;1;4;2;;2;;2;;2;;2;;2;;2;;2;;17;12;17;164.46197652
6055524;1;1;1;90;2;;1;20;2;;2;;2;;2;;2;;2;;2;;2;;17;12;17;249.65738756
6055528;1;1;1;90;2;;2;;2;;2;;2;;2;;2;;2;;2;;2;;17;12;17;200.63903984
6055528;1;2;1;90;2;;1;60;2;;2;;2;;2;;2;;2;;2;;2;;17;12;17;200.63903984
6055528;1;3;1;90;2;;2;;2;;2;;2;;2;;2;;2;;2;;2;;17;12;17;200.63903984
6055529;1;1;1;90;2;;1;4;2;;2;;2;;2;;2;;2;;2;;2;;17;12;17;166.8573341
6055529;1;2;1;90;2;;1;50;2;;2;;2;;2;;2;;2;;2;;2;;17;12;17;166.8573341
6055529;1;3;1;90;2;;1;6;2;;2;;2;;2;;2;;2;;2;;2;;17;12;17;166.8573341
6055529;1;4;1;90;2;;2;;2;;2;;2;;2;;2;;2;;2;;2;;17;12;17;166.8573341
6055531;1;1;1;90;2;;2;;2;;2;;2;;2;;2;;2;;2;;2;;17;12;17;234.42074558
6055531;1;2;1;90;2;;1;5;2;;2;;2;;2;;2;;2;;2;;2;;17;12;17;234.42074558
6055532;1;1;1;90;2;;2;;2;;2;;2;;2;;2;;2;;2;;2;;17;12;17;364.23790739
6055532;1;2;1;90;2;;1;6;2;;2;;2;;2;;2;;2;;2;;2;;17;12;17;364.23790739
6055533;1;1;1;90;2;;1;6;2;;2;;2;;2;;2;;2;;2;;2;;17;12;17;229.91255205
6055534;1;1;1;90;2;;2;;2;;2;;2;;2;;2;;2;;2;;2;;17;12;17;173.21088953
6055534;1;2;1;90;2;;2;;2;;2;;2;;2;;2;;2;;2;;2;;17;12;17;173.21088953
6055534;1;3;1;90;2;;2;;2;;2;;2;;2;;2;;2;;2;;2;;17;12;17;173.21088953
6055534;1;4;1;90;2;;2;;2;;2;;2;;2;;2;;2;;2;;2;;17;12;17;173.21088953
6055534;1;5;1;90;2;;2;;2;;2;;2;;2;;2;;2;;2;;2;;17;12;17;173.21088953
6055534;1;6;1;90;2;;1;7;2;;2;;2;;2;;2;;2;;2;;2;;17;12;17;173.21088953
6055537;1;1;1;90;2;;1;30;2;;2;;2;;2;;2;;2;;2;;2;;17;12;17;183.15039405
6055537;1;2;1;90;2;;2;;2;;2;;2;;2;;2;;2;;2;;2;;17;12;17;183.15039405
6055537;1;3;1;90;2;;1;5;2;;2;;2;;2;;2;;2;;2;;2;;17;12;17;183.15039405
6055540;1;1;1;90;2;;2;;2;;2;;2;;2;;2;;2;;2;;2;;17;12;17;135.19139798
6055540;1;2;1;90;2;;1;30;2;;2;;1;14;2;;2;;2;;2;;2;;17;12;17;135.19139798
6055540;1;3;1;90;2;;1;30;2;;2;;2;;2;;2;;2;;2;;2;;17;12;17;135.19139798
6055543;1;1;1;90;2;;1;10;2;;2;;2;;2;;2;;2;;2;;2;;17;12;17;202.75480947
6055545;1;1;1;90;2;;2;;2;;2;;2;;2;;2;;2;;2;;2;;17;12;17;180.89420434
6055545;1;2;1;90;2;;1;30;2;;2;;2;;2;;2;;2;;2;;2;;17;12;17;180.89420434
6055545;1;3;1;90;2;;2;;2;;2;;2;;2;;2;;2;;2;;2;;17;12;17;180.89420434
6055546;1;1;1;90;2;;2;;2;;2;;2;;2;;2;;2;;2;;2;;17;12;17;424.71903952
6055546;1;2;1;90;2;;1;50;2;;2;;2;;2;;2;;2;;2;;2;;17;12;17;424.71903952
6055560;1;1;1;90;2;;2;;2;;2;;2;;2;;2;;2;;2;;2;;17;12;17;118.2682576
6055560;1;2;1;90;2;;2;;2;;2;;2;;2;;2;;2;;2;;2;;17;12;17;118.2682576
6055560;1;3;1;90;2;;1;35;2;;2;;2;;2;;2;;2;;2;;2;;17;12;17;118.2682576
6055560;1;4;1;90;2;;1;30;2;;2;;1;12;2;;2;;2;;2;;2;;17;12;17;118.2682576
6055560;1;5;1;90;2;;2;;2;;2;;2;;2;;2;;2;;2;;2;;17;12;17;118.2682576
6055560;1;6;1;90;2;;2;;2;;2;;2;;2;;2;;2;;2;;2;;17;12;17;118.2682576
6055561;1;1;1;90;2;;2;;2;;2;;2;;2;;2;;2;;2;;2;;17;12;17;223.42900899
6055561;1;2;1;90;2;;1;7;2;;2;;2;;2;;2;;2;;2;;2;;17;12;17;223.42900899
6055561;1;3;1;90;2;;2;;2;;2;;2;;2;;2;;2;;2;;2;;17;12;17;223.42900899
6055561;1;4;1;90;2;;2;;2;;2;;2;;2;;2;;2;;2;;2;;17;12;17;223.42900899
6055562;1;1;1;90;2;;1;30;2;;2;;2;;2;;2;;2;;2;;2;;17;12;17;376.30236177
6055562;1;2;1;90;2;;2;;2;;2;;2;;2;;2;;2;;2;;2;;17;12;17;376.30236177
6055562;1;4;1;90;2;;2;;2;;2;;2;;2;;2;;2;;2;;2;;17;12;17;376.30236177
6055563;1;1;1;90;2;;1;7;2;;2;;2;;2;;2;;2;;2;;2;;17;12;17;194.24642781
6055563;1;2;1;90;2;;1;4;2;;2;;2;;2;;2;;2;;2;;2;;17;12;17;194.24642781
6055563;1;3;1;90;2;;2;;2;;2;;2;;2;;2;;2;;2;;2;;17;12;17;194.24642781
6055563;1;4;1;90;2;;1;7;2;;2;;2;;2;;2;;2;;2;;2;;17;12;17;194.24642781
6055564;1;1;1;90;2;;1;4;2;;2;;2;;2;;2;;2;;2;;2;;17;12;17;221.29987323
6055565;1;1;1;90;2;;2;;2;;2;;2;;2;;2;;2;;2;;2;;17;12;17;252.13697417
6055565;1;2;1;90;2;;1;30;2;;1;16;2;;2;;2;;2;;2;;2;;17;12;17;252.13697417
6055566;1;1;1;90;2;;2;;2;;2;;2;;2;;2;;2;;2;;2;;17;12;17;242.34877764
6055566;1;2;1;90;2;;1;30;2;;2;;2;;2;;2;;2;;2;;2;;17;12;17;242.34877764
6055566;1;3;1;90;2;;2;;2;;2;;2;;2;;2;;2;;2;;2;;17;12;17;242.34877764
6055566;1;4;1;90;2;;2;;2;;2;;2;;2;;2;;2;;2;;2;;17;12;17;242.34877764
6055567;1;1;1;90;2;;1;30;2;;2;;2;;2;;2;;2;;2;;2;;17;12;17;216.93209979
6055567;1;2;1;90;2;;2;;2;;2;;2;;2;;2;;2;;2;;2;;17;12;17;216.93209979
6055568;1;1;1;90;2;;2;;2;;2;;2;;2;;2;;2;;2;;2;;17;12;17;180.89420434
6055568;1;2;1;90;2;;1;50;2;;2;;2;;2;;2;;2;;2;;2;;17;12;17;180.89420434
6055568;1;3;1;90;2;;2;;2;;2;;2;;2;;2;;2;;2;;2;;17;12;17;180.89420434
6055569;1;1;1;90;2;;1;30;2;;2;;2;;2;;2;;2;;2;;2;;17;12;17;202.75480947
6055570;1;1;1;90;2;;1;2;2;;2;;2;;2;;2;;2;;2;;2;;17;12;17;262.77825991
6055570;1;2;1;90;2;;2;;2;;2;;2;;2;;2;;2;;2;;2;;17;12;17;262.77825991
6055571;1;1;1;90;2;;2;;2;;2;;2;;2;;2;;2;;2;;2;;17;12;17;181.03462442
6055571;1;2;1;90;2;;1;30;2;;2;;2;;2;;2;;2;;2;;2;;17;12;17;181.03462442
6055571;1;3;1;90;2;;2;;2;;2;;2;;2;;2;;2;;2;;2;;17;12;17;181.03462442
6055571;1;4;1;90;2;;2;;2;;2;;2;;2;;2;;2;;2;;2;;17;12;17;181.03462442
6055571;1;5;1;90;2;;2;;2;;2;;2;;2;;2;;2;;2;;2;;17;12;17;181.03462442
6055572;1;1;1;90;2;;1;20;2;;2;;2;;2;;2;;2;;2;;2;;17;12;17;197.18726429
6055572;1;2;1;90;2;;2;;2;;2;;2;;2;;2;;2;;2;;2;;17;12;17;197.18726429
6055573;1;1;1;90;2;;1;30;2;;2;;2;;2;;2;;2;;2;;2;;17;12;17;209.48306978
6055573;1;2;1;90;2;;1;5;2;;2;;2;;2;;2;;2;;2;;2;;17;12;17;209.48306978
6055573;1;3;1;90;2;;1;5;2;;2;;2;;2;;2;;2;;2;;2;;17;12;17;209.48306978
6055574;1;1;1;90;2;;1;5;2;;2;;2;;2;;2;;2;;2;;2;;17;12;17;210.30813664
6055574;1;2;1;90;2;;1;40;2;;2;;2;;2;;2;;2;;2;;2;;17;12;17;210.30813664
6055574;1;3;1;90;2;;1;1;2;;2;;2;;2;;2;;2;;2;;2;;17;12;17;210.30813664
6055575;1;1;1;90;2;;1;5;2;;2;;2;;2;;2;;2;;2;;2;;17;12;17;167.91375207
6055575;1;2;1;90;2;;1;35;2;;2;;2;;2;;2;;2;;2;;2;;17;12;17;167.91375207
6055575;1;3;1;90;2;;1;2;2;;2;;2;;2;;2;;2;;2;;2;;17;12;17;167.91375207
6055575;1;4;1;90;2;;1;2;2;;2;;2;;2;;2;;2;;2;;2;;17;12;17;167.91375207
6055576;1;1;1;90;2;;1;18;2;;2;;2;;2;;2;;2;;2;;2;;17;12;17;344.49307189
6055576;1;2;1;90;2;;2;;2;;2;;2;;2;;2;;2;;2;;2;;17;12;17;344.49307189
6055988;1;1;1;90;2;;1;3;2;;2;;2;;2;;2;;2;;2;;2;;23;12;23;153.75613178
6055988;1;2;1;90;2;;1;14;2;;2;;2;;2;;2;;2;;2;;2;;23;12;23;153.75613178
6055988;1;3;1;90;2;;1;4;2;;2;;2;;2;;2;;2;;2;;2;;23;12;23;153.75613178
6055989;1;1;1;90;2;;1;35;2;;2;;2;;2;;2;;2;;2;;2;;23;12;23;211.744069
6055989;1;2;1;90;2;;2;;2;;2;;2;;2;;2;;2;;2;;2;;23;12;23;211.744069
6055989;1;3;1;90;2;;2;;2;;2;;2;;2;;2;;2;;2;;2;;23;12;23;211.744069
6055989;1;4;1;90;2;;1;20;2;;2;;2;;2;;2;;2;;2;;2;;23;12;23;211.744069
6055990;1;1;1;90;2;;1;20;2;;2;;2;;2;;2;;2;;2;;2;;23;12;23;196.60011473
6055990;1;2;1;90;2;;1;10;2;;2;;2;;2;;2;;2;;2;;2;;23;12;23;196.60011473
6055991;1;1;1;90;2;;1;40;2;;2;;2;;2;;2;;2;;2;;2;;23;12;23;186.42211571
6055991;1;2;1;90;2;;1;30;2;;2;;2;;2;;2;;2;;2;;2;;23;12;23;186.42211571
6055992;1;1;1;90;2;;2;;2;;2;;2;;2;;2;;2;;2;;2;;23;12;23;153.75613178
6055992;1;2;1;90;2;;1;35;2;;1;5;1;15;2;;2;;2;;2;;2;;23;12;23;153.75613178
6055992;1;3;1;90;2;;2;;2;;2;;2;;2;;2;;2;;2;;2;;23;12;23;153.75613178
6055993;1;1;1;90;2;;2;;2;;2;;2;;2;;2;;2;;2;;2;;23;12;23;143.10625671
6055993;1;2;1;90;2;;1;42;2;;2;;2;;2;;2;;2;;2;;2;;23;12;23;143.10625671
6055994;1;1;1;90;2;;1;10;2;;1;6;2;;2;;2;;2;;2;;2;;23;12;23;240.13763459
6055994;1;2;1;90;2;;1;7;2;;1;6;2;;2;;2;;2;;2;;2;;23;12;23;240.13763459
6055994;1;3;1;90;2;;1;6;2;;1;6;2;;2;;2;;2;;2;;2;;23;12;23;240.13763459
6055995;1;1;1;90;2;;1;30;2;;2;;2;;2;;2;;2;;2;;2;;23;12;23;185.95023966
6055996;1;1;1;90;2;;1;7;2;;2;;2;;2;;2;;2;;2;;2;;23;12;23;239.66575854
6055996;1;2;1;90;2;;1;40;2;;2;;2;;2;;2;;2;;2;;2;;23;12;23;239.66575854
6055997;1;1;1;90;2;;1;35;2;;2;;2;;2;;2;;2;;2;;2;;23;12;23;155.14472485
6055997;1;2;1;90;2;;2;;2;;2;;2;;2;;2;;2;;2;;2;;23;12;23;155.14472485
6055997;1;3;1;90;2;;2;;2;;2;;2;;2;;2;;2;;2;;2;;23;12;23;155.14472485
6055998;1;1;1;90;2;;1;6;2;;2;;2;;2;;2;;2;;2;;2;;23;12;23;179.34960282
6055998;1;2;1;90;2;;1;34;2;;2;;2;;1;8;2;;2;;2;;2;;23;12;23;179.34960282
6055998;1;3;1;90;2;;1;10;2;;2;;2;;2;;2;;2;;2;;2;;23;12;23;179.34960282
6055999;1;1;1;90;2;;1;12;2;;2;;2;;2;;2;;2;;2;;2;;23;12;23;200.16275442
6055999;1;2;1;90;2;;1;12;2;;2;;2;;2;;2;;2;;2;;2;;23;12;23;200.16275442
6056000;1;1;1;90;2;;1;25;2;;2;;2;;2;;2;;2;;2;;2;;23;12;23;185.95023966
6056001;1;1;1;90;2;;1;14;2;;2;;2;;2;;2;;2;;2;;2;;23;12;23;153.75613178
6056001;1;2;1;90;2;;2;;2;;2;;2;;2;;2;;2;;2;;2;;23;12;23;153.75613178
6056001;1;3;1;90;2;;1;14;2;;2;;2;;2;;2;;2;;2;;2;;23;12;23;153.75613178
6056002;1;1;1;90;2;;2;;2;;1;8;2;;2;;2;;2;;2;;2;;23;12;23;242.61890253
6056002;1;2;1;90;2;;1;18;2;;1;18;2;;2;;2;;2;;2;;2;;23;12;23;242.61890253
6056003;1;1;1;90;2;;1;30;2;;2;;2;;2;;2;;2;;2;;2;;23;12;23;196.60011473
6056003;1;2;1;90;2;;1;7;2;;2;;2;;2;;2;;2;;2;;2;;23;12;23;196.60011473
6056004;1;1;1;90;2;;1;20;2;;2;;1;15;2;;2;;2;;2;;2;;23;12;23;143.10625671
6056004;1;2;1;90;2;;2;;2;;2;;2;;2;;2;;2;;2;;2;;23;12;23;143.10625671
6056005;1;1;1;90;2;;1;20;2;;1;17;2;;2;;2;;2;;2;;2;;23;12;23;256.13345153
6056006;1;1;1;90;2;;1;20;2;;2;;2;;2;;2;;2;;2;;2;;23;12;23;157.31877147
6056006;1;2;1;90;2;;1;35;2;;2;;2;;2;;2;;2;;2;;2;;23;12;23;157.31877147
6056006;1;3;1;90;2;;2;;2;;2;;2;;2;;2;;2;;2;;2;;23;12;23;157.31877147
6056007;1;1;1;90;2;;1;14;2;;2;;2;;2;;2;;2;;2;;2;;23;12;23;247.29418868
6056007;1;2;1;90;2;;1;14;2;;2;;2;;2;;2;;2;;2;;2;;23;12;23;247.29418868
6056007;1;5;1;90;2;;1;30;2;;1;14;2;;2;;2;;2;;2;;2;;23;12;23;247.29418868
6056007;1;6;1;90;2;;1;30;2;;2;;2;;2;;2;;2;;2;;2;;23;12;23;247.29418868
6056008;1;1;1;90;2;;1;30;2;;2;;2;;2;;2;;2;;2;;2;;23;12;23;201.09419393
6056008;1;2;1;90;2;;2;;2;;2;;2;;2;;2;;2;;2;;2;;23;12;23;201.09419393
6056008;1;3;1;90;2;;1;12;2;;2;;2;;2;;2;;2;;2;;2;;23;12;23;201.09419393
6056009;1;1;1;90;2;;1;17;2;;1;8;2;;2;;2;;2;;2;;2;;23;12;23;254.14321098
6056009;1;2;1;90;2;;1;5;2;;2;;2;;2;;2;;2;;2;;2;;23;12;23;254.14321098
6056009;1;3;1;90;2;;1;10;2;;2;;2;;2;;2;;2;;2;;2;;23;12;23;254.14321098
6056009;1;4;1;90;2;;1;8;2;;2;;2;;2;;2;;2;;2;;2;;23;12;23;254.14321098
6056009;1;5;1;90;2;;2;;2;;2;;2;;2;;2;;2;;2;;2;;23;12;23;254.14321098
6056010;1;1;1;90;2;;2;;2;;2;;2;;2;;2;;2;;2;;2;;23;12;23;196.16444195
6056010;1;2;1;90;2;;1;20;2;;2;;2;;2;;2;;2;;2;;2;;23;12;23;196.16444195
6056010;1;4;1;90;2;;1;4;2;;2;;2;;2;;2;;2;;2;;2;;23;12;23;196.16444195
6056010;1;5;1;90;2;;1;4;2;;1;3;2;;2;;2;;2;;2;;2;;23;12;23;196.16444195
6056010;1;6;1;90;2;;1;3;2;;1;3;2;;2;;2;;2;;2;;2;;23;12;23;196.16444195
6056011;1;1;1;90;2;;1;20;2;;2;;2;;2;;2;;2;;2;;2;;23;12;23;168.96940477
6056011;1;2;1;90;2;;1;35;2;;2;;1;35;2;;2;;2;;2;;2;;23;12;23;168.96940477
6056011;1;3;1;90;2;;2;;2;;2;;2;;2;;2;;2;;2;;2;;23;12;23;168.96940477
6056011;1;4;1;90;2;;1;20;2;;2;;2;;2;;2;;2;;2;;2;;23;12;23;168.96940477
6056011;1;5;1;90;2;;2;;2;;2;;2;;2;;2;;2;;2;;2;;23;12;23;168.96940477
6056012;1;1;1;90;2;;2;;2;;2;;2;;2;;2;;2;;2;;2;;23;12;23;155.14472485
6056012;1;2;1;90;2;;1;30;2;;2;;1;35;2;;2;;2;;2;;2;;23;12;23;155.14472485
6056012;1;3;1;90;2;;2;;2;;2;;2;;2;;2;;2;;2;;2;;23;12;23;155.14472485
6056013;1;1;1;90;2;;2;;2;;1;12;2;;2;;2;;2;;2;;2;;23;12;23;278.09970349
6056013;1;2;1;90;2;;1;21;2;;1;14;2;;2;;2;;2;;2;;2;;23;12;23;278.09970349
6056014;1;1;1;90;2;;1;3;2;;1;4;2;;2;;2;;2;;2;;2;;23;12;23;249.24657445
6056014;1;2;1;90;2;;1;18;1;22;1;12;2;;2;;2;;2;;2;;2;;23;12;23;249.24657445
6056014;1;3;1;90;2;;1;3;2;;2;;2;;2;;2;;2;;2;;2;;23;12;23;249.24657445
6056015;1;1;1;90;2;;2;;2;;2;;2;;2;;2;;2;;2;;2;;23;12;23;175.73912519
6056015;1;2;1;90;2;;1;42;2;;2;;2;;2;;2;;2;;2;;2;;23;12;23;175.73912519
6056015;1;3;1;90;2;;1;26;2;;2;;2;;2;;2;;2;;2;;2;;23;12;23;175.73912519
6056015;1;4;1;90;2;;1;20;2;;2;;2;;2;;2;;2;;2;;2;;23;12;23;175.73912519
6056015;1;5;1;90;2;;2;;2;;2;;2;;2;;2;;2;;2;;2;;23;12;23;175.73912519
6056016;1;1;1;90;2;;1;21;2;;2;;1;7;2;;2;;2;;2;;2;;23;12;23;154.6728488
6056016;1;2;1;90;2;;2;;2;;2;;2;;2;;2;;2;;2;;2;;23;12;23;154.6728488
6056017;1;1;1;90;2;;1;40;2;;2;;2;;2;;2;;2;;2;;2;;23;12;23;258.14626278
6056017;1;3;1;90;2;;1;40;2;;2;;2;;2;;2;;2;;2;;2;;23;12;23;258.14626278
6056017;1;4;1;90;2;;1;5;2;;2;;2;;2;;2;;2;;2;;2;;23;12;23;258.14626278
6056018;1;1;1;90;2;;1;3;2;;2;;2;;2;;2;;2;;2;;2;;23;12;23;186.50615692
6056018;1;2;1;90;2;;1;22;2;;2;;2;;2;;2;;2;;2;;2;;23;12;23;186.50615692
6056018;1;3;1;90;2;;1;7;2;;2;;2;;2;;2;;2;;2;;2;;23;12;23;186.50615692
6056018;1;4;1;90;2;;1;12;2;;1;14;2;;2;;2;;2;;2;;2;;23;12;23;186.50615692
6056019;1;1;1;90;2;;2;;2;;2;;2;;2;;2;;2;;2;;2;;23;12;23;179.34960282
6056019;1;2;1;90;2;;1;35;2;;2;;2;;2;;2;;2;;2;;2;;23;12;23;179.34960282
6056019;1;3;1;90;2;;2;;2;;2;;2;;2;;2;;2;;2;;2;;23;12;23;179.34960282
6056020;1;1;1;90;2;;2;;2;;2;;2;;2;;2;;2;;2;;2;;23;12;23;250.78750965
6056020;1;2;1;90;2;;1;20;2;;2;;2;;2;;2;;2;;2;;2;;23;12;23;250.78750965
6056020;1;4;1;90;2;;1;15;2;;2;;2;;2;;2;;2;;2;;2;;23;12;23;250.78750965
6056020;1;5;1;90;2;;1;20;2;;2;;2;;2;;2;;2;;2;;2;;23;12;23;250.78750965
6056021;1;1;1;90;2;;1;14;2;;2;;2;;2;;2;;2;;2;;2;;23;12;23;143.10625671
6056021;1;2;1;90;2;;1;4;2;;2;;2;;2;;2;;2;;2;;2;;23;12;23;143.10625671
6056022;1;1;1;90;2;;2;;2;;2;;2;;2;;2;;2;;2;;2;;23;12;23;233.50996267
6056022;1;2;1;90;2;;1;35;2;;1;35;2;;2;;2;;2;;2;;2;;23;12;23;233.50996267
6056023;1;1;1;90;2;;1;17;2;;1;10;2;;2;;2;;2;;2;;2;;23;12;23;266.78332659
6056023;1;2;1;90;2;;1;24;2;;1;15;2;;2;;2;;2;;2;;2;;23;12;23;266.78332659
6056024;1;1;1;90;2;;2;;2;;2;;2;;2;;2;;2;;2;;2;;23;12;23;183.84368203
6056024;1;2;1;90;2;;1;43;2;;2;;2;;2;;2;;2;;2;;2;;23;12;23;183.84368203
6056024;1;3;1;90;2;;2;;2;;2;;2;;2;;2;;2;;2;;2;;23;12;23;183.84368203
6056024;1;4;1;90;2;;2;;2;;2;;2;;2;;2;;2;;2;;2;;23;12;23;183.84368203
6056025;1;1;1;90;2;;2;;2;;2;;2;;2;;2;;2;;2;;2;;23;12;23;280.2655642
6056025;1;2;1;90;2;;2;;2;;2;;2;;2;;2;;2;;2;;2;;23;12;23;280.2655642
6056025;1;3;1;90;2;;2;;2;;2;;2;;2;;2;;2;;2;;2;;23;12;23;280.2655642
6056025;1;4;1;90;2;;2;;2;;2;;2;;2;;2;;2;;2;;2;;23;12;23;280.2655642
6056025;1;5;1;90;2;;2;;2;;2;;2;;2;;2;;2;;2;;2;;23;12;23;280.2655642
6056026;1;1;1;90;2;;1;22;2;;2;;2;;2;;2;;2;;2;;2;;23;12;23;232.84346084
6056026;1;2;1;90;2;;1;12;2;;2;;2;;2;;2;;2;;2;;2;;23;12;23;232.84346084
6056026;1;3;1;90;2;;1;8;2;;2;;2;;2;;2;;2;;2;;2;;23;12;23;232.84346084
6056027;1;1;1;90;2;;2;;2;;2;;2;;2;;2;;2;;2;;2;;23;12;23;243.49333591
6056027;1;2;1;90;2;;1;35;2;;2;;2;;2;;2;;2;;2;;2;;23;12;23;243.49333591
6056027;1;3;1;90;2;;2;;2;;2;;2;;2;;2;;2;;2;;2;;23;12;23;243.49333591
6056027;1;4;1;90;2;;2;;2;;2;;2;;2;;2;;2;;2;;2;;23;12;23;243.49333591
6056028;1;1;1;90;2;;1;9;2;;2;;2;;2;;2;;2;;2;;2;;23;12;23;143.10625671
6056028;1;2;1;90;2;;1;14;2;;2;;2;;2;;2;;2;;2;;2;;23;12;23;143.10625671
6056029;1;1;1;90;2;;1;7;2;;2;;2;;2;;2;;2;;2;;2;;23;12;23;335.01415269
6056029;1;2;1;90;2;;1;40;2;;2;;2;;2;;2;;2;;2;;2;;23;12;23;335.01415269
6056029;1;5;1;90;2;;1;20;2;;2;;2;;2;;2;;2;;2;;2;;23;12;23;335.01415269
6056030;1;1;1;90;2;;1;35;2;;1;35;2;;2;;2;;2;;2;;2;;23;12;23;229.48775952
6056030;1;3;1;90;2;;2;;2;;2;;2;;2;;2;;2;;2;;2;;23;12;23;229.48775952
6056031;1;1;1;90;2;;1;27;2;;2;;2;;2;;2;;2;;2;;2;;23;12;23;172.90756672
6056031;1;2;1;90;2;;1;16;2;;2;;2;;2;;2;;2;;2;;2;;23;12;23;172.90756672
6056031;1;3;1;90;2;;1;10;2;;2;;2;;2;;2;;2;;2;;2;;23;12;23;172.90756672
6056032;1;1;1;90;2;;2;;2;;2;;2;;2;;2;;2;;2;;2;;23;12;23;154.22800783
6056032;1;2;1;90;2;;1;35;2;;2;;2;;2;;2;;2;;2;;2;;23;12;23;154.22800783
6056032;1;3;1;90;2;;2;;2;;2;;2;;2;;2;;2;;2;;2;;23;12;23;154.22800783
6056032;1;4;1;90;2;;2;;2;;2;;2;;2;;2;;2;;2;;2;;23;12;23;154.22800783
6056033;1;1;1;90;2;;2;;2;;2;;2;;2;;2;;2;;2;;2;;23;12;23;185.95023966
6056034;1;1;1;90;2;;1;14;2;;2;;2;;2;;2;;2;;2;;2;;23;12;23;178.87772678
6056034;1;2;1;90;2;;2;;2;;2;;2;;2;;2;;2;;2;;2;;23;12;23;178.87772678
6056035;1;1;1;90;2;;1;4;2;;2;;2;;2;;2;;2;;2;;2;;23;12;23;244.89696194
6056035;1;2;1;90;2;;1;21;2;;2;;2;;2;;2;;2;;2;;2;;23;12;23;244.89696194
6056035;1;3;1;90;2;;1;10;2;;1;12;2;;2;;2;;2;;2;;2;;23;12;23;244.89696194
6056035;1;4;1;90;2;;1;3;2;;1;10;2;;2;;2;;2;;2;;2;;23;12;23;244.89696194
6056035;1;7;1;90;2;;1;14;2;;2;;2;;2;;2;;2;;2;;2;;23;12;23;244.89696194
6056035;1;8;1;90;2;;1;2;2;;1;3;2;;2;;2;;2;;2;;2;;23;12;23;244.89696194
6056035;1;9;1;90;2;;1;7;2;;1;10;2;;2;;2;;2;;2;;2;;23;12;23;244.89696194
6056036;1;1;1;90;2;;1;18;2;;2;;2;;2;;2;;2;;2;;2;;23;12;23;217.69950657
6056037;1;1;1;90;2;;2;;2;;2;;2;;2;;2;;2;;2;;2;;23;12;23;228.9052989
6056037;1;2;1;90;2;;1;10;2;;2;;2;;2;;2;;2;;2;;2;;23;12;23;228.9052989
6056037;1;3;1;90;2;;1;7;2;;2;;2;;2;;2;;2;;2;;2;;23;12;23;228.9052989
6056037;1;4;1;90;2;;1;6;2;;2;;2;;2;;2;;2;;2;;2;;23;12;23;228.9052989
6056037;1;5;1;90;2;;1;18;2;;1;16;2;;2;;2;;2;;2;;2;;23;12;23;228.9052989
6056038;1;1;1;90;2;;1;25;2;;2;;2;;2;;2;;2;;2;;2;;23;12;23;186.42211571
6056038;1;2;1;90;2;;1;10;2;;2;;2;;2;;2;;2;;2;;2;;23;12;23;186.42211571
6056039;1;1;1;90;2;;1;10;2;;1;10;2;;2;;2;;2;;2;;2;;23;12;23;296.10833169
6056039;1;2;1;90;2;;1;5;2;;1;10;2;;2;;2;;2;;2;;2;;23;12;23;296.10833169
6056040;1;1;1;90;2;;1;5;2;;1;5;2;;2;;2;;2;;2;;2;;23;12;23;242.61890253
6056040;1;2;1;90;2;;1;10;2;;1;10;2;;2;;2;;2;;2;;2;;23;12;23;242.61890253
6056041;1;1;1;90;2;;1;10;2;;2;;2;;2;;2;;2;;2;;2;;23;12;23;222.19358577
6056041;1;2;1;90;2;;1;5;2;;2;;2;;2;;2;;2;;2;;2;;23;12;23;222.19358577
6056042;1;1;1;90;2;;1;30;2;;2;;2;;2;;2;;2;;2;;2;;23;12;23;123.64858274
6056042;1;2;1;90;2;;2;;2;;2;;2;;2;;2;;2;;2;;2;;23;12;23;123.64858274
6056042;1;3;1;90;2;;1;10;2;;1;10;2;;2;;2;;2;;2;;2;;23;12;23;123.64858274
6056042;1;4;1;90;2;;1;5;2;;2;;2;;2;;2;;2;;2;;2;;23;12;23;123.64858274
6056042;1;5;1;90;2;;1;7;2;;2;;2;;2;;2;;2;;2;;2;;23;12;23;123.64858274
6056042;1;6;1;90;2;;2;;2;;2;;2;;2;;2;;2;;2;;2;;23;12;23;123.64858274
6056042;1;7;1;90;2;;2;;2;;2;;2;;2;;2;;2;;2;;2;;23;12;23;123.64858274
6056044;1;1;1;90;2;;2;;2;;2;;2;;2;;2;;2;;2;;2;;23;12;23;229.29313374
6056044;1;2;1;90;2;;1;21;2;;2;;2;;2;;2;;2;;2;;2;;23;12;23;229.29313374
6056044;1;3;1;90;2;;1;30;2;;2;;2;;2;;2;;2;;2;;2;;23;12;23;229.29313374
6056044;1;4;1;90;2;;1;21;2;;2;;2;;2;;2;;2;;2;;2;;23;12;23;229.29313374
6056045;1;1;1;90;2;;2;;2;;2;;2;;2;;2;;2;;2;;2;;23;12;23;283.06565874
6056045;1;2;1;90;2;;1;18;2;;1;11;2;;2;;2;;2;;2;;2;;23;12;23;283.06565874
6056045;1;4;1;90;2;;1;3;2;;1;10;2;;2;;2;;2;;2;;2;;23;12;23;283.06565874
6056045;1;5;1;90;2;;1;20;2;;1;16;2;;2;;2;;2;;2;;2;;23;12;23;283.06565874
6056046;1;1;1;90;2;;1;14;2;;2;;2;;2;;2;;2;;2;;2;;23;12;23;238.59669938
6056046;1;2;1;90;2;;1;30;2;;1;30;2;;2;;2;;2;;2;;2;;23;12;23;238.59669938
6056047;1;1;1;90;2;;1;30;2;;2;;2;;2;;2;;2;;2;;2;;23;12;23;143.57813276
6056047;1;2;1;90;2;;2;;2;;2;;2;;2;;2;;2;;2;;2;;23;12;23;143.57813276
6056047;1;3;1;90;2;;1;15;2;;2;;2;;2;;2;;2;;2;;2;;23;12;23;143.57813276
6056049;1;1;1;90;2;;1;6;2;;1;14;2;;2;;2;;2;;2;;2;;23;12;23;266.78332659
6056049;1;2;1;90;2;;1;28;2;;1;21;2;;2;;2;;2;;2;;2;;23;12;23;266.78332659
6056052;1;1;1;90;2;;1;35;2;;1;35;2;;2;;2;;2;;2;;2;;23;12;23;256.13345153
6056053;1;1;1;90;2;;1;15;2;;2;;2;;2;;2;;2;;2;;2;;23;12;23;227.87750559
6056054;1;1;1;90;2;;2;;2;;2;;2;;2;;2;;2;;2;;2;;23;12;23;264.83094083
6056054;1;2;1;90;2;;2;;2;;2;;2;;2;;2;;2;;2;;2;;23;12;23;264.83094083
6056054;1;5;1;90;2;;1;34;2;;1;20;2;;2;;2;;2;;2;;2;;23;12;23;264.83094083
6056055;1;1;1;90;2;;2;;2;;2;;2;;2;;2;;2;;2;;2;;23;12;23;228.34938164
6056055;1;2;1;90;2;;1;20;2;;2;;2;;2;;2;;2;;2;;2;;23;12;23;228.34938164
6056057;1;1;1;90;2;;2;;2;;2;;2;;2;;2;;2;;2;;2;;23;12;23;143.10625671
6056057;1;2;1;90;2;;2;;2;;2;;2;;2;;2;;2;;2;;2;;23;12;23;143.10625671
6056058;1;1;1;90;2;;1;7;2;;2;;2;;2;;2;;2;;2;;2;;23;12;23;228.34938164
6056058;1;2;1;90;2;;1;7;2;;2;;2;;2;;2;;2;;2;;2;;23;12;23;228.34938164
6056059;1;1;1;90;2;;2;;2;;2;;2;;2;;2;;2;;2;;2;;23;12;23;187.12008148
6056059;1;2;1;90;2;;2;;2;;2;;2;;2;;2;;2;;2;;2;;23;12;23;187.12008148
6056059;1;3;1;90;2;;2;;2;;2;;2;;2;;2;;2;;2;;2;;23;12;23;187.12008148
6056059;1;4;1;90;2;;2;;2;;2;;2;;2;;2;;2;;2;;2;;23;12;23;187.12008148
6056061;1;1;1;90;2;;1;6;2;;2;;2;;2;;2;;2;;2;;2;;23;12;23;174.38364757
6056062;1;1;1;90;2;;1;2;2;;1;5;2;;2;;2;;2;;2;;2;;23;12;23;239.66575854
6056062;1;2;1;90;2;;1;38;2;;1;70;2;;2;;2;;2;;2;;2;;23;12;23;239.66575854
6056066;1;1;1;90;2;;2;;2;;2;;2;;2;;2;;2;;2;;2;;23;12;23;156.58849432
6056066;1;2;1;90;2;;2;;2;;2;;2;;2;;2;;2;;2;;2;;23;12;23;156.58849432
6056066;1;3;1;90;2;;2;;2;;2;;2;;2;;2;;2;;2;;2;;23;12;23;156.58849432
6056066;1;4;1;90;2;;2;;2;;2;;2;;2;;2;;2;;2;;2;;23;12;23;156.58849432
6056066;1;5;1;90;2;;2;;2;;2;;2;;2;;2;;2;;2;;2;;23;12;23;156.58849432
6056068;1;1;1;90;2;;1;10;2;;2;;2;;2;;2;;2;;2;;2;;23;12;23;172.90756672
6056068;1;2;1;90;2;;2;;2;;2;;2;;2;;2;;2;;2;;2;;23;12;23;172.90756672
6056068;1;3;1;90;2;;2;;2;;2;;2;;2;;2;;2;;2;;2;;23;12;23;172.90756672
6056071;1;1;1;90;2;;1;7;2;;2;;2;;2;;2;;2;;2;;2;;23;12;23;185.95023966
6056075;1;1;1;90;2;;1;20;2;;2;;2;;2;;2;;2;;2;;2;;23;12;23;143.10625671
6056075;1;2;1;90;2;;1;35;2;;2;;2;;2;;2;;2;;2;;2;;23;12;23;143.10625671
6056076;1;1;1;90;2;;1;18;2;;2;;2;;2;;2;;2;;2;;2;;23;12;23;136.21937964
6056076;1;2;1;90;2;;1;2;2;;2;;2;;2;;2;;2;;2;;2;;23;12;23;136.21937964
6056076;1;3;1;90;2;;1;3;2;;2;;2;;2;;2;;2;;2;;2;;23;12;23;136.21937964
6056076;1;4;1;90;2;;1;4;2;;2;;2;;2;;2;;2;;2;;2;;23;12;23;136.21937964
6056077;1;1;1;90;2;;1;14;2;;2;;2;;2;;2;;2;;2;;2;;23;12;23;265.92703507
6056077;1;2;1;90;2;;1;38;2;;1;18;2;;2;;2;;2;;2;;2;;23;12;23;265.92703507
6056077;1;3;1;90;2;;2;;2;;2;;2;;2;;2;;2;;2;;2;;23;12;23;265.92703507
6056077;1;4;1;90;2;;1;7;2;;2;;2;;2;;2;;2;;2;;2;;23;12;23;265.92703507
6056077;1;7;1;90;2;;1;25;2;;2;;2;;2;;2;;2;;2;;2;;23;12;23;265.92703507
6056077;1;8;1;90;2;;2;;2;;2;;2;;2;;2;;2;;2;;2;;23;12;23;265.92703507
6056078;1;1;1;90;2;;1;6;2;;2;;2;;2;;2;;2;;2;;2;;23;12;23;210.34075344
6056078;1;2;1;90;2;;1;2;2;;2;;2;;2;;2;;2;;2;;2;;23;12;23;210.34075344
6056079;1;1;1;90;2;;1;36;2;;2;;2;;2;;2;;2;;2;;2;;23;12;23;240.13763459
6056079;1;2;1;90;2;;2;;2;;2;;2;;2;;2;;2;;2;;2;;23;12;23;240.13763459
6056079;1;3;1;90;2;;1;32;2;;2;;2;;2;;2;;2;;2;;2;;23;12;23;240.13763459
6056080;1;1;1;90;2;;2;;2;;2;;2;;2;;2;;2;;2;;2;;23;12;23;223.93934365
6056080;1;2;1;90;2;;1;10;2;;2;;2;;2;;2;;2;;2;;2;;23;12;23;223.93934365
6056080;1;3;1;90;2;;2;;2;;2;;2;;2;;2;;2;;2;;2;;23;12;23;223.93934365
6056082;1;1;1;90;2;;1;30;2;;1;5;2;;2;;2;;2;;2;;2;;23;12;23;193.27587734
6056082;1;2;1;90;2;;1;2;2;;2;;2;;2;;2;;2;;2;;2;;23;12;23;193.27587734
6056082;1;3;1;90;2;;1;9;2;;2;;2;;2;;2;;2;;2;;2;;23;12;23;193.27587734
6056082;1;4;1;90;2;;1;10;2;;2;;2;;2;;2;;2;;2;;2;;23;12;23;193.27587734
6056084;1;1;1;90;2;;1;30;2;;2;;2;;2;;2;;2;;2;;2;;23;12;23;185.95023966
6056086;1;1;1;90;2;;1;34;2;;1;10;2;;2;;2;;2;;2;;2;;23;12;23;233.98183872
6056086;1;2;1;90;2;;1;10;2;;2;;2;;2;;2;;2;;2;;2;;23;12;23;233.98183872
6056086;1;3;1;90;2;;2;;2;;2;;2;;2;;2;;2;;2;;2;;23;12;23;233.98183872
6056087;1;1;1;90;2;;1;10;2;;2;;2;;2;;2;;2;;2;;2;;23;12;23;217.69950657
6056088;1;1;1;90;2;;2;;2;;1;5;2;;2;;2;;2;;2;;2;;23;12;23;315.86714662
6056088;1;2;1;90;2;;1;20;2;;1;15;2;;2;;2;;2;;2;;2;;23;12;23;315.86714662
6056088;1;5;1;90;2;;2;;2;;2;;2;;2;;2;;2;;2;;2;;23;12;23;315.86714662
6056089;1;1;1;90;2;;1;7;2;;1;10;2;;2;;2;;2;;2;;2;;23;12;23;300.60241089
6056089;1;2;1;90;2;;1;36;2;;1;20;2;;2;;2;;2;;2;;2;;23;12;23;300.60241089
6056089;1;3;1;90;2;;1;6;2;;2;;2;;2;;2;;2;;2;;2;;23;12;23;300.60241089
6056090;1;1;1;90;2;;2;;1;21;2;;2;;2;;2;;2;;2;;2;;23;12;23;193.57866981
6056090;1;2;1;90;2;;2;;2;;1;21;2;;2;;2;;2;;2;;2;;23;12;23;193.57866981
6056090;1;4;1;90;2;;2;;2;;2;;2;;2;;2;;2;;2;;2;;23;12;23;193.57866981
6056091;1;1;1;90;2;;2;;2;;1;5;2;;2;;2;;2;;2;;2;;23;12;23;273.95671888
6056091;1;2;1;90;2;;1;30;2;;1;15;2;;2;;2;;2;;2;;2;;23;12;23;273.95671888
6056091;1;3;1;90;2;;1;5;2;;2;;2;;2;;2;;2;;2;;2;;23;12;23;273.95671888
6056091;1;6;1;90;2;;1;10;2;;1;3;2;;2;;2;;2;;2;;2;;23;12;23;273.95671888
6056092;1;1;1;90;2;;2;;2;;2;;2;;2;;2;;2;;2;;2;;23;12;23;305.21727155
6056092;1;2;1;90;2;;1;40;2;;1;30;2;;2;;2;;2;;2;;2;;23;12;23;305.21727155
6056093;1;1;1;90;2;;1;5;2;;2;;2;;2;;2;;2;;2;;2;;23;12;23;157.31877147
6056093;1;2;1;90;2;;1;30;2;;2;;2;;2;;2;;2;;2;;2;;23;12;23;157.31877147
6056093;1;3;1;90;2;;1;5;2;;2;;2;;2;;2;;2;;2;;2;;23;12;23;157.31877147
6056094;1;1;1;90;2;;1;8;2;;2;;2;;2;;2;;2;;2;;2;;23;12;23;163.48928983
6056094;1;2;1;90;2;;2;;2;;2;;2;;2;;2;;2;;2;;2;;23;12;23;163.48928983
6056094;1;3;1;90;2;;1;10;2;;2;;2;;2;;2;;2;;2;;2;;23;12;23;163.48928983
6056094;1;4;1;90;2;;1;10;2;;2;;2;;2;;2;;2;;2;;2;;23;12;23;163.48928983
6056094;1;5;1;90;2;;1;6;2;;2;;2;;2;;2;;2;;2;;2;;23;12;23;163.48928983
6056095;1;1;1;90;2;;1;8;2;;2;;2;;2;;2;;2;;2;;2;;23;12;23;228.34938164
6056095;1;2;1;90;2;;1;26;2;;2;;2;;2;;2;;2;;2;;2;;23;12;23;228.34938164
6056096;1;1;1;90;2;;2;;2;;2;;2;;2;;2;;2;;2;;2;;23;12;23;232.84346084
6056096;1;2;1;90;2;;1;21;2;;2;;2;;2;;2;;2;;2;;2;;23;12;23;232.84346084
6056096;1;3;1;90;2;;2;;2;;2;;2;;2;;2;;2;;2;;2;;23;12;23;232.84346084
6056097;1;1;1;90;2;;1;6;2;;1;9;2;;2;;2;;2;;2;;2;;23;12;23;215.30670869
6056097;1;2;1;90;2;;1;20;2;;1;15;2;;2;;2;;2;;2;;2;;23;12;23;215.30670869
6056097;1;3;1;90;2;;1;8;2;;2;;2;;2;;2;;2;;2;;2;;23;12;23;215.30670869
6056097;1;4;1;90;2;;2;;2;;2;;2;;2;;2;;2;;2;;2;;23;12;23;215.30670869
6056098;1;1;1;90;2;;2;;2;;2;;2;;2;;2;;2;;2;;2;;23;12;23;139.78201933
6056098;1;2;1;90;2;;1;10;2;;2;;2;;2;;2;;2;;2;;2;;23;12;23;139.78201933
6056098;1;3;1;90;2;;2;;2;;2;;2;;2;;2;;2;;2;;2;;23;12;23;139.78201933
6056098;1;4;1;90;2;;2;;2;;2;;2;;2;;2;;2;;2;;2;;23;12;23;139.78201933
6056099;1;1;1;90;2;;2;;2;;2;;2;;2;;2;;2;;2;;2;;23;12;23;257.67438673
6056099;1;2;1;90;2;;1;20;2;;2;;2;;2;;2;;2;;2;;2;;23;12;23;257.67438673
6056100;1;1;1;90;2;;1;35;2;;2;;2;;2;;2;;2;;2;;2;;23;12;23;300.60241089
6056100;1;2;1;90;2;;2;;2;;2;;2;;2;;2;;2;;2;;2;;23;12;23;300.60241089
6056100;1;3;1;90;2;;2;;2;;2;;2;;2;;2;;2;;2;;2;;23;12;23;300.60241089
6056660;1;1;1;90;2;;2;;2;;2;;2;;2;;2;;2;;2;;2;;50;12;50;192.33885089
6056661;1;1;1;90;2;;2;;2;;2;;2;;2;;2;;2;;2;;2;;50;12;50;250.93533532
6056661;1;2;1;90;2;;1;2;2;;2;;2;;2;;2;;2;;2;;2;;50;12;50;250.93533532
6056662;1;1;1;90;2;;1;30;2;;2;;2;;2;;2;;2;;2;;2;;50;12;50;304.6007327
6056662;1;2;1;90;2;;2;;2;;2;;2;;2;;2;;2;;2;;2;;50;12;50;304.6007327
6056662;1;3;1;90;2;;1;12;2;;2;;2;;2;;2;;2;;2;;2;;50;12;50;304.6007327
6056663;1;1;1;90;2;;1;24;2;;2;;2;;2;;2;;2;;2;;2;;50;12;50;350.32936171
6056663;1;2;1;90;2;;1;12;2;;2;;2;;2;;2;;2;;2;;2;;50;12;50;350.32936171
6056664;1;1;1;90;2;;1;8;2;;2;;2;;2;;2;;2;;2;;2;;50;12;50;374.13863677
6056664;1;2;1;90;2;;1;35;2;;1;10;2;;2;;2;;2;;2;;2;;50;12;50;374.13863677
6056665;1;1;1;90;2;;1;1;2;;2;;2;;2;;2;;2;;2;;2;;50;12;50;175.52344364
6056665;1;2;1;90;2;;1;22;2;;2;;2;;2;;2;;2;;2;;2;;50;12;50;175.52344364
6056667;1;1;1;90;2;;1;5;2;;2;;2;;2;;2;;2;;2;;2;;50;12;50;220.35772279
6056667;1;2;1;90;2;;1;10;2;;2;;2;;2;;2;;2;;2;;2;;50;12;50;220.35772279
6056667;1;3;1;90;2;;1;5;2;;2;;2;;2;;2;;2;;2;;2;;50;12;50;220.35772279
6056668;1;1;1;90;2;;2;;2;;2;;2;;2;;2;;2;;2;;2;;50;12;50;220.35772279
6056668;1;2;1;90;2;;1;30;2;;2;;1;10;2;;2;;2;;2;;2;;50;12;50;220.35772279
6056668;1;3;1;90;2;;1;5;2;;2;;2;;2;;2;;2;;2;;2;;50;12;50;220.35772279
6056669;1;1;1;90;2;;1;8;2;;2;;2;;2;;2;;2;;2;;2;;50;12;50;149.57951327
6056669;1;2;1;90;2;;1;10;2;;2;;2;;2;;2;;2;;2;;2;;50;12;50;149.57951327
6056669;1;3;1;90;2;;1;6;2;;2;;2;;2;;2;;2;;2;;2;;50;12;50;149.57951327
6056670;1;1;1;90;2;;1;7;2;;1;6;2;;2;;2;;2;;2;;2;;50;12;50;255.15696821
6056670;1;2;1;90;2;;1;35;2;;1;8;2;;2;;2;;2;;2;;2;;50;12;50;255.15696821
6056670;1;3;1;90;2;;1;15;2;;2;;2;;2;;2;;2;;2;;2;;50;12;50;255.15696821
6056670;1;4;1;90;2;;1;4;2;;2;;2;;2;;2;;2;;2;;2;;50;12;50;255.15696821
6056671;1;1;1;90;2;;1;35;2;;1;70;2;;2;;2;;2;;2;;2;;50;12;50;271.0294749
6056671;1;2;1;90;2;;2;;2;;1;20;2;;2;;2;;2;;2;;2;;50;12;50;271.0294749
6056673;1;1;1;90;2;;1;8;2;;2;;2;;2;;2;;2;;2;;2;;50;12;50;474.94847983
6056673;1;2;1;90;2;;1;9;2;;2;;2;;2;;2;;2;;2;;2;;50;12;50;474.94847983
6056673;1;3;1;90;2;;1;10;2;;2;;2;;2;;2;;2;;2;;2;;50;12;50;474.94847983
6056674;1;1;1;90;2;;1;14;2;;2;;2;;2;;2;;2;;2;;2;;50;12;50;245.10989842
6056674;1;2;1;90;2;;1;28;2;;2;;2;;2;;2;;2;;2;;2;;50;12;50;245.10989842
6056674;1;3;1;90;2;;1;14;2;;2;;2;;2;;2;;2;;2;;2;;50;12;50;245.10989842
6056674;1;4;1;90;2;;1;18;2;;2;;2;;2;;2;;2;;2;;2;;50;12;50;245.10989842
6056675;1;1;1;90;2;;1;13;2;;1;20;2;;2;;2;;2;;2;;2;;50;12;50;321.90392533
6056676;1;1;1;90;2;;1;5;2;;2;;2;;2;;2;;2;;2;;2;;50;12;50;229.18884102
6056676;1;2;1;90;2;;1;17;2;;2;;2;;2;;2;;2;;2;;2;;50;12;50;229.18884102
6056676;1;3;1;90;2;;1;15;2;;2;;2;;2;;2;;2;;2;;2;;50;12;50;229.18884102
6056677;1;1;1;90;2;;1;35;2;;2;;2;;2;;2;;2;;2;;2;;50;12;50;175.52344364
6056677;1;2;1;90;2;;1;14;2;;2;;2;;2;;2;;2;;2;;2;;50;12;50;175.52344364
6056678;1;1;1;90;2;;1;30;2;;2;;2;;2;;2;;2;;2;;2;;50;12;50;350.32936171
6056678;1;2;1;90;2;;1;25;2;;2;;2;;2;;2;;2;;2;;2;;50;12;50;350.32936171
6056679;1;1;1;90;2;;1;13;2;;1;20;2;;2;;2;;2;;2;;2;;50;12;50;321.00957547
6056679;1;2;1;90;2;;2;;2;;1;18;2;;2;;2;;2;;2;;2;;50;12;50;321.00957547
6056679;1;3;1;90;2;;1;18;2;;1;30;2;;2;;2;;2;;2;;2;;50;12;50;321.00957547
6056680;1;1;1;90;2;;2;;2;;2;;2;;2;;2;;2;;2;;2;;50;12;50;349.43501185
6056680;1;2;1;90;2;;1;40;2;;2;;2;;2;;2;;2;;2;;2;;50;12;50;349.43501185
6056680;1;3;1;90;2;;1;4;2;;2;;2;;2;;2;;2;;2;;2;;50;12;50;349.43501185
6056680;1;4;1;90;2;;1;3;2;;2;;2;;2;;2;;2;;2;;2;;50;12;50;349.43501185
6056681;1;1;1;90;2;;1;14;2;;2;;2;;2;;2;;2;;2;;2;;50;12;50;350.32936171
6056681;1;2;1;90;2;;1;7;2;;2;;2;;2;;2;;2;;2;;2;;50;12;50;350.32936171
6056685;1;1;1;90;2;;1;4;2;;2;;2;;2;;2;;2;;2;;2;;50;12;50;197.78055705
6056685;1;2;1;90;2;;1;12;2;;2;;2;;2;;2;;2;;2;;2;;50;12;50;197.78055705
6056685;1;3;1;90;2;;1;3;2;;2;;2;;2;;2;;2;;2;;2;;50;12;50;197.78055705
6056685;1;4;1;90;2;;1;5;2;;2;;2;;2;;2;;2;;2;;2;;50;12;50;197.78055705
6056686;1;1;1;90;2;;1;14;2;;2;;2;;2;;2;;2;;2;;2;;50;12;50;184.01835177
6056686;1;2;1;90;2;;1;11;2;;2;;1;8;2;;2;;2;;2;;2;;50;12;50;184.01835177
6056686;1;3;1;90;2;;1;12;2;;2;;2;;2;;2;;2;;2;;2;;50;12;50;184.01835177
6056686;1;4;1;90;2;;1;12;2;;2;;2;;2;;2;;2;;2;;2;;50;12;50;184.01835177
6056688;1;1;1;90;2;;1;13;2;;1;10;2;;2;;2;;2;;2;;2;;50;12;50;366.73820448
6056688;1;2;1;90;2;;1;6;2;;2;;2;;2;;2;;2;;2;;2;;50;12;50;366.73820448
6056689;1;1;1;90;2;;1;14;2;;1;15;2;;2;;2;;2;;2;;2;;50;12;50;318.35881627
6056689;1;2;1;90;2;;1;18;2;;2;;2;;2;;2;;2;;2;;2;;50;12;50;318.35881627
6056691;1;1;1;90;2;;1;12;2;;1;20;2;;2;;2;;2;;2;;2;;50;12;50;308.31174648
6056691;1;2;1;90;2;;1;40;2;;1;70;2;;2;;2;;2;;2;;2;;50;12;50;308.31174648
6056692;1;1;1;90;2;;1;40;2;;2;;1;70;2;;2;;2;;2;;2;;50;12;50;149.57951327
6056692;1;2;1;90;2;;1;6;2;;2;;2;;2;;2;;2;;2;;2;;50;12;50;149.57951327
6056693;1;1;1;90;2;;1;14;2;;1;18;2;;2;;2;;2;;2;;2;;50;12;50;261.51874119
6056693;1;2;1;90;2;;1;20;2;;1;30;2;;2;;2;;2;;2;;1;2;50;12;50;261.51874119
6056693;1;3;1;90;2;;1;12;2;;1;20;2;;2;;2;;2;;2;;2;;50;12;50;261.51874119
6056693;1;4;1;90;2;;1;7;2;;1;7;2;;2;;2;;2;;2;;2;;50;12;50;261.51874119
6056694;1;1;1;90;2;;1;24;2;;1;35;2;;2;;2;;2;;2;;2;;50;12;50;321.90392533
6056696;1;1;1;90;2;;1;15;2;;2;;2;;2;;2;;2;;2;;2;;50;12;50;392.11043888
6056696;1;2;1;90;2;;1;9;2;;2;;2;;2;;2;;2;;2;;2;;50;12;50;392.11043888
6056696;1;3;1;90;2;;1;7;2;;2;;2;;2;;2;;2;;2;;2;;50;12;50;392.11043888
6056696;1;4;1;90;2;;1;8;2;;2;;2;;2;;2;;2;;2;;2;;50;12;50;392.11043888
6056697;1;1;1;90;2;;1;14;2;;2;;2;;2;;2;;2;;2;;2;;50;12;50;400.60534701
6056697;1;2;1;90;2;;1;7;2;;2;;2;;2;;2;;2;;2;;2;;50;12;50;400.60534701
6056697;1;3;1;90;2;;1;8;2;;2;;2;;2;;2;;2;;2;;2;;50;12;50;400.60534701
6056697;1;4;1;90;2;;1;23;2;;2;;2;;2;;2;;2;;2;;2;;50;12;50;400.60534701
6056697;1;5;1;90;2;;1;17;2;;2;;2;;2;;2;;2;;2;;2;;50;12;50;400.60534701
6056697;1;6;1;90;2;;1;7;2;;2;;2;;2;;2;;2;;2;;2;;50;12;50;400.60534701
6056698;1;1;1;90;2;;1;5;2;;1;2;2;;2;;2;;2;;2;;2;;50;12;50;341.12943203
6056698;1;2;1;90;2;;1;20;2;;1;35;2;;2;;2;;2;;2;;2;;50;12;50;341.12943203
6056699;1;1;1;90;2;;1;12;2;;2;;2;;2;;2;;2;;2;;1;12;50;12;50;364.09156698
6056699;1;2;1;90;2;;1;40;2;;2;;2;;2;;2;;2;;2;;1;8;50;12;50;364.09156698
6056700;1;1;1;90;2;;1;30;2;;1;20;2;;2;;2;;2;;2;;2;;50;12;50;411.54676666
6056700;1;2;1;90;2;;1;6;2;;1;20;2;;2;;2;;2;;2;;2;;50;12;50;411.54676666
6056700;1;4;1;90;2;;1;30;2;;2;;2;;2;;2;;2;;2;;2;;50;12;50;411.54676666
6056700;1;5;1;90;2;;1;7;2;;2;;2;;2;;2;;2;;2;;2;;50;12;50;411.54676666
6056701;1;1;1;90;2;;1;16;2;;2;;2;;2;;2;;2;;2;;2;;50;12;50;192.33885089
6056702;1;1;1;90;2;;1;30;2;;2;;2;;2;;2;;2;;2;;1;4;50;12;50;250.93533532
6056702;1;2;1;90;2;;1;14;2;;2;;2;;2;;2;;2;;2;;1;4;50;12;50;250.93533532
6056703;1;1;1;90;2;;1;6;2;;2;;2;;2;;2;;2;;2;;2;;50;12;50;314.64780249
6056703;1;2;1;90;2;;1;20;2;;1;40;2;;2;;2;;2;;2;;2;;50;12;50;314.64780249
6056703;1;3;1;90;2;;1;10;2;;2;;2;;2;;2;;2;;2;;2;;50;12;50;314.64780249
6056705;1;1;1;90;2;;2;;2;;2;;2;;2;;2;;2;;2;;2;;50;12;50;425.33468891
6056705;1;2;1;90;2;;1;4;2;;2;;2;;2;;2;;2;;2;;2;;50;12;50;425.33468891
6056705;1;3;1;90;2;;2;;2;;2;;2;;2;;2;;2;;2;;2;;50;12;50;425.33468891
6056706;1;1;1;90;2;;1;4;2;;1;5;2;;2;;2;;2;;2;;2;;50;12;50;324.72058925
6056706;1;2;1;90;2;;1;10;2;;1;12;2;;2;;2;;2;;2;;2;;50;12;50;324.72058925
6056707;1;1;1;90;2;;1;30;2;;2;;2;;2;;2;;2;;2;;2;;50;12;50;246.00424827
6056707;1;2;1;90;2;;1;12;2;;2;;2;;2;;2;;2;;2;;2;;50;12;50;246.00424827
6056708;1;1;1;90;2;;1;20;2;;2;;2;;2;;2;;2;;2;;2;;50;12;50;262.38737407
6056708;1;2;1;90;2;;1;10;2;;2;;2;;2;;2;;2;;2;;2;;50;12;50;262.38737407
6056708;1;4;1;90;2;;1;10;2;;2;;2;;2;;2;;2;;2;;2;;50;12;50;262.38737407
6056709;1;1;1;90;2;;1;12;2;;2;;2;;2;;2;;2;;2;;2;;50;12;50;305.49508256
6056710;1;1;1;90;2;;2;;2;;2;;2;;2;;2;;2;;2;;2;;50;12;50;353.61221574
6056710;1;2;1;90;2;;1;24;2;;2;;2;;2;;2;;2;;2;;2;;50;12;50;353.61221574
6056710;1;3;1;90;2;;1;15;2;;2;;2;;2;;2;;2;;2;;2;;50;12;50;353.61221574
6056710;1;4;1;90;2;;1;3;2;;2;;2;;2;;2;;2;;2;;2;;50;12;50;353.61221574
6056711;1;1;1;90;2;;2;;2;;2;;2;;2;;2;;2;;2;;2;;50;12;50;400.59454934
6056711;1;2;1;90;2;;1;35;2;;2;;2;;2;;2;;2;;2;;2;;50;12;50;400.59454934
6056713;1;1;1;90;2;;2;;2;;1;2;2;;2;;2;;2;;2;;2;;50;12;50;288.00037073
6056713;1;2;1;90;2;;1;24;2;;1;30;2;;2;;2;;2;;2;;2;;50;12;50;288.00037073
6056713;1;3;1;90;2;;1;3;2;;2;;2;;2;;2;;2;;2;;2;;50;12;50;288.00037073
6056714;1;1;1;90;2;;1;24;2;;2;;2;;2;;2;;2;;2;;2;;50;12;50;350.32936171
6056714;1;2;1;90;2;;2;;2;;2;;2;;2;;2;;2;;2;;2;;50;12;50;350.32936171
6056715;1;1;1;90;2;;1;3;2;;2;;2;;2;;2;;2;;2;;2;;50;12;50;357.75551097
6056717;1;1;1;90;2;;1;20;2;;2;;2;;2;;2;;2;;2;;2;;50;12;50;340.94010372
6056717;1;2;1;90;2;;1;10;2;;2;;2;;2;;2;;2;;2;;2;;50;12;50;340.94010372
6056718;1;1;1;90;2;;1;36;2;;2;;2;;2;;2;;2;;2;;2;;50;12;50;181.85949965
6056718;1;2;1;90;2;;1;5;2;;2;;2;;2;;2;;2;;2;;2;;50;12;50;181.85949965
6056718;1;3;1;90;2;;1;14;2;;2;;2;;2;;2;;2;;2;;2;;50;12;50;181.85949965
6056720;1;1;1;90;2;;1;2;2;;2;;2;;2;;2;;2;;2;;2;;50;12;50;256.05131806
6056720;1;2;1;90;2;;1;18;2;;2;;2;;2;;2;;2;;2;;2;;50;12;50;256.05131806
6056721;1;1;1;90;2;;1;35;2;;2;;2;;2;;2;;2;;2;;2;;50;12;50;294.5495412
6056721;1;2;1;90;2;;1;5;2;;2;;2;;2;;2;;2;;2;;2;;50;12;50;294.5495412
6056722;1;1;1;90;2;;2;;2;;2;;2;;2;;2;;2;;2;;2;;50;12;50;334.76765904
6056722;1;2;1;90;2;;1;10;2;;2;;2;;2;;2;;2;;2;;2;;50;12;50;334.76765904
6056723;1;1;1;90;2;;1;20;2;;2;;2;;2;;2;;2;;2;;2;;50;12;50;192.33885089
6056725;1;1;1;90;2;;1;2;2;;2;;2;;2;;2;;2;;2;;2;;50;12;50;239.66819226
6056726;1;1;1;90;2;;1;7;2;;1;10;2;;2;;2;;2;;2;;2;;50;12;50;383.14704726
6056726;1;2;1;90;2;;2;;2;;2;;2;;2;;2;;2;;2;;2;;50;12;50;383.14704726
6056727;1;1;1;90;2;;1;32;2;;1;25;2;;2;;2;;2;;2;;2;;50;12;50;338.3127681
6056728;1;1;1;90;2;;1;4;2;;2;;2;;2;;2;;2;;2;;2;;50;12;50;343.9933057
6056729;1;1;1;90;2;;1;6;2;;2;;2;;2;;2;;2;;2;;2;;50;12;50;149.57951327
6056729;1;2;1;90;2;;1;35;2;;1;10;2;;2;;2;;2;;2;;2;;50;12;50;149.57951327
6056729;1;3;1;90;2;;1;10;2;;2;;2;;2;;2;;2;;2;;2;;50;12;50;149.57951327
6056730;1;1;1;90;2;;1;8;2;;2;;2;;2;;2;;2;;2;;2;;50;12;50;295.76961447
6056730;1;2;1;90;2;;1;15;2;;2;;2;;2;;2;;2;;2;;2;;50;12;50;295.76961447
6056730;1;3;1;90;2;;2;;2;;2;;2;;2;;2;;2;;2;;2;;50;12;50;295.76961447
6056731;1;1;1;90;1;30;1;10;2;;2;;2;;2;;2;;2;;2;;2;;50;12;50;175.52344364
6056731;1;2;1;90;1;20;1;20;2;;2;;2;;2;;2;;2;;2;;2;;50;12;50;175.52344364
6056732;1;1;1;90;2;;1;35;2;;2;;2;;2;;2;;2;;2;;2;;50;12;50;175.52344364
6056732;1;2;1;90;2;;2;;2;;2;;2;;2;;2;;2;;2;;2;;50;12;50;175.52344364
6056733;1;1;1;90;2;;1;14;2;;2;;2;;2;;2;;2;;2;;2;;50;12;50;357.75551097
6056734;1;1;1;90;2;;1;32;2;;2;;2;;2;;2;;2;;2;;2;;50;12;50;192.33885089
6056738;1;1;1;90;2;;2;;2;;2;;2;;2;;2;;2;;2;;2;;50;12;50;175.52344364
6056738;1;2;1;90;2;;1;21;2;;2;;1;35;2;;2;;2;;2;;2;;50;12;50;175.52344364
6056739;1;1;1;90;2;;1;20;2;;2;;2;;2;;2;;2;;2;;2;;50;12;50;425.33468891
6056739;1;2;1;90;2;;1;28;2;;1;35;2;;2;;2;;2;;2;;2;;50;12;50;425.33468891
6056739;1;3;1;90;2;;1;18;2;;1;20;2;;2;;2;;2;;2;;2;;50;12;50;425.33468891
6056740;1;1;1;90;2;;2;;2;;1;8;2;;2;;2;;2;;2;;2;;50;12;50;380.50040976
6056740;1;2;1;90;2;;1;18;2;;1;36;2;;2;;2;;2;;2;;2;;50;12;50;380.50040976
6056741;1;1;1;90;2;;1;8;2;;2;;2;;2;;2;;2;;2;;2;;50;12;50;346.38180988
6056741;1;2;1;90;2;;1;35;2;;2;;2;;2;;2;;2;;2;;2;;50;12;50;346.38180988
6056741;1;3;1;90;2;;2;;2;;2;;2;;2;;2;;2;;2;;2;;50;12;50;346.38180988
6056741;1;4;1;90;2;;2;;2;;2;;2;;2;;2;;2;;2;;2;;50;12;50;346.38180988
6056741;1;5;1;90;2;;1;24;2;;2;;2;;2;;2;;2;;2;;2;;50;12;50;346.38180988
6056742;1;1;1;90;2;;1;18;2;;2;;2;;2;;2;;2;;2;;2;;50;12;50;418.97291593
6056742;1;2;1;90;2;;2;;2;;2;;2;;2;;2;;2;;2;;2;;50;12;50;418.97291593
6056742;1;3;1;90;2;;1;2;2;;2;;2;;2;;2;;2;;2;;2;;50;12;50;418.97291593
6056743;1;1;1;90;2;;1;7;2;;2;;2;;2;;2;;2;;2;;2;;50;12;50;158.70803639
6056743;1;2;1;90;2;;2;;1;7;2;;1;14;2;;2;;2;;2;;2;;50;12;50;158.70803639
6056743;1;3;1;90;2;;1;12;2;;2;;1;8;2;;2;;2;;2;;2;;50;12;50;158.70803639
6056744;1;1;1;90;2;;1;18;2;;1;35;2;;2;;2;;2;;2;;2;;50;12;50;380.50040976
6056744;1;2;1;90;2;;1;28;2;;1;35;2;;2;;2;;2;;2;;2;;50;12;50;380.50040976
6056745;1;1;1;90;2;;1;1;2;;2;;2;;2;;2;;2;;2;;2;;50;12;50;305.49508256
6056748;1;1;1;90;2;;1;12;2;;2;;2;;2;;2;;2;;2;;2;;50;12;50;175.52344364
6056748;1;2;1;90;2;;1;12;2;;2;;2;;2;;2;;2;;2;;2;;50;12;50;175.52344364
6056749;1;1;1;90;2;;1;20;2;;1;10;2;;2;;2;;2;;2;;2;;50;12;50;374.13863677
6056749;1;2;1;90;2;;1;5;2;;1;5;2;;2;;2;;2;;2;;2;;50;12;50;374.13863677
6056751;1;1;1;90;2;;1;8;2;;1;24;2;;2;;2;;2;;2;;2;;50;12;50;357.75551097
6056752;1;1;1;90;2;;1;28;2;;2;;2;;2;;2;;2;;2;;2;;50;12;50;298.72674509
6056752;1;2;1;90;2;;1;28;2;;1;56;2;;2;;2;;2;;2;;2;;50;12;50;298.72674509
6056753;1;1;1;90;2;;1;5;2;;2;;2;;2;;2;;2;;2;;2;;50;12;50;364.09156698
6056753;1;2;1;90;2;;1;42;2;;2;;2;;2;;2;;2;;2;;2;;50;12;50;364.09156698
6056754;1;1;1;90;2;;1;18;2;;1;8;2;;2;;2;;2;;2;;2;;50;12;50;366.71248751
6056754;1;2;1;90;2;;1;5;2;;2;;2;;2;;2;;2;;2;;2;;50;12;50;366.71248751
6056754;1;3;1;90;2;;1;12;2;;1;10;2;;2;;2;;2;;2;;2;;50;12;50;366.71248751
6056756;1;1;1;90;2;;1;26;2;;2;;2;;2;;2;;2;;2;;2;;50;12;50;288.34346521
6056756;1;2;1;90;2;;1;18;2;;2;;2;;2;;2;;2;;2;;2;;50;12;50;288.34346521
6056756;1;3;1;90;2;;1;7;2;;2;;2;;2;;2;;2;;2;;2;;50;12;50;288.34346521
6056756;1;4;1;90;2;;1;38;2;;2;;2;;2;;2;;2;;2;;2;;50;12;50;288.34346521
6056761;1;1;1;90;2;;2;;2;;2;;2;;2;;2;;2;;2;;2;;50;12;50;357.75551097
6056764;1;1;1;90;2;;2;;2;;1;7;2;;2;;2;;2;;2;;2;;50;12;50;314.64780249
6056764;1;2;1;90;2;;1;14;2;;1;35;2;;2;;2;;2;;2;;2;;50;12;50;314.64780249
6056764;1;3;1;90;2;;1;8;2;;2;;2;;2;;2;;2;;2;;2;;50;12;50;314.64780249
6056765;1;1;1;90;2;;1;7;2;;2;;2;;2;;2;;2;;2;;2;;50;12;50;364.09156698
6056765;1;2;1;90;2;;1;29;2;;2;;2;;2;;2;;2;;2;;2;;50;12;50;364.09156698
6056768;1;1;1;90;2;;1;12;2;;2;;2;;2;;2;;2;;2;;2;;50;12;50;305.49508256
6056769;1;1;1;90;2;;1;7;2;;2;;2;;2;;2;;2;;2;;2;;50;12;50;364.09156698
6056769;1;2;1;90;2;;1;10;2;;2;;2;;2;;2;;2;;2;;2;;50;12;50;364.09156698
6056771;1;1;1;90;2;;1;20;2;;2;;2;;2;;2;;2;;2;;2;;50;12;50;149.57951327
6056771;1;2;1;90;2;;1;7;2;;2;;2;;2;;2;;2;;2;;2;;50;12;50;149.57951327
6056771;1;3;1;90;2;;1;7;2;;2;;2;;2;;2;;2;;2;;2;;50;12;50;149.57951327
6056772;1;1;1;90;2;;2;;2;;2;;2;;2;;2;;2;;2;;2;;50;12;50;208.72197669
6056772;1;2;1;90;2;;1;35;2;;1;15;1;10;2;;2;;2;;2;;2;;50;12;50;208.72197669
6056773;1;1;1;90;2;;1;7;2;;2;;2;;2;;2;;2;;2;;2;;50;12;50;305.49508256
6056774;1;1;1;90;2;;1;35;2;;2;;1;20;2;;2;;2;;2;;2;;50;12;50;157.81368653
6056774;1;2;1;90;2;;1;5;2;;2;;2;;2;;2;;2;;2;;2;;50;12;50;157.81368653
6056774;1;3;1;90;2;;1;14;2;;2;;1;30;2;;2;;2;;2;;2;;50;12;50;157.81368653
6056774;1;4;1;90;2;;1;20;2;;2;;1;20;2;;1;40;2;;2;;2;;50;12;50;157.81368653
6056774;1;5;1;90;2;;2;;2;;2;;2;;2;;2;;2;;2;;2;;50;12;50;157.81368653
6056775;1;1;1;90;2;;2;;2;;2;;2;;2;;2;;2;;2;;2;;50;12;50;357.75551097
6056776;1;1;1;90;2;;1;35;2;;2;;2;;2;;2;;2;;2;;2;;50;12;50;192.33885089
6056777;1;1;1;90;2;;1;8;2;;2;;2;;2;;2;;2;;2;;2;;50;12;50;175.52344364
6056777;1;2;1;90;2;;1;8;2;;2;;2;;2;;2;;2;;2;;2;;50;12;50;175.52344364
6056778;1;1;1;90;2;;1;3;2;;2;;2;;2;;2;;2;;2;;2;;50;12;50;357.75551097
6056779;1;1;1;90;2;;1;26;2;;2;;2;;2;;2;;2;;2;;2;;50;12;50;305.49508256
6056780;1;1;1;90;2;;2;;2;;2;;2;;2;;2;;2;;2;;2;;50;12;50;364.09156698
6056780;1;2;1;90;2;;2;;2;;2;;2;;2;;2;;2;;2;;2;;50;12;50;364.09156698
6056781;1;1;1;90;2;;1;25;2;;2;;2;;2;;2;;2;;2;;2;;50;12;50;175.52344364
6056781;1;2;1;90;2;;2;;2;;2;;2;;2;;2;;2;;2;;2;;50;12;50;175.52344364
6056782;1;1;1;90;2;;1;30;2;;2;;2;;2;;2;;2;;2;;2;;50;12;50;250.93533532
6056782;1;2;1;90;2;;2;;2;;2;;2;;2;;2;;2;;2;;2;;50;12;50;250.93533532
6056783;1;1;1;90;2;;1;2;2;;2;;2;;2;;2;;2;;2;;2;;50;12;50;331.95099512
6056784;1;1;1;90;2;;1;20;2;;2;;2;;2;;2;;2;;2;;2;;50;12;50;265.52821204
6056784;1;2;1;90;2;;1;10;2;;2;;2;;2;;2;;2;;2;;2;;50;12;50;265.52821204
6056785;1;1;1;90;2;;1;35;2;;2;;2;;2;;2;;2;;2;;2;;50;12;50;350.32936171
6056785;1;2;1;90;2;;1;5;2;;2;;2;;2;;2;;2;;2;;2;;50;12;50;350.32936171
6056786;1;1;1;90;2;;1;1;2;;2;;2;;2;;2;;2;;2;;2;;50;12;50;282.34361929
6056787;1;1;1;90;2;;1;10;2;;1;40;2;;2;;2;;2;;2;;2;;50;12;50;249.71526205
6056788;1;1;1;90;2;;1;20;2;;2;;2;;2;;2;;2;;2;;2;;50;12;50;192.33885089
6056789;1;1;1;90;2;;1;22;2;;2;;1;80;2;;2;;2;;2;;2;;50;12;50;309.53181975
6056789;1;2;1;90;2;;2;;2;;2;;2;;2;;2;;2;;2;;2;;50;12;50;309.53181975
6056789;1;3;1;90;2;;2;;2;;2;;2;;2;;2;;2;;2;;2;;50;12;50;309.53181975
6056790;1;1;1;90;2;;1;20;2;;2;;2;;2;;2;;2;;2;;2;;50;12;50;315.54215235
6056791;1;1;1;90;2;;1;25;2;;2;;2;;2;;2;;2;;2;;2;;50;12;50;364.09156698
6056791;1;2;1;90;2;;1;7;2;;2;;2;;2;;2;;2;;2;;2;;50;12;50;364.09156698
6056792;1;1;1;90;2;;1;8;2;;2;;2;;2;;2;;2;;2;;2;;50;12;50;180.17735798
6056792;1;2;1;90;2;;1;9;2;;2;;2;;2;;2;;2;;2;;2;;50;12;50;180.17735798
6056793;1;1;1;90;2;;1;15;2;;2;;2;;2;;2;;2;;2;;2;;50;12;50;357.75551097
6056794;1;1;1;90;2;;1;7;2;;1;8;2;;2;;2;;2;;2;;2;;50;12;50;390.54747955
6056794;1;2;1;90;2;;1;10;2;;2;;2;;2;;2;;2;;2;;2;;50;12;50;390.54747955
6056797;1;1;1;90;2;;1;4;2;;2;;1;5;2;;2;;2;;2;;2;;52;12;52;262.80725176
6056799;1;1;1;90;2;;1;40;2;;2;;1;20;2;;2;;2;;2;;2;;52;12;52;222.17447266
6056799;1;2;1;90;2;;1;24;2;;2;;2;;2;;2;;2;;2;;2;;52;12;52;222.17447266
6056799;1;3;1;90;2;;1;20;2;;2;;2;;2;;2;;2;;2;;2;;52;12;52;222.17447266
6056800;1;1;1;90;2;;1;7;2;;2;;2;;2;;2;;2;;2;;2;;52;12;52;196.21649971
6056800;1;2;1;90;2;;1;28;2;;2;;2;;2;;2;;2;;2;;2;;52;12;52;196.21649971
6056800;1;3;1;90;2;;1;7;2;;2;;1;7;2;;2;;2;;2;;2;;52;12;52;196.21649971
6056800;1;4;1;90;2;;1;7;2;;2;;2;;2;;2;;2;;2;;2;;52;12;52;196.21649971
6056801;1;1;1;90;2;;2;;2;;2;;2;;2;;2;;2;;2;;2;;52;12;52;239.84275708
6056801;1;2;1;90;2;;1;18;2;;2;;2;;2;;2;;2;;2;;2;;52;12;52;239.84275708
6056801;1;3;1;90;2;;1;4;2;;2;;2;;2;;2;;2;;2;;2;;52;12;52;239.84275708
6056804;1;1;1;90;2;;1;21;2;;2;;2;;2;;2;;2;;2;;2;;52;12;52;239.89006091
6056804;1;2;1;90;2;;1;14;2;;2;;2;;2;;2;;2;;2;;2;;52;12;52;239.89006091
6056804;1;3;1;90;2;;1;21;2;;2;;2;;2;;2;;2;;2;;2;;52;12;52;239.89006091
6056805;1;1;1;90;2;;2;;2;;2;;2;;2;;2;;2;;2;;2;;52;12;52;129.75692727
6056805;1;2;1;90;2;;1;28;2;;2;;2;;2;;2;;2;;2;;2;;52;12;52;129.75692727
6056805;1;3;1;90;2;;2;;2;;2;;2;;2;;2;;2;;2;;2;;52;12;52;129.75692727
6056806;1;1;1;90;2;;1;22;2;;2;;1;10;2;;2;;2;;2;;2;;52;12;52;189.62970525
6056806;1;2;1;90;2;;1;12;2;;2;;2;;2;;2;;2;;2;;2;;52;12;52;189.62970525
6056807;1;1;1;90;2;;1;18;2;;2;;2;;2;;2;;2;;2;;2;;52;12;52;207.43179424
6056808;1;1;1;90;2;;1;6;2;;2;;2;;2;;2;;2;;2;;2;;52;12;52;259.38004996
6056810;1;1;1;90;2;;1;14;2;;2;;2;;2;;2;;2;;2;;2;;52;12;52;272.38752449
6056810;1;2;1;90;2;;1;35;2;;2;;2;;2;;2;;2;;2;;2;;52;12;52;272.38752449
6056810;1;3;1;90;2;;1;4;2;;2;;2;;2;;2;;2;;2;;2;;52;12;52;272.38752449
6056810;1;4;1;90;2;;1;4;2;;2;;2;;2;;2;;2;;2;;2;;52;12;52;272.38752449
6056812;1;1;1;90;2;;2;;2;;2;;2;;2;;2;;2;;2;;2;;52;12;52;262.80725176
6056813;1;1;1;90;2;;1;28;2;;1;21;2;;2;;2;;2;;2;;2;;52;12;52;244.152346
6056813;1;2;1;90;2;;1;28;2;;1;45;2;;2;;2;;2;;2;;2;;52;12;52;244.152346
6056814;1;1;1;90;2;;1;28;2;;2;;1;65;2;;2;;2;;2;;2;;52;12;52;239.89006091
6056814;1;2;1;90;2;;1;14;2;;2;;1;14;2;;2;;2;;2;;2;;52;12;52;239.89006091
6056814;1;3;1;90;2;;2;;2;;2;;2;;2;;2;;2;;2;;2;;52;12;52;239.89006091
6056815;1;1;1;90;2;;1;3;2;;2;;2;;2;;2;;2;;2;;2;;52;12;52;140.84104218
6056815;1;2;1;90;2;;1;7;2;;2;;2;;2;;2;;2;;2;;2;;52;12;52;140.84104218
6056815;1;3;1;90;2;;1;2;2;;2;;2;;2;;2;;2;;2;;2;;52;12;52;140.84104218
6056815;1;4;1;90;2;;1;4;2;;2;;2;;2;;2;;2;;2;;2;;52;12;52;140.84104218
6056816;1;1;1;90;2;;1;28;2;;2;;1;45;2;;2;;2;;2;;2;;52;12;52;207.16418509
6056816;1;2;1;90;2;;1;4;2;;2;;2;;2;;2;;2;;2;;2;;52;12;52;207.16418509
6056816;1;3;1;90;2;;2;;2;;2;;2;;2;;2;;2;;2;;2;;52;12;52;207.16418509
6056817;1;1;1;90;2;;1;28;2;;1;35;2;;2;;2;;2;;2;;2;;52;12;52;417.58178578
6056817;1;2;1;90;2;;1;4;2;;2;;2;;2;;2;;2;;2;;2;;52;12;52;417.58178578
6056818;1;1;1;90;2;;2;;2;;2;;2;;2;;2;;2;;2;;2;;52;12;52;239.97656165
6056818;1;2;1;90;2;;1;28;2;;2;;2;;2;;2;;2;;2;;2;;52;12;52;239.97656165
6056821;1;1;1;90;2;;1;2;2;;2;;2;;2;;2;;2;;2;;2;;52;12;52;157.08493783
6056822;1;1;1;90;2;;2;;2;;2;;2;;2;;2;;2;;2;;2;;52;12;52;210.72519147
6056822;1;2;1;90;2;;1;4;2;;2;;2;;2;;2;;2;;2;;2;;52;12;52;210.72519147
6056824;1;1;1;90;2;;2;;2;;2;;2;;2;;2;;2;;2;;2;;52;12;52;160.24453049
6056824;1;2;1;90;2;;1;28;2;;2;;2;;2;;2;;2;;2;;2;;52;12;52;160.24453049
6056824;1;3;1;90;2;;1;14;2;;2;;2;;2;;2;;2;;2;;2;;52;12;52;160.24453049
6056825;1;1;1;90;2;;2;;2;;2;;2;;2;;2;;2;;2;;2;;52;12;52;160.37833506
6056825;1;2;1;90;2;;1;20;2;;2;;2;;2;;2;;2;;2;;2;;52;12;52;160.37833506
6056826;1;1;1;90;2;;1;25;2;;2;;2;;2;;2;;2;;2;;2;;52;12;52;189.62970525
6056826;1;2;1;90;2;;1;25;2;;2;;2;;2;;2;;2;;2;;2;;52;12;52;189.62970525
6056827;1;1;1;90;2;;1;24;2;;2;;2;;2;;2;;2;;1;3;2;;52;12;52;157.08493783
6056828;1;1;1;90;2;;1;28;2;;2;;2;;2;;2;;2;;2;;2;;52;12;52;160.37833506
6056828;1;2;1;90;2;;1;28;2;;2;;2;;2;;2;;2;;2;;2;;52;12;52;160.37833506
6056831;1;1;1;90;2;;1;28;2;;2;;2;;2;;2;;2;;2;;2;;52;12;52;240.02386548
6056831;1;2;1;90;2;;1;24;2;;2;;2;;2;;2;;2;;2;;2;;52;12;52;240.02386548
6056832;1;1;1;90;2;;1;28;2;;2;;2;;2;;2;;2;;2;;2;;52;12;52;137.54764495
6056832;1;2;1;90;2;;1;21;2;;2;;2;;2;;2;;2;;2;;1;5;52;12;52;137.54764495
6056832;1;3;1;90;2;;1;28;2;;2;;2;;2;;2;;2;;2;;2;;52;12;52;137.54764495
6056835;1;1;1;90;2;;1;20;2;;2;;1;30;2;;2;;2;;2;;2;;52;12;52;207.29798966
6056835;1;2;1;90;2;;1;10;2;;2;;2;;2;;2;;2;;2;;2;;52;12;52;207.29798966
6056836;1;1;1;90;2;;1;18;2;;2;;2;;2;;2;;2;;2;;2;;52;12;52;262.80725176
6056837;1;1;1;90;2;;1;40;2;;2;;2;;2;;2;;2;;2;;2;;52;12;52;157.08493783
6056838;1;1;1;90;2;;1;14;2;;1;28;2;;2;;2;;2;;2;;2;;52;12;52;488.59239959
6056838;1;2;1;90;2;;1;28;2;;1;35;2;;2;;2;;2;;2;;2;;52;12;52;488.59239959
6056838;1;3;1;90;2;;1;4;2;;2;;2;;2;;2;;2;;2;;2;;52;12;52;488.59239959
6056839;1;1;1;90;2;;1;28;2;;1;28;2;;2;;2;;2;;2;;2;;52;12;52;229.37769879
6056839;1;3;1;90;2;;1;35;2;;1;45;2;;2;;2;;2;;2;;2;;52;12;52;229.37769879
6056840;1;1;1;90;2;;1;20;2;;2;;2;;2;;2;;2;;2;;2;;52;12;52;160.37833506
6056840;1;2;1;90;2;;1;24;2;;2;;2;;2;;2;;2;;2;;2;;52;12;52;160.37833506
6056842;1;1;1;90;2;;1;5;2;;1;12;2;;2;;2;;2;;2;;2;;52;12;52;396.94345415
6056842;1;2;1;90;2;;1;30;2;;1;30;2;;2;;2;;2;;2;;2;;52;12;52;396.94345415
6056842;1;3;1;90;2;;1;12;2;;2;;2;;2;;2;;2;;2;;2;;52;12;52;396.94345415
6056844;1;1;1;90;2;;1;12;2;;2;;2;;2;;2;;2;;2;;2;;52;12;52;243.31726272
6056844;1;2;1;90;2;;1;30;2;;2;;2;;2;;2;;2;;2;;2;;52;12;52;243.31726272
6056844;1;3;1;90;2;;1;3;2;;2;;2;;2;;2;;2;;2;;2;;52;12;52;243.31726272
6056845;1;1;1;90;1;4;1;14;2;;2;;2;;2;;2;;2;;2;;2;;52;12;52;259.38004996
6056849;1;1;1;90;2;;1;7;2;;2;;2;;2;;2;;2;;2;;2;;52;12;52;292.05862195
6056851;1;1;1;90;2;;1;20;2;;2;;2;;2;;2;;2;;2;;2;;52;12;52;157.08493783
6056852;1;1;1;90;2;;1;3;2;;2;;2;;2;;1;4;2;;2;;2;;52;12;52;229.42334893
6056852;1;2;1;90;2;;1;14;2;;2;;2;;2;;1;3;2;;2;;2;;52;12;52;229.42334893
6056852;1;3;1;90;2;;1;7;2;;2;;2;;2;;2;;2;;2;;2;;52;12;52;229.42334893
6056852;1;4;1;90;2;;1;7;2;;2;;2;;2;;2;;2;;2;;2;;52;12;52;229.42334893
6056852;1;5;1;90;2;;1;28;2;;2;;2;;2;;2;;2;;2;;2;;52;12;52;229.42334893
6056852;1;6;1;90;2;;1;14;2;;2;;2;;2;;2;;2;;2;;2;;52;12;52;229.42334893
6056853;1;1;1;90;2;;1;20;2;;2;;2;;2;;2;;2;;2;;2;;52;12;52;157.08493783
6056854;1;1;1;90;2;;2;;2;;2;;2;;2;;2;;2;;2;;2;;52;12;52;304.97959574
6056854;1;2;1;90;2;;1;27;2;;1;21;2;;2;;2;;2;;2;;2;;52;12;52;304.97959574
6056854;1;3;1;90;2;;1;7;2;;2;;2;;2;;2;;2;;2;;2;;52;12;52;304.97959574
6056854;1;4;1;90;2;;1;10;2;;2;;2;;2;;2;;2;;2;;2;;52;12;52;304.97959574
6056854;1;5;1;90;2;;2;;2;;2;;2;;2;;2;;2;;2;;2;;52;12;52;304.97959574
6056855;1;1;1;90;2;;1;30;2;;2;;2;;2;;2;;2;;2;;2;;52;12;52;137.54764495
6056855;1;2;1;90;2;;1;25;2;;2;;2;;2;;2;;2;;2;;2;;52;12;52;137.54764495
6056855;1;3;1;90;2;;1;4;2;;2;;2;;2;;2;;2;;2;;2;;52;12;52;137.54764495
6056856;1;1;1;90;2;;1;21;2;;2;;2;;2;;2;;2;;2;;2;;52;12;52;189.62970525
6056856;1;2;1;90;2;;1;5;2;;2;;2;;2;;2;;2;;2;;2;;52;12;52;189.62970525
6056857;1;1;1;90;2;;1;14;2;;2;;2;;2;;2;;2;;2;;1;2;52;12;52;160.37833506
6056857;1;2;1;90;2;;1;14;2;;2;;2;;2;;2;;2;;2;;2;;52;12;52;160.37833506
6056859;1;1;1;90;2;;1;7;2;;2;;2;;2;;2;;2;;2;;2;;52;12;52;192.92310248
6056859;1;2;1;90;2;;1;28;2;;2;;2;;2;;2;;2;;2;;2;;52;12;52;192.92310248
6056859;1;3;1;90;2;;1;7;2;;2;;2;;2;;2;;2;;2;;2;;52;12;52;192.92310248
6056860;1;1;1;90;2;;1;7;2;;1;14;2;;2;;2;;2;;2;;2;;52;12;52;276.56330884
6056860;1;2;1;90;2;;1;24;2;;1;21;2;;2;;2;;2;;2;;2;;52;12;52;276.56330884
6056860;1;3;1;90;2;;1;5;2;;2;;2;;2;;2;;2;;2;;2;;52;12;52;276.56330884
6056860;1;5;1;90;2;;1;14;2;;2;;2;;2;;2;;2;;2;;2;;52;12;52;276.56330884
6056861;1;1;1;90;2;;1;7;2;;2;;2;;2;;1;12;2;;2;;2;;52;12;52;292.05862195
6056862;1;1;1;90;2;;2;;2;;2;;2;;2;;1;6;2;;2;;2;;52;12;52;129.75692727
6056862;1;2;1;90;2;;1;6;2;;2;;2;;2;;2;;2;;2;;2;;52;12;52;129.75692727
6056862;1;3;1;90;2;;1;24;2;;2;;2;;2;;2;;2;;2;;2;;52;12;52;129.75692727
6056863;1;1;1;90;2;;1;12;2;;2;;2;;2;;2;;2;;2;;2;;52;12;52;140.84104218
6056863;1;2;1;90;2;;2;;2;;2;;2;;2;;2;;2;;2;;2;;52;12;52;140.84104218
6056863;1;3;1;90;2;;2;;2;;2;;2;;2;;2;;2;;2;;2;;52;12;52;140.84104218
6056863;1;4;1;90;2;;1;5;2;;2;;2;;2;;2;;2;;2;;2;;52;12;52;140.84104218
6056864;1;1;1;90;2;;1;7;2;;1;14;2;;2;;2;;2;;2;;2;;52;12;52;328.77917371
6056864;1;2;1;90;2;;1;21;2;;1;21;2;;2;;2;;2;;2;;2;;52;12;52;328.77917371
6056865;1;1;1;90;2;;1;7;2;;2;;2;;2;;2;;2;;2;;2;;52;12;52;192.97040631
6056865;1;2;1;90;2;;1;14;2;;2;;2;;2;;2;;2;;2;;2;;52;12;52;192.97040631
6056865;1;3;1;90;2;;1;7;2;;2;;2;;2;;2;;2;;2;;2;;52;12;52;192.97040631
6056867;1;1;1;90;2;;1;12;2;;2;;2;;2;;2;;2;;2;;2;;52;12;52;156.95113326
6056867;1;2;1;90;2;;1;6;2;;2;;2;;2;;2;;2;;2;;2;;52;12;52;156.95113326
6056868;1;1;1;90;2;;1;26;2;;2;;2;;2;;2;;2;;2;;2;;52;12;52;189.49590067
6056868;1;2;1;90;2;;1;5;2;;2;;2;;2;;2;;2;;2;;2;;52;12;52;189.49590067
6056868;1;3;1;90;2;;1;4;2;;2;;2;;2;;2;;2;;2;;2;;52;12;52;189.49590067
6056869;1;1;1;90;2;;1;28;2;;1;14;2;;2;;2;;2;;2;;2;;52;12;52;364.39868674
6056869;1;2;1;90;2;;1;21;2;;1;21;2;;2;;2;;2;;2;;2;;52;12;52;364.39868674
6056870;1;1;1;90;2;;1;4;2;;2;;2;;2;;2;;2;;2;;2;;52;12;52;272.30102375
6056870;1;2;1;90;2;;1;25;2;;1;5;2;;2;;2;;2;;2;;2;;52;12;52;272.30102375
6056870;1;3;1;90;2;;1;15;2;;2;;2;;2;;2;;2;;2;;2;;52;12;52;272.30102375
6056870;1;4;1;90;2;;1;3;2;;2;;2;;2;;2;;2;;2;;2;;52;12;52;272.30102375
6056870;1;5;1;90;2;;1;5;2;;2;;2;;2;;2;;2;;2;;2;;52;12;52;272.30102375
6056871;1;1;1;90;2;;1;20;2;;2;;2;;2;;2;;2;;2;;2;;52;12;52;262.80725176
6056872;1;1;1;90;2;;1;14;2;;2;;2;;2;;2;;2;;2;;2;;52;12;52;262.80725176
6056873;1;1;1;90;1;7;1;14;2;;2;;2;;2;;2;;2;;2;;2;;52;12;52;129.75692727
6056873;1;2;1;90;2;;1;7;2;;2;;2;;2;;2;;2;;2;;2;;52;12;52;129.75692727
6056874;1;1;1;90;2;;2;;2;;2;;2;;2;;2;;2;;2;;2;;52;12;52;305.02689957
6056874;1;2;1;90;2;;1;28;2;;1;3;2;;2;;2;;2;;2;;2;;52;12;52;305.02689957
6056874;1;3;1;90;2;;1;4;2;;2;;2;;2;;2;;2;;2;;2;;52;12;52;305.02689957
6056874;1;4;1;90;2;;1;12;2;;2;;2;;2;;2;;2;;2;;2;;52;12;52;305.02689957
6056874;1;5;1;90;2;;1;10;2;;2;;2;;2;;2;;2;;2;;2;;52;12;52;305.02689957
6056875;1;1;1;90;2;;1;21;2;;2;;2;;2;;2;;2;;2;;2;;52;12;52;129.75692727
6056875;1;2;1;90;2;;1;14;2;;2;;1;7;2;;2;;2;;2;;2;;52;12;52;129.75692727
6056875;1;3;1;90;2;;1;14;2;;2;;1;14;2;;2;;2;;2;;2;;52;12;52;129.75692727
6056875;1;4;1;90;2;;2;;2;;2;;2;;2;;2;;2;;2;;2;;52;12;52;129.75692727
6056876;1;1;1;90;2;;2;;2;;1;3;2;;2;;2;;2;;2;;2;;52;12;52;341.78664825
6056876;1;2;1;90;2;;1;25;2;;1;4;2;;2;;2;;2;;2;;2;;52;12;52;341.78664825
6056876;1;3;1;90;2;;2;;2;;2;;2;;2;;2;;2;;2;;2;;52;12;52;341.78664825
6056876;1;4;1;90;2;;1;26;2;;1;20;2;;2;;2;;2;;2;;2;;52;12;52;341.78664825
6056876;1;5;1;90;2;;1;4;2;;1;8;2;;2;;2;;2;;2;;2;;52;12;52;341.78664825
6056877;1;1;1;90;2;;1;21;2;;2;;2;;2;;2;;2;;2;;2;;52;12;52;272.61593673
6056877;1;2;1;90;2;;1;14;2;;2;;2;;2;;2;;2;;2;;2;;52;12;52;272.61593673
6056877;1;3;1;90;2;;1;10;2;;2;;2;;2;;2;;2;;2;;2;;52;12;52;272.61593673
6056878;1;1;1;90;2;;1;20;2;;2;;2;;2;;2;;2;;2;;2;;52;12;52;239.89006091
6056878;1;2;1;90;2;;1;12;2;;2;;2;;2;;2;;2;;2;;2;;52;12;52;239.89006091
6056878;1;3;1;90;2;;1;8;2;;2;;2;;2;;2;;2;;2;;2;;52;12;52;239.89006091
6056879;1;1;1;90;2;;1;10;1;10;2;;2;;2;;2;;2;;2;;2;;52;12;52;129.75692727
6056879;1;2;1;90;2;;1;40;2;;2;;2;;2;;2;;2;;2;;2;;52;12;52;129.75692727
6056879;1;3;1;90;2;;1;14;2;;2;;2;;2;;2;;2;;2;;2;;52;12;52;129.75692727
6056880;1;1;1;90;2;;1;12;2;;2;;2;;2;;2;;2;;2;;2;;52;12;52;272.43482832
6056880;1;2;1;90;2;;1;12;2;;2;;2;;2;;2;;2;;2;;2;;52;12;52;272.43482832
6056880;1;3;1;90;2;;1;24;2;;2;;2;;2;;1;7;2;;2;;2;;52;12;52;272.43482832
6056880;1;4;1;90;2;;1;3;2;;2;;2;;2;;2;;2;;2;;2;;52;12;52;272.43482832
6056881;1;1;1;90;2;;1;7;2;;1;14;2;;2;;2;;2;;2;;2;;52;12;52;272.43482832
6056881;1;2;1;90;2;;1;8;2;;1;14;2;;2;;1;3;2;;2;;2;;52;12;52;272.43482832
6056881;1;3;1;90;2;;1;14;2;;2;;2;;2;;2;;2;;2;;2;;52;12;52;272.43482832
6056881;1;4;1;90;2;;1;7;2;;2;;2;;2;;2;;2;;2;;2;;52;12;52;272.43482832
6056882;1;1;1;90;2;;2;;2;;2;;2;;2;;2;;2;;2;;2;;52;12;52;261.92246621
6056882;1;2;1;90;2;;1;28;2;;1;30;2;;2;;2;;2;;2;;2;;52;12;52;261.92246621
6056882;1;4;1;90;2;;1;40;2;;2;;2;;2;;2;;2;;2;;2;;52;12;52;261.92246621
6056883;1;1;1;90;2;;1;25;2;;2;;2;;2;;2;;2;;2;;2;;52;12;52;262.80725176
6056884;1;1;1;90;2;;1;30;2;;1;30;2;;2;;2;;2;;2;;2;;52;12;52;385.03701836
6056885;1;1;1;90;2;;1;12;2;;1;16;2;;2;;2;;2;;2;;2;;52;12;52;292.05862195
6056887;1;1;1;90;2;;2;;2;;2;;2;;2;;2;;2;;2;;2;;52;12;52;187.89450136
6056887;1;2;1;90;2;;1;40;2;;2;;2;;2;;2;;2;;2;;2;;52;12;52;187.89450136
6056887;1;3;1;90;2;;1;18;2;;2;;1;48;2;;2;;2;;2;;2;;52;12;52;187.89450136
6056888;1;1;1;90;2;;1;24;2;;1;20;1;20;2;;2;;2;;2;;2;;52;12;52;328.82647754
6056888;1;2;1;90;2;;2;;2;;2;;2;;2;;2;;2;;2;;2;;52;12;52;328.82647754
6056889;1;1;1;90;2;;1;18;2;;2;;2;;2;;2;;2;;2;;2;;52;12;52;259.38004996
6056890;1;1;1;90;2;;1;24;2;;2;;2;;2;;2;;2;;2;;2;;52;12;52;239.84275708
6056890;1;2;1;90;2;;1;12;2;;2;;2;;2;;2;;2;;2;;2;;52;12;52;239.84275708
6056890;1;3;1;90;2;;1;24;2;;2;;2;;2;;2;;2;;2;;2;;52;12;52;239.84275708
6056891;1;1;1;90;2;;1;35;2;;2;;1;25;2;;2;;2;;2;;2;;52;12;52;239.97656165
6056891;1;2;1;90;2;;2;;2;;2;;2;;2;;2;;2;;2;;2;;52;12;52;239.97656165
6056892;1;1;1;90;1;7;1;7;2;;2;;2;;2;;2;;2;;2;;2;;52;12;52;129.75692727
6056892;1;2;1;90;1;7;1;14;2;;2;;2;;2;;2;;2;;2;;2;;52;12;52;129.75692727
6056892;1;3;1;90;2;;1;14;2;;2;;2;;2;;2;;2;;2;;2;;52;12;52;129.75692727
6056892;1;4;1;90;1;14;1;7;2;;2;;2;;2;;2;;2;;2;;2;;52;12;52;129.75692727
6056892;1;5;1;90;1;7;1;14;2;;2;;2;;2;;2;;2;;2;;2;;52;12;52;129.75692727
6056892;1;6;1;90;2;;1;7;2;;2;;2;;2;;2;;2;;2;;2;;52;12;52;129.75692727
6056892;1;7;1;90;1;7;1;4;2;;2;;2;;2;;2;;2;;2;;2;;52;12;52;129.75692727
6056892;1;8;1;90;1;5;1;14;2;;2;;2;;2;;2;;2;;2;;2;;52;12;52;129.75692727
6056894;1;1;1;90;2;;1;20;2;;2;;2;;2;;2;;2;;2;;2;;52;12;52;220.4865726
6056894;1;2;1;90;2;;2;;2;;2;;2;;2;;2;;2;;2;;2;;52;12;52;220.4865726
6056894;1;3;1;90;2;;1;12;2;;2;;2;;2;;2;;2;;2;;2;;52;12;52;220.4865726
6056894;1;4;1;90;2;;1;24;2;;2;;2;;2;;2;;2;;2;;2;;52;12;52;220.4865726
6056895;1;1;1;90;2;;1;14;2;;1;28;2;;2;;2;;2;;2;;2;;52;12;52;396.80964958
6056895;1;2;1;90;2;;1;35;2;;1;65;2;;2;;2;;2;;2;;2;;52;12;52;396.80964958
6056895;1;3;1;90;2;;1;14;2;;1;45;2;;2;;2;;2;;2;;2;;52;12;52;396.80964958
6056895;1;4;1;90;2;;1;4;2;;2;;2;;2;;2;;2;;2;;2;;52;12;52;396.80964958
6056896;1;1;1;90;2;;2;;2;;2;;2;;2;;2;;2;;2;;2;;52;12;52;396.94345415
6056896;1;2;1;90;2;;1;28;2;;1;35;2;;2;;2;;2;;2;;2;;52;12;52;396.94345415
6056896;1;3;1;90;2;;1;14;2;;1;14;2;;2;;2;;2;;2;;2;;52;12;52;396.94345415
6056897;1;1;1;90;2;;1;28;2;;2;;2;;2;;2;;2;;2;;2;;52;12;52;155.34973394
6056897;1;2;1;90;2;;1;14;2;;2;;2;;2;;2;;2;;2;;2;;52;12;52;155.34973394
6056898;1;1;1;90;2;;1;14;2;;2;;2;;2;;2;;2;;2;;2;;52;12;52;259.38004996
6056900;1;1;1;90;2;;2;;2;;2;;2;;2;;2;;2;;2;;2;;52;12;52;364.21757833
6056900;1;2;1;90;2;;1;28;2;;2;;2;;2;;2;;2;;2;;2;;52;12;52;364.21757833
6056900;1;3;1;90;2;;1;4;2;;2;;2;;2;;2;;2;;2;;2;;52;12;52;364.21757833
6056904;1;1;1;90;2;;1;10;2;;2;;2;;2;;2;;2;;2;;2;;52;12;52;239.84275708
6056904;1;2;1;90;2;;1;25;2;;2;;2;;2;;2;;2;;2;;2;;52;12;52;239.84275708
6056904;1;3;1;90;2;;2;;2;;2;;2;;2;;2;;2;;2;;2;;52;12;52;239.84275708
6056905;1;1;1;90;2;;1;18;2;;2;;2;;2;;2;;2;;2;;2;;52;12;52;292.05862195
6056906;1;1;1;90;2;;1;24;2;;2;;2;;2;;2;;2;;2;;2;;52;12;52;157.08493783
6056907;1;1;1;90;2;;1;5;2;;2;;2;;2;;2;;2;;2;;2;;52;12;52;393.91601238
6056907;1;2;1;90;2;;1;7;2;;1;14;2;;2;;2;;2;;2;;2;;52;12;52;393.91601238
6056907;1;3;1;90;2;;1;7;2;;1;4;2;;2;;2;;2;;2;;2;;52;12;52;393.91601238
6056907;1;4;1;90;2;;1;14;2;;1;7;2;;2;;2;;2;;2;;2;;52;12;52;393.91601238
6056908;1;1;1;90;2;;1;30;2;;1;2;2;;2;;2;;2;;2;;2;;52;12;52;420.60922755
6056909;1;1;1;90;2;;1;30;2;;2;;2;;2;;2;;2;;2;;2;;52;12;52;129.75692727
6056909;1;2;1;90;2;;1;30;2;;2;;2;;2;;2;;2;;2;;2;;52;12;52;129.75692727
6056909;1;3;1;90;2;;1;10;2;;1;12;2;;2;;2;;2;;2;;2;;52;12;52;129.75692727
6056910;1;1;1;90;2;;1;24;2;;2;;1;30;2;;2;;2;;2;;2;;52;12;52;160.37833506
6056910;1;2;1;90;2;;2;;2;;2;;2;;2;;2;;2;;2;;2;;52;12;52;160.37833506
6056912;1;1;1;90;1;3;1;30;2;;2;;2;;2;;2;;2;;2;;2;;52;12;52;156.95113326
6056912;1;2;1;90;2;;1;7;2;;2;;2;;2;;2;;2;;2;;2;;52;12;52;156.95113326
6056913;1;1;1;90;2;;1;40;2;;2;;2;;2;;2;;2;;2;;2;;52;12;52;222.22177649
6056913;1;2;1;90;2;;2;;2;;2;;2;;2;;2;;2;;2;;2;;52;12;52;222.22177649
6056913;1;3;1;90;2;;1;20;2;;2;;2;;2;;2;;2;;2;;2;;52;12;52;222.22177649
6056914;1;1;1;90;2;;1;30;2;;2;;2;;2;;2;;2;;2;;2;;52;12;52;417.58178578
6056914;1;2;1;90;2;;1;30;2;;1;30;2;;2;;2;;2;;2;;2;;52;12;52;417.58178578
6056915;1;1;1;90;2;;1;24;2;;2;;2;;2;;2;;2;;2;;2;;52;12;52;207.43179424
6056916;1;1;1;90;2;;1;4;2;;2;;2;;2;;2;;2;;2;;2;;54;12;54;588.57646342
6056916;1;2;1;90;2;;1;35;2;;1;14;2;;2;;2;;2;;2;;2;;54;12;54;588.57646342
6056916;1;3;1;90;2;;2;;2;;2;;2;;2;;2;;2;;2;;2;;54;12;54;588.57646342
6056916;1;4;1;90;2;;1;28;2;;1;21;2;;2;;2;;2;;2;;2;;54;12;54;588.57646342
6056916;1;5;1;90;2;;2;;2;;1;14;2;;2;;2;;2;;2;;2;;54;12;54;588.57646342
6056916;1;7;1;90;2;;1;28;2;;1;21;2;;2;;2;;2;;2;;2;;54;12;54;588.57646342
6056917;1;1;1;90;2;;1;34;2;;2;;2;;2;;2;;2;;2;;2;;54;12;54;350.65242099
6056917;1;2;1;90;2;;2;;2;;2;;2;;2;;2;;2;;2;;2;;54;12;54;350.65242099
6056917;2;1;2;90;2;;2;;2;;2;;2;;2;;2;;2;;2;;2;;54;12;54;350.65242099
6056917;2;2;2;90;2;;1;38;2;;2;;2;;2;;2;;2;;2;;2;;54;12;54;350.65242099
6056917;2;3;2;90;2;;2;;2;;2;;2;;2;;2;;2;;2;;2;;54;12;54;350.65242099
6056917;2;4;2;90;2;;2;;2;;2;;2;;2;;2;;2;;2;;2;;54;12;54;350.65242099
6056917;2;5;2;90;2;;2;;2;;2;;2;;2;;2;;2;;2;;2;;54;12;54;350.65242099
6056918;1;1;1;90;2;;2;;2;;2;;2;;2;;2;;2;;2;;2;;54;12;54;456.09768513
6056918;1;2;1;90;2;;1;36;2;;1;21;2;;2;;2;;2;;2;;2;;54;12;54;456.09768513
6056918;1;3;1;90;2;;2;;2;;2;;2;;2;;2;;2;;2;;2;;54;12;54;456.09768513
6056919;1;1;1;90;2;;1;1;2;;2;;2;;2;;2;;2;;2;;2;;54;12;54;494.64668779
6056920;1;1;1;90;2;;1;14;2;;2;;2;;2;;2;;2;;2;;2;;54;12;54;324.83226142
6056920;1;2;1;90;2;;2;;2;;2;;2;;2;;2;;2;;2;;2;;54;12;54;324.83226142
6056920;1;4;1;90;2;;1;14;2;;2;;2;;2;;1;30;2;;2;;2;;54;12;54;324.83226142
6056920;1;5;1;90;2;;2;;2;;2;;2;;2;;2;;2;;2;;2;;54;12;54;324.83226142
6056921;1;1;1;90;2;;2;;2;;2;;2;;2;;2;;2;;2;;2;;54;12;54;495.89131811
6056921;1;2;1;90;2;;1;42;2;;2;;2;;2;;2;;2;;2;;2;;54;12;54;495.89131811
6056922;1;1;1;90;2;;1;32;2;;2;;2;;2;;2;;2;;2;;2;;54;12;54;298.44019799
6056922;1;2;1;90;2;;1;40;2;;2;;2;;2;;2;;2;;2;;2;;54;12;54;298.44019799
6056923;1;1;1;90;2;;1;28;2;;2;;2;;2;;2;;2;;2;;2;;54;12;54;613.18326841
6056923;1;2;1;90;2;;2;;2;;2;;2;;2;;2;;2;;2;;2;;54;12;54;613.18326841
6056923;2;1;2;90;2;;1;14;2;;2;;2;;2;;2;;2;;2;;2;;54;12;54;613.18326841
6056923;2;2;2;90;2;;1;38;2;;2;;2;;2;;2;;2;;2;;2;;54;12;54;613.18326841
6056923;3;1;3;90;2;;1;14;2;;2;;2;;2;;2;;2;;2;;2;;54;12;54;613.18326841
6056924;1;1;1;90;2;;1;20;2;;1;10;2;;2;;2;;2;;2;;2;;54;12;54;311.24293076
6056924;1;2;1;90;2;;2;;2;;2;;2;;2;;2;;2;;2;;2;;54;12;54;311.24293076
6056924;1;4;1;90;2;;1;38;2;;2;;2;;2;;2;;2;;2;;2;;54;12;54;311.24293076
6056924;1;5;1;90;2;;1;30;2;;1;8;2;;2;;2;;2;;2;;2;;54;12;54;311.24293076
6056926;1;1;1;90;2;;1;28;2;;2;;2;;2;;2;;2;;2;;2;;54;12;54;388.69300572
6056926;1;2;1;90;2;;2;;2;;2;;2;;2;;2;;2;;2;;2;;54;12;54;388.69300572
6056927;1;1;1;90;2;;2;;2;;2;;2;;2;;2;;2;;2;;2;;54;12;54;520.14476785
6056927;1;2;1;90;2;;1;45;2;;2;;2;;2;;2;;2;;2;;2;;54;12;54;520.14476785
6056927;1;3;1;90;2;;2;;2;;2;;2;;2;;2;;2;;2;;2;;54;12;54;520.14476785
6056927;1;4;1;90;2;;2;;2;;2;;2;;2;;2;;2;;2;;2;;54;12;54;520.14476785
6056928;1;1;1;90;2;;1;38;2;;2;;2;;2;;2;;2;;2;;2;;54;12;54;392.48818571
6056928;1;2;1;90;2;;2;;2;;2;;2;;2;;2;;2;;2;;2;;54;12;54;392.48818571
6056929;1;1;1;90;2;;2;;2;;2;;2;;2;;2;;2;;2;;2;;54;12;54;520.17028025
6056929;1;2;1;90;2;;1;35;2;;1;14;2;;2;;2;;2;;2;;2;;54;12;54;520.17028025
6056930;1;1;1;90;2;;1;14;2;;2;;2;;2;;2;;2;;2;;2;;54;12;54;468.79303242
6056930;1;2;1;90;2;;2;;2;;2;;2;;2;;2;;2;;2;;2;;54;12;54;468.79303242
6056930;1;3;1;90;2;;1;14;2;;2;;2;;2;;1;32;2;;2;;2;;54;12;54;468.79303242
6056930;1;4;1;90;2;;2;;2;;2;;2;;2;;2;;2;;2;;2;;54;12;54;468.79303242
6056931;1;1;1;90;2;;2;;2;;2;;2;;2;;2;;2;;2;;2;;54;12;54;417.08922736
6056931;1;2;1;90;2;;1;35;2;;2;;2;;2;;2;;2;;2;;2;;54;12;54;417.08922736
6056932;1;1;1;90;2;;2;;2;;2;;2;;2;;2;;2;;2;;2;;54;12;54;544.7458095
6056932;1;2;1;90;2;;1;42;2;;2;;2;;2;;2;;2;;2;;2;;54;12;54;544.7458095
6056932;1;3;1;90;2;;2;;2;;2;;2;;2;;2;;2;;2;;2;;54;12;54;544.7458095
6056932;1;4;1;90;2;;2;;2;;2;;2;;2;;2;;2;;2;;2;;54;12;54;544.7458095
6056933;1;1;1;90;2;;1;28;2;;1;14;2;;2;;2;;2;;2;;2;;54;12;54;587.3318331
6056933;1;2;1;90;2;;2;;2;;2;;2;;2;;2;;2;;2;;2;;54;12;54;587.3318331
6056933;1;5;1;90;2;;1;7;2;;2;;2;;2;;2;;2;;2;;2;;54;12;54;587.3318331
6056933;1;6;1;90;2;;1;14;2;;2;;2;;2;;2;;2;;2;;2;;54;12;54;587.3318331
6056933;1;7;1;90;2;;2;;2;;2;;2;;2;;2;;2;;2;;2;;54;12;54;587.3318331
6056934;1;1;1;90;2;;2;;2;;1;7;2;;2;;2;;2;;2;;2;;54;12;54;490.95889327
6056934;1;2;1;90;2;;1;14;2;;1;14;2;;2;;2;;2;;2;;2;;54;12;54;490.95889327
6056935;1;1;1;90;2;;1;5;2;;2;;2;;2;;2;;2;;2;;2;;54;12;54;298.7622775
6056935;1;2;1;90;2;;1;40;2;;2;;2;;2;;2;;2;;2;;2;;54;12;54;298.7622775
6056936;1;1;1;90;2;;2;;2;;2;;2;;2;;2;;2;;2;;2;;54;12;54;467.00201065
6056936;1;2;1;90;2;;1;8;2;;2;;1;12;2;;2;;2;;2;;2;;54;12;54;467.00201065
6056937;1;1;1;90;2;;2;;2;;2;;2;;2;;2;;2;;2;;2;;54;12;54;401.81781799
6056937;1;2;1;90;2;;1;30;2;;2;;2;;2;;2;;2;;2;;2;;54;12;54;401.81781799
6056937;1;3;1;90;2;;1;38;2;;2;;2;;2;;2;;2;;2;;2;;54;12;54;401.81781799
6056937;1;4;1;90;2;;2;;2;;2;;2;;2;;2;;2;;2;;2;;54;12;54;401.81781799
6056938;1;1;1;90;2;;1;5;2;;2;;2;;2;;2;;2;;2;;2;;54;12;54;355.7002147
6056938;1;2;1;90;2;;1;36;2;;2;;2;;2;;2;;2;;2;;2;;54;12;54;355.7002147
6056938;1;3;1;90;2;;2;;2;;2;;2;;2;;2;;2;;2;;2;;54;12;54;355.7002147
6056938;1;4;1;90;2;;1;14;2;;2;;2;;2;;2;;2;;2;;2;;54;12;54;355.7002147
6056939;1;1;1;90;2;;1;24;2;;2;;2;;2;;2;;2;;2;;2;;54;12;54;442.18335483
6056939;1;3;1;90;2;;1;14;2;;2;;2;;2;;2;;2;;2;;2;;54;12;54;442.18335483
6056940;1;1;1;90;2;;2;;2;;1;6;2;;2;;2;;2;;2;;2;;54;12;54;455.30816711
6056940;1;2;1;90;2;;1;35;2;;1;2;2;;2;;2;;2;;2;;2;;54;12;54;455.30816711
6056940;1;3;1;90;2;;1;12;2;;2;;2;;2;;2;;2;;2;;2;;54;12;54;455.30816711
6056940;1;5;1;90;2;;1;1;2;;2;;2;;2;;2;;2;;2;;2;;54;12;54;455.30816711
6056941;1;1;1;90;2;;1;4;2;;2;;2;;2;;2;;2;;2;;2;;54;12;54;442.40096899
6056941;1;2;1;90;2;;2;;2;;2;;2;;2;;2;;2;;2;;2;;54;12;54;442.40096899
6056946;1;1;1;90;2;;2;;2;;2;;2;;2;;2;;2;;2;;2;;54;12;54;483.17045842
6056946;1;2;1;90;2;;1;38;2;;2;;2;;2;;2;;2;;2;;2;;54;12;54;483.17045842
6056946;1;3;1;90;2;;2;;2;;2;;2;;2;;2;;2;;2;;2;;54;12;54;483.17045842
6056947;1;1;1;90;2;;1;14;2;;2;;2;;2;;2;;2;;2;;2;;54;12;54;564.80012666
6056947;1;2;1;90;2;;1;14;2;;2;;2;;2;;2;;2;;2;;2;;54;12;54;564.80012666
6056947;1;3;1;90;2;;1;14;2;;2;;2;;2;;2;;2;;2;;2;;54;12;54;564.80012666
6056948;1;1;1;90;2;;1;24;2;;2;;2;;2;;2;;2;;2;;2;;54;12;54;490.8515078
6056949;1;1;1;90;2;;1;35;2;;2;;2;;2;;2;;2;;2;;2;;54;12;54;329.87207173
6056949;1;2;1;90;2;;2;;2;;2;;2;;2;;2;;2;;2;;2;;54;12;54;329.87207173
6056949;1;3;1;90;2;;1;30;2;;1;10;2;;2;;2;;2;;2;;2;;54;12;54;329.87207173
6056949;1;4;1;90;2;;1;6;2;;2;;2;;2;;2;;2;;2;;2;;54;12;54;329.87207173
6056949;1;7;1;90;2;;2;;2;;2;;2;;2;;2;;2;;2;;2;;54;12;54;329.87207173
6056950;1;1;1;90;2;;1;38;2;;1;24;2;;2;;2;;2;;2;;2;;54;12;54;405.2090454
6056952;1;1;1;90;2;;1;49;2;;2;;2;;2;;2;;2;;2;;2;;54;12;54;532.86562754
6056952;1;2;1;90;2;;2;;2;;2;;2;;2;;2;;2;;2;;2;;54;12;54;532.86562754
6056952;1;3;1;90;2;;2;;2;;2;;2;;2;;2;;2;;2;;2;;54;12;54;532.86562754
6056953;1;1;1;90;2;;2;;2;;2;;2;;2;;2;;2;;2;;2;;54;12;54;394.81313782
6056953;1;2;1;90;2;;2;;2;;2;;2;;2;;2;;2;;2;;2;;54;12;54;394.81313782
6056953;1;3;1;90;2;;1;6;2;;2;;2;;2;;2;;2;;2;;2;;54;12;54;394.81313782
6056953;1;5;1;90;2;;1;2;2;;2;;2;;2;;2;;2;;2;;2;;54;12;54;394.81313782
6056953;1;6;1;90;2;;1;2;2;;2;;2;;2;;2;;2;;2;;2;;54;12;54;394.81313782
6056954;1;1;1;90;2;;1;10;2;;2;;2;;2;;2;;2;;2;;2;;54;12;54;638.81930962
6056954;1;3;1;90;2;;2;;2;;2;;2;;2;;2;;2;;2;;2;;54;12;54;638.81930962
6056955;1;1;1;90;2;;1;35;2;;2;;1;10;2;;2;;2;;2;;2;;54;12;54;314.93072528
6056955;1;2;1;90;2;;2;;2;;2;;2;;2;;2;;2;;2;;2;;54;12;54;314.93072528
6056955;1;3;1;90;2;;1;15;2;;2;;2;;2;;2;;2;;2;;2;;54;12;54;314.93072528
6056956;1;1;1;90;2;;1;10;2;;2;;2;;2;;2;;2;;2;;2;;54;12;54;494.64668779
6056957;1;1;1;90;2;;1;28;2;;2;;2;;2;;2;;2;;2;;2;;54;12;54;327.65158496
6056957;1;2;1;90;2;;1;14;2;;2;;2;;2;;2;;2;;2;;1;10;54;12;54;327.65158496
6056958;1;1;1;90;2;;1;56;2;;2;;2;;2;;2;;2;;2;;2;;54;12;54;482.48974856
6056958;1;2;1;90;2;;1;2;2;;2;;2;;2;;2;;2;;2;;2;;54;12;54;482.48974856
6056958;1;3;1;90;2;;1;5;2;;2;;2;;2;;2;;2;;2;;2;;54;12;54;482.48974856
6056958;1;4;1;90;2;;1;7;2;;2;;2;;2;;2;;2;;2;;2;;54;12;54;482.48974856
6056958;1;5;1;90;2;;1;2;2;;2;;2;;2;;2;;2;;2;;2;;54;12;54;482.48974856
6056959;1;1;1;90;2;;1;10;2;;2;;1;10;2;;2;;2;;2;;2;;54;12;54;490.95889327
6056959;1;2;1;90;2;;1;35;2;;2;;1;14;2;;2;;2;;2;;2;;54;12;54;490.95889327
6056960;1;1;1;90;2;;1;14;2;;2;;2;;2;;2;;2;;2;;2;;54;12;54;298.7622775
6056960;1;2;1;90;2;;1;42;2;;2;;2;;2;;2;;2;;2;;2;;54;12;54;298.7622775
6056961;1;1;1;90;2;;1;14;2;;2;;2;;2;;2;;2;;2;;2;;54;12;54;417.08922736
6056961;1;2;1;90;2;;2;;2;;2;;2;;2;;2;;2;;2;;2;;54;12;54;417.08922736
6056962;1;1;1;90;2;;2;;2;;2;;2;;2;;2;;2;;2;;2;;54;12;54;421.23647699
6056962;1;2;1;90;2;;1;38;2;;2;;2;;2;;2;;2;;2;;2;;54;12;54;421.23647699
6056962;1;3;1;90;2;;1;38;2;;2;;2;;2;;2;;2;;2;;2;;54;12;54;421.23647699
6056962;1;4;1;90;2;;1;14;2;;2;;2;;2;;2;;2;;2;;2;;54;12;54;421.23647699
6056963;1;1;1;90;2;;2;;2;;2;;2;;2;;2;;2;;2;;2;;54;12;54;476.44572619
6056963;1;2;1;90;2;;2;;2;;1;5;2;;2;;2;;2;;2;;2;;54;12;54;476.44572619
6056963;1;3;1;90;2;;2;;2;;2;;2;;2;;2;;2;;2;;2;;54;12;54;476.44572619
6056963;1;6;1;90;2;;1;31;2;;2;;2;;2;;2;;2;;2;;2;;54;12;54;476.44572619
6056963;1;7;1;90;2;;2;;2;;2;;2;;2;;2;;2;;2;;2;;54;12;54;476.44572619
6056963;1;8;1;90;2;;1;35;2;;1;12;2;;2;;2;;2;;2;;2;;54;12;54;476.44572619
6056964;1;1;1;90;2;;1;2;2;;2;;2;;2;;2;;2;;2;;2;;54;12;54;532.86562754
6056964;1;2;1;90;2;;1;35;2;;2;;2;;2;;2;;2;;2;;2;;54;12;54;532.86562754
6056964;1;3;1;90;2;;1;1;2;;1;6;2;;2;;2;;2;;2;;2;;54;12;54;532.86562754
6056965;1;1;1;90;2;;1;12;2;;2;;2;;2;;2;;2;;2;;2;;54;12;54;569.83993697
6056965;1;2;1;90;2;;1;28;2;;1;10;2;;2;;2;;2;;2;;2;;54;12;54;569.83993697
6056965;1;3;1;90;2;;1;10;2;;2;;2;;2;;1;30;2;;2;;2;;54;12;54;569.83993697
6056965;1;4;1;90;2;;1;12;2;;2;;2;;2;;1;30;2;;2;;2;;54;12;54;569.83993697
6056966;1;1;1;90;2;;1;38;2;;2;;2;;2;;2;;2;;2;;2;;54;12;54;311.13554528
6056966;1;2;1;90;2;;1;14;2;;2;;2;;2;;2;;2;;2;;2;;54;12;54;311.13554528
6056966;1;3;1;90;2;;2;;2;;2;;2;;2;;2;;2;;2;;2;;54;12;54;311.13554528
6056967;1;1;1;90;2;;1;28;2;;2;;2;;2;;2;;2;;2;;2;;54;12;54;544.55947108
6056970;1;1;1;90;2;;1;6;2;;2;;2;;2;;2;;2;;2;;2;;54;12;54;401.81781799
6056970;1;2;1;90;2;;1;31;2;;2;;2;;2;;2;;2;;2;;2;;54;12;54;401.81781799
6056970;1;3;1;90;2;;2;;2;;2;;2;;2;;2;;2;;2;;2;;54;12;54;401.81781799
6056970;1;4;1;90;2;;2;;2;;2;;2;;2;;2;;2;;2;;2;;54;12;54;401.81781799
6056972;1;1;1;90;2;;1;24;2;;2;;2;;2;;2;;2;;2;;2;;54;12;54;341.13645028
6056972;1;2;1;90;2;;1;14;2;;2;;2;;2;;2;;2;;2;;2;;54;12;54;341.13645028
6056973;1;1;1;90;2;;1;14;2;;2;;2;;2;;2;;2;;2;;2;;54;12;54;376.31973793
6056974;1;1;1;90;2;;2;;2;;2;;2;;2;;2;;2;;2;;2;;54;12;54;520.17028025
6056974;1;2;1;90;2;;1;38;2;;1;24;2;;2;;2;;2;;2;;2;;54;12;54;520.17028025
6056975;1;1;1;90;2;;1;4;2;;1;4;2;;2;;2;;2;;2;;2;;54;12;54;485.30907211
6056975;1;2;1;90;2;;1;35;2;;1;28;2;;2;;2;;2;;2;;2;;54;12;54;485.30907211
6056975;1;3;1;90;2;;1;7;2;;1;7;2;;2;;2;;2;;2;;2;;54;12;54;485.30907211
6056976;1;1;1;90;2;;1;24;2;;2;;2;;2;;2;;2;;2;;2;;54;12;54;376.31973793
6056982;1;1;1;90;2;;1;24;2;;2;;2;;2;;2;;2;;2;;2;;54;12;54;238.08396483
6056982;1;2;1;90;2;;2;;2;;2;;2;;2;;2;;2;;2;;2;;54;12;54;238.08396483
6056982;1;3;1;90;2;;2;;2;;2;;2;;2;;2;;2;;2;;2;;54;12;54;238.08396483
6056982;1;4;1;90;2;;2;;2;;2;;2;;2;;2;;2;;2;;2;;54;12;54;238.08396483
6056983;1;1;1;90;2;;2;;2;;2;;2;;2;;2;;2;;2;;2;;54;12;54;451.9169397
6056983;1;2;1;90;2;;1;30;2;;2;;1;7;2;;2;;2;;2;;2;;54;12;54;451.9169397
6056983;1;3;1;90;2;;2;;2;;2;;2;;2;;2;;2;;2;;2;;54;12;54;451.9169397
6056983;1;4;1;90;2;;1;10;2;;2;;2;;2;;2;;2;;2;;2;;54;12;54;451.9169397
6056983;1;5;1;90;2;;1;21;2;;2;;1;28;2;;2;;2;;2;;2;;54;12;54;451.9169397
6056983;1;6;1;90;2;;2;;2;;2;;2;;2;;2;;2;;2;;2;;54;12;54;451.9169397
6056983;1;7;1;90;2;;2;;2;;2;;2;;2;;2;;2;;2;;2;;54;12;54;451.9169397
6056984;1;1;1;90;2;;1;3;2;;2;;2;;2;;2;;2;;2;;2;;54;12;54;503.65424057
6056984;1;2;1;90;2;;1;35;2;;2;;2;;2;;2;;2;;2;;2;;54;12;54;503.65424057
6056984;1;3;1;90;2;;1;10;2;;2;;2;;2;;2;;2;;2;;2;;54;12;54;503.65424057
6056985;1;1;1;90;2;;2;;2;;2;;2;;2;;2;;2;;2;;2;;54;12;54;466.67993113
6056985;1;2;1;90;2;;1;38;2;;1;24;2;;2;;2;;2;;2;;2;;54;12;54;466.67993113
6056986;1;1;1;90;2;;1;32;2;;2;;2;;2;;2;;2;;2;;2;;54;12;54;417.08922736
6056986;1;2;1;90;2;;2;;2;;2;;2;;2;;2;;2;;2;;2;;54;12;54;417.08922736
6056987;1;1;1;90;2;;1;28;2;;2;;2;;2;;2;;2;;2;;2;;54;12;54;546.56234368
6056987;1;2;1;90;2;;1;4;2;;2;;2;;2;;2;;2;;2;;2;;54;12;54;546.56234368
6056987;1;3;1;90;2;;1;28;2;;2;;2;;2;;2;;2;;2;;2;;54;12;54;546.56234368
6056987;1;4;1;90;2;;1;10;2;;2;;2;;2;;2;;2;;2;;2;;54;12;54;546.56234368
6056988;1;1;1;90;2;;2;;2;;2;;2;;2;;2;;2;;2;;2;;54;12;54;313.03395253
6056988;1;2;1;90;2;;2;;2;;2;;2;;2;;2;;2;;2;;2;;54;12;54;313.03395253
6056988;1;3;1;90;2;;1;38;2;;1;14;2;;2;;2;;2;;2;;2;;54;12;54;313.03395253
6056988;1;4;1;90;2;;2;;2;;2;;2;;2;;2;;2;;2;;2;;54;12;54;313.03395253
6056988;1;5;1;90;2;;1;14;2;;2;;2;;2;;2;;2;;2;;2;;54;12;54;313.03395253
6056988;1;7;1;90;2;;1;24;2;;1;14;2;;2;;2;;2;;2;;2;;54;12;54;313.03395253
6056989;1;1;1;90;2;;1;14;2;;2;;2;;2;;2;;2;;2;;2;;54;12;54;544.55947108
6056990;1;1;1;90;2;;1;14;2;;2;;2;;2;;2;;2;;2;;2;;54;12;54;494.64668779
6056991;1;1;1;90;2;;2;;2;;2;;2;;2;;2;;2;;2;;2;;54;12;54;456.09768513
6056991;1;2;1;90;2;;1;1;2;;1;2;2;;2;;2;;2;;2;;2;;54;12;54;456.09768513
6056991;1;3;1;90;2;;1;2;2;;2;;2;;2;;2;;2;;2;;2;;54;12;54;456.09768513
6056992;1;1;1;90;2;;2;;2;;2;;2;;2;;2;;2;;2;;2;;54;12;54;431.81872299
6056992;1;2;1;90;2;;1;30;2;;2;;2;;2;;2;;2;;2;;2;;54;12;54;431.81872299
6056992;1;3;1;90;2;;2;;2;;2;;2;;2;;2;;2;;2;;2;;54;12;54;431.81872299
6056993;1;1;1;90;2;;1;2;2;;2;;2;;2;;2;;2;;2;;2;;54;12;54;544.55947108
6056994;1;1;1;90;2;;1;35;2;;2;;2;;2;;2;;2;;2;;2;;54;12;54;468.79303242
6056994;1;2;1;90;2;;2;;2;;2;;2;;2;;2;;2;;2;;2;;54;12;54;468.79303242
6056994;1;3;1;90;2;;2;;2;;2;;2;;2;;2;;2;;2;;2;;54;12;54;468.79303242
6056994;1;4;1;90;2;;1;14;2;;2;;2;;2;;2;;2;;2;;2;;54;12;54;468.79303242
6056995;1;1;1;90;2;;1;2;2;;2;;2;;2;;2;;2;;2;;2;;54;12;54;456.09768513
6056995;1;2;1;90;2;;1;31;2;;1;15;2;;2;;2;;2;;2;;2;;54;12;54;456.09768513
6056995;1;3;1;90;2;;1;2;2;;2;;2;;2;;2;;2;;2;;2;;54;12;54;456.09768513
6056996;1;1;1;90;2;;2;;2;;2;;2;;2;;2;;2;;2;;2;;54;12;54;602.60324247
6056996;1;2;1;90;2;;1;30;2;;1;20;2;;2;;2;;2;;2;;2;;54;12;54;602.60324247
6056996;1;5;1;90;2;;2;;2;;2;;2;;2;;2;;2;;2;;2;;54;12;54;602.60324247
6056997;1;1;1;90;2;;2;;2;;2;;2;;2;;2;;2;;2;;2;;54;12;54;354.26126256
6056997;1;2;1;90;2;;2;;2;;2;;2;;2;;2;;2;;2;;2;;54;12;54;354.26126256
6056997;1;3;1;90;2;;1;40;2;;2;;2;;2;;2;;2;;2;;2;;54;12;54;354.26126256
6056997;1;4;1;90;2;;2;;2;;2;;2;;2;;2;;2;;2;;2;;54;12;54;354.26126256
6056998;1;1;1;90;2;;1;10;2;;2;;2;;2;;2;;2;;2;;2;;54;12;54;351.71869628
6056999;1;1;1;90;2;;1;12;2;;2;;2;;2;;2;;2;;2;;2;;54;12;54;445.51543913
6056999;1;2;1;90;2;;1;31;2;;2;;2;;2;;2;;2;;2;;2;;54;12;54;445.51543913
6056999;1;3;1;90;2;;1;12;2;;2;;2;;2;;2;;2;;2;;2;;54;12;54;445.51543913
6056999;1;4;1;90;2;;1;2;2;;2;;2;;2;;2;;2;;2;;2;;54;12;54;445.51543913
6057000;1;1;1;90;2;;2;;2;;2;;2;;2;;2;;2;;2;;2;;54;12;54;520.17028025
6057000;1;2;1;90;2;;1;25;2;;1;15;2;;2;;2;;2;;2;;2;;54;12;54;520.17028025
6057001;1;1;1;90;2;;2;;2;;2;;2;;2;;2;;2;;2;;2;;54;12;54;581.53378051
6057001;1;2;1;90;2;;2;;2;;2;;2;;2;;2;;2;;2;;2;;54;12;54;581.53378051
6057002;1;1;1;90;2;;2;;2;;2;;2;;2;;2;;2;;2;;2;;54;12;54;520.17028025
6057002;1;2;1;90;2;;1;6;2;;2;;2;;2;;2;;2;;2;;2;;54;12;54;520.17028025
6057007;1;1;1;90;2;;1;30;2;;2;;2;;2;;2;;2;;2;;2;;54;12;54;341.13645028
6057007;1;2;1;90;2;;1;8;2;;2;;2;;2;;2;;2;;2;;2;;54;12;54;341.13645028
6057008;1;1;1;90;2;;1;15;2;;2;;2;;2;;2;;2;;2;;2;;54;12;54;532.86562754
6057008;1;2;1;90;2;;1;35;2;;2;;2;;2;;2;;2;;2;;2;;54;12;54;532.86562754
6057008;1;3;1;90;2;;2;;2;;2;;2;;2;;2;;2;;2;;2;;54;12;54;532.86562754
6057009;1;1;1;90;2;;1;20;2;;2;;2;;2;;2;;2;;2;;2;;54;12;54;402.38972185
6057009;1;2;1;90;2;;1;4;2;;2;;2;;2;;2;;2;;2;;2;;54;12;54;402.38972185
6057009;1;4;1;90;2;;1;10;2;;2;;2;;2;;2;;2;;2;;2;;54;12;54;402.38972185
6057010;1;1;1;90;2;;1;20;2;;2;;2;;2;;2;;1;14;2;;2;;54;12;54;431.81872299
6057010;1;2;1;90;2;;2;;2;;2;;1;50;2;;2;;2;;2;;2;;54;12;54;431.81872299
6057010;1;3;1;90;2;;2;;2;;2;;2;;2;;2;;2;;2;;2;;54;12;54;431.81872299
6057012;1;1;1;90;2;;1;36;2;;1;14;2;;2;;2;;2;;2;;2;;54;12;54;573.66062936
6057012;1;2;1;90;2;;2;;2;;2;;2;;2;;2;;2;;2;;2;;54;12;54;573.66062936
6057014;1;1;1;90;2;;1;14;2;;2;;2;;2;;2;;2;;2;;2;;54;12;54;417.08922736
6057014;1;2;1;90;2;;1;28;2;;2;;2;;2;;2;;2;;2;;2;;54;12;54;417.08922736
6057015;1;1;1;90;2;;1;5;2;;2;;2;;2;;1;8;2;;2;;1;4;54;12;54;416.76714785
6057015;1;2;1;90;2;;1;14;2;;2;;2;;2;;1;12;2;;2;;2;;54;12;54;416.76714785
6057016;1;1;1;90;2;;1;12;2;;2;;2;;2;;2;;2;;2;;2;;54;12;54;490.8515078
6057017;1;1;1;90;2;;1;24;2;;2;;2;;2;;2;;2;;2;;2;;54;12;54;351.71869628
6057018;1;1;1;90;2;;1;6;2;;2;;2;;2;;2;;2;;2;;2;;54;12;54;364.84350856
6057018;1;2;1;90;2;;1;28;2;;2;;2;;2;;2;;2;;2;;2;;54;12;54;364.84350856
6057018;1;3;1;90;2;;1;6;2;;2;;2;;2;;2;;2;;2;;2;;54;12;54;364.84350856
6057019;1;1;1;90;2;;1;30;2;;1;21;2;;2;;2;;2;;2;;2;;54;12;54;424.5555827
6057020;1;1;1;90;2;;1;15;2;;2;;2;;2;;2;;2;;2;;2;;54;12;54;376.31973793
6057148;1;1;1;90;2;;2;;2;;2;;2;;2;;2;;2;;2;;2;;66;12;66;341.29763024
6057148;1;2;1;90;2;;1;13;2;;2;;2;;2;;2;;2;;2;;2;;66;12;66;341.29763024
6057148;1;3;1;90;2;;2;;2;;2;;2;;2;;2;;2;;2;;2;;66;12;66;341.29763024
6057148;1;4;1;90;2;;2;;2;;2;;2;;2;;2;;2;;2;;2;;66;12;66;341.29763024
6057149;1;1;1;90;2;;1;2;2;;2;;2;;2;;2;;2;;2;;2;;66;12;66;498.68734761
6057149;1;2;1;90;2;;1;20;2;;1;10;1;15;2;;2;;2;;2;;2;;66;12;66;498.68734761
6057149;1;3;1;90;2;;1;4;2;;2;;2;;2;;2;;2;;2;;2;;66;12;66;498.68734761
6057149;1;4;1;90;2;;1;5;2;;1;12;2;;2;;2;;2;;2;;2;;66;12;66;498.68734761
6057149;1;6;1;90;2;;1;30;2;;2;;2;;2;;2;;2;;2;;2;;66;12;66;498.68734761
6057150;1;1;1;90;2;;2;;2;;2;;2;;2;;2;;2;;2;;2;;66;12;66;458.69997575
6057150;1;2;1;90;2;;1;40;2;;2;;2;;2;;2;;2;;2;;2;;66;12;66;458.69997575
6057150;1;3;1;90;2;;1;30;2;;1;30;2;;2;;2;;2;;2;;2;;66;12;66;458.69997575
6057151;1;1;1;90;2;;1;15;2;;2;;2;;2;;2;;2;;2;;2;;66;12;66;515.10727216
6057151;1;2;1;90;2;;2;;2;;2;;2;;2;;2;;2;;2;;2;;66;12;66;515.10727216
6057151;1;4;1;90;2;;1;10;2;;1;10;2;;2;;2;;2;;2;;2;;66;12;66;515.10727216
6057152;1;1;1;90;2;;1;30;2;;2;;2;;2;;2;;2;;2;;2;;66;12;66;326.57329943
6057152;1;2;1;90;2;;1;15;2;;2;;2;;2;;2;;2;;2;;2;;66;12;66;326.57329943
6057153;1;1;1;90;2;;1;20;2;;2;;2;;2;;2;;2;;2;;2;;66;12;66;367.95962852
6057153;1;2;1;90;2;;1;2;2;;2;;2;;2;;2;;2;;2;;2;;66;12;66;367.95962852
6057153;1;3;1;90;2;;1;10;2;;2;;2;;2;;2;;2;;2;;2;;66;12;66;367.95962852
6057155;1;1;1;90;2;;1;28;2;;1;32;2;;2;;2;;2;;2;;2;;66;12;66;536.94975203
6057155;1;2;1;90;2;;1;18;2;;1;28;2;;2;;2;;2;;2;;2;;66;12;66;536.94975203
6057156;1;1;1;90;2;;1;28;2;;1;40;2;;2;;2;;2;;2;;2;;66;12;66;649.76434485
6057156;1;2;1;90;2;;1;7;2;;1;24;2;;2;;2;;2;;2;;2;;66;12;66;649.76434485
6057157;1;1;1;90;2;;1;15;2;;1;20;2;;2;;2;;2;;2;;2;;66;12;66;678.74526011
6057157;1;2;1;90;2;;1;35;2;;1;65;2;;2;;2;;2;;2;;2;;66;12;66;678.74526011
6057159;1;1;1;90;2;;1;40;2;;1;12;2;;2;;2;;2;;2;;2;;66;12;66;392.76628511
6057159;1;2;1;90;2;;1;10;2;;1;10;2;;2;;2;;2;;2;;2;;66;12;66;392.76628511
6057160;1;1;1;90;2;;2;;2;;1;20;2;;2;;2;;2;;2;;2;;66;12;66;565.93066729
6057160;1;2;1;90;2;;1;30;2;;1;48;2;;2;;2;;2;;2;;2;;66;12;66;565.93066729
6057161;1;1;1;90;2;;1;4;2;;2;;2;;2;;2;;2;;2;;2;;66;12;66;305.21052346
6057161;1;2;1;90;2;;1;40;2;;2;;2;;2;;2;;2;;2;;2;;66;12;66;305.21052346
6057162;1;1;1;90;2;;1;15;2;;2;;2;;2;;2;;2;;2;;2;;66;12;66;436.19194982
6057163;1;1;1;90;2;;1;24;2;;2;;2;;2;;2;;2;;2;;2;;66;12;66;465.80616728
6057163;1;2;1;90;2;;1;7;2;;2;;2;;2;;2;;2;;2;;2;;66;12;66;465.80616728
6057163;1;3;1;90;2;;1;28;2;;2;;2;;2;;2;;2;;2;;2;;66;12;66;465.80616728
6057163;1;4;1;90;2;;1;7;2;;2;;2;;2;;2;;2;;2;;2;;66;12;66;465.80616728
6057163;1;5;1;90;2;;1;24;2;;2;;2;;2;;2;;2;;2;;2;;66;12;66;465.80616728
6057164;1;1;1;90;2;;1;4;2;;2;;2;;2;;2;;2;;2;;2;;66;12;66;451.56154037
6057164;1;2;1;90;2;;1;40;2;;2;;2;;2;;2;;2;;2;;2;;66;12;66;451.56154037
6057165;1;1;1;90;2;;2;;2;;2;;2;;2;;2;;2;;2;;2;;66;12;66;429.71906049
6057165;1;2;1;90;2;;1;25;2;;2;;2;;2;;2;;2;;2;;2;;66;12;66;429.71906049
6057165;1;3;1;90;2;;1;15;2;;2;;2;;2;;2;;2;;2;;2;;66;12;66;429.71906049
6057166;1;1;1;90;2;;1;15;2;;2;;2;;2;;2;;2;;2;;2;;66;12;66;436.19194982
6057167;1;1;1;90;2;;1;28;2;;1;35;2;;2;;2;;2;;2;;2;;66;12;66;481.18350548
6057168;1;1;1;90;2;;1;20;2;;1;24;2;;2;;2;;2;;2;;2;;66;12;66;445.7297009
6057168;1;2;1;90;2;;1;28;2;;1;65;2;;2;;2;;2;;2;;2;;66;12;66;445.7297009
6057168;1;4;1;90;2;;1;10;2;;1;6;2;;2;;2;;2;;2;;2;;66;12;66;445.7297009
6057169;1;1;1;90;2;;2;;2;;2;;2;;2;;2;;2;;2;;2;;66;12;66;407.87658062
6057169;1;2;1;90;2;;1;40;2;;2;;2;;2;;2;;2;;2;;2;;66;12;66;407.87658062
6057169;1;3;1;90;2;;1;10;2;;2;;2;;2;;2;;2;;2;;2;;66;12;66;407.87658062
6057169;1;4;1;90;2;;1;20;2;;2;;2;;2;;2;;2;;2;;2;;66;12;66;407.87658062
6057172;1;1;1;90;2;;1;23;2;;2;;2;;2;;2;;2;;2;;2;;66;12;66;348.4157793
6057174;1;1;1;90;2;;1;10;2;;2;;2;;2;;2;;2;;2;;2;;66;12;66;454.74612594
6057174;1;2;1;90;2;;1;10;2;;2;;2;;2;;2;;2;;2;;2;;66;12;66;454.74612594
6057175;1;1;1;90;2;;1;15;2;;2;;2;;2;;2;;2;;2;;2;;66;12;66;374.43251784
6057176;1;1;1;90;2;;1;12;2;;2;;2;;2;;2;;2;;2;;2;;66;12;66;367.95962852
6057176;1;2;1;90;2;;1;13;2;;2;;2;;2;;2;;2;;2;;2;;66;12;66;367.95962852
6057176;1;3;1;90;2;;1;8;2;;2;;2;;2;;2;;2;;2;;2;;66;12;66;367.95962852
6057177;1;1;1;90;2;;1;25;2;;2;;2;;2;;2;;2;;2;;2;;66;12;66;433.00736424
6057178;1;1;1;90;2;;2;;2;;2;;2;;2;;2;;2;;2;;2;;66;12;66;480.54245562
6057178;1;2;1;90;2;;1;25;2;;1;60;2;;2;;2;;2;;2;;2;;66;12;66;480.54245562
6057179;1;1;1;90;2;;1;14;2;;2;;1;28;2;;2;;2;;2;;2;;66;12;66;305.21052346
6057179;1;2;1;90;2;;2;;2;;2;;2;;2;;2;;2;;2;;2;;66;12;66;305.21052346
6057180;1;1;1;90;2;;1;10;2;;1;10;2;;2;;2;;2;;2;;2;;66;12;66;565.93066729
6057180;1;2;1;90;2;;1;5;2;;1;10;2;;2;;2;;2;;2;;2;;66;12;66;565.93066729
6057181;1;1;1;90;2;;1;14;2;;2;;2;;2;;2;;2;;2;;2;;66;12;66;431.23714086
6057181;1;2;1;90;2;;1;29;2;;2;;2;;2;;2;;2;;2;;2;;66;12;66;431.23714086
6057181;1;3;1;90;2;;1;10;2;;2;;2;;2;;2;;2;;2;;2;;66;12;66;431.23714086
6057181;1;4;1;90;2;;1;7;2;;2;;2;;2;;2;;2;;2;;2;;66;12;66;431.23714086
6057182;1;1;1;90;2;;1;14;2;;2;;2;;2;;2;;2;;2;;2;;66;12;66;436.19194982
6057183;1;1;1;90;2;;1;40;2;;2;;2;;2;;2;;2;;2;;2;;66;12;66;348.4157793
6057184;1;1;1;90;2;;1;5;2;;2;;2;;2;;2;;2;;2;;2;;66;12;66;433.00736424
6057185;1;1;1;90;2;;1;28;2;;2;;2;;2;;2;;2;;2;;2;;66;12;66;348.4157793
6057186;1;1;1;90;2;;1;14;2;;2;;2;;2;;2;;2;;2;;2;;66;12;66;254.5427052
6057186;1;2;1;90;2;;2;;2;;2;;2;;2;;2;;2;;2;;2;;66;12;66;254.5427052
6057186;1;3;1;90;2;;2;;2;;2;;2;;2;;2;;2;;2;;2;;66;12;66;254.5427052
6057186;1;4;1;90;2;;1;10;2;;2;;2;;2;;2;;2;;2;;2;;66;12;66;254.5427052
6057188;1;1;1;90;2;;1;10;2;;2;;2;;2;;2;;2;;2;;2;;66;12;66;305.21052346
6057188;1;2;1;90;2;;1;24;2;;2;;2;;2;;2;;2;;2;;2;;66;12;66;305.21052346
6057189;1;1;1;90;2;;1;20;2;;1;10;2;;2;;2;;2;;2;;2;;66;12;66;536.94975203
6057189;1;2;1;90;2;;2;;2;;2;;2;;2;;2;;2;;2;;2;;66;12;66;536.94975203
6057190;1;1;1;90;2;;1;10;2;;2;;2;;2;;2;;2;;2;;2;;66;12;66;320.58011401
6057190;1;2;1;90;2;;1;30;2;;2;;2;;2;;2;;2;;2;;2;;66;12;66;320.58011401
6057190;1;3;1;90;2;;1;24;2;;2;;2;;2;;2;;2;;2;;2;;66;12;66;320.58011401
6057191;1;1;1;90;2;;1;40;2;;2;;2;;2;;2;;2;;2;;2;;66;12;66;420.19266627
6057191;1;2;1;90;2;;2;;2;;2;;2;;2;;2;;2;;2;;2;;66;12;66;420.19266627
6057194;1;1;1;90;2;;2;;2;;2;;2;;2;;2;;2;;2;;2;;66;12;66;320.58011401
6057194;1;2;1;90;2;;1;30;2;;2;;1;25;2;;2;;2;;2;;2;;66;12;66;320.58011401
6057194;1;3;1;90;2;;1;2;2;;2;;2;;2;;2;;2;;2;;2;;66;12;66;320.58011401
6057195;1;1;1;90;2;;1;14;2;;1;14;2;;2;;2;;2;;2;;2;;66;12;66;486.1263569
6057195;1;2;1;90;2;;1;10;2;;1;25;2;;2;;2;;2;;2;;2;;66;12;66;486.1263569
6057195;1;3;1;90;2;;1;14;2;;2;;2;;2;;2;;2;;2;;2;;66;12;66;486.1263569
6057196;1;1;1;90;2;;1;5;2;;2;;2;;2;;2;;2;;2;;2;;66;12;66;492.99657283
6057196;1;2;1;90;2;;1;43;2;;2;;2;;2;;2;;2;;2;;2;;66;12;66;492.99657283
6057196;1;3;1;90;2;;1;5;2;;2;;2;;2;;2;;2;;2;;2;;66;12;66;492.99657283
6057196;1;4;1;90;2;;1;5;2;;2;;2;;2;;2;;2;;2;;2;;66;12;66;492.99657283
6057198;1;1;1;90;2;;1;10;2;;2;;2;;2;;2;;2;;2;;2;;66;12;66;374.43251784
6057199;1;1;1;90;2;;1;10;2;;2;;2;;2;;2;;2;;2;;2;;66;12;66;335.94970456
6057199;1;2;1;90;2;;1;24;2;;2;;2;;2;;2;;2;;2;;2;;66;12;66;335.94970456
6057199;1;3;1;90;2;;1;24;2;;2;;2;;2;;2;;2;;2;;2;;66;12;66;335.94970456
6057199;1;4;1;90;2;;1;15;2;;2;;2;;2;;2;;2;;2;;2;;66;12;66;335.94970456
6057200;1;1;1;90;2;;2;;2;;2;;2;;2;;2;;2;;2;;2;;66;12;66;507.96883678
6057200;1;2;1;90;2;;1;14;2;;2;;2;;2;;2;;2;;2;;2;;66;12;66;507.96883678
6057201;1;1;1;90;2;;1;5;2;;2;;2;;2;;2;;2;;2;;2;;66;12;66;492.99657283
6057201;1;2;1;90;2;;1;40;2;;2;;1;15;2;;2;;2;;2;;2;;66;12;66;492.99657283
6057201;1;3;1;90;2;;1;5;2;;2;;2;;2;;2;;2;;2;;2;;66;12;66;492.99657283
6057201;1;4;1;90;2;;1;2;2;;2;;2;;2;;2;;2;;2;;2;;66;12;66;492.99657283
6057202;1;1;1;90;2;;2;;2;;2;;2;;2;;2;;2;;2;;2;;66;12;66;374.43251784
6057203;1;1;1;90;2;;2;;2;;2;;2;;2;;2;;2;;2;;2;;66;12;66;396.58417289
6057203;1;2;1;90;2;;2;;2;;2;;2;;2;;2;;2;;2;;2;;66;12;66;396.58417289
6057203;1;3;1;90;2;;1;3;2;;2;;2;;2;;2;;2;;2;;2;;66;12;66;396.58417289
6057203;1;4;1;90;2;;1;5;2;;2;;2;;2;;2;;2;;2;;2;;66;12;66;396.58417289
6057203;1;5;1;90;2;;1;12;2;;2;;2;;2;;2;;2;;2;;2;;66;12;66;396.58417289
6057203;1;6;1;90;2;;1;13;2;;2;;2;;2;;2;;2;;2;;2;;66;12;66;396.58417289
6057204;1;1;1;90;2;;1;20;2;;2;;2;;2;;2;;2;;2;;2;;66;12;66;431.8824006
6057204;1;2;1;90;2;;1;10;2;;2;;2;;2;;2;;2;;2;;2;;66;12;66;431.8824006
6057204;1;3;1;90;2;;1;10;2;;2;;2;;2;;1;4;2;;2;;2;;66;12;66;431.8824006
6057205;1;1;1;90;2;;1;10;2;;2;;2;;2;;2;;2;;2;;2;;66;12;66;445.08865104
6057205;1;2;1;90;2;;1;24;2;;2;;2;;2;;2;;2;;2;;2;;66;12;66;445.08865104
6057205;1;3;1;90;2;;1;14;2;;2;;2;;2;;2;;2;;2;;2;;66;12;66;445.08865104
6057205;1;4;1;90;2;;1;14;2;;2;;2;;2;;2;;2;;2;;2;;66;12;66;445.08865104
6057206;1;1;1;90;2;;1;8;2;;2;;2;;2;;2;;2;;2;;2;;66;12;66;366.96995543
6057206;1;2;1;90;2;;2;;1;5;2;;2;;2;;2;;2;;2;;2;;66;12;66;366.96995543
6057207;1;1;1;90;2;;1;28;2;;2;;2;;2;;2;;2;;2;;2;;66;12;66;305.21052346
6057207;1;2;1;90;2;;1;21;2;;2;;2;;2;;2;;2;;2;;2;;66;12;66;305.21052346
6057208;1;1;1;90;2;;1;20;2;;2;;2;;2;;2;;2;;2;;1;20;66;12;66;452.70679033
6057208;1;2;1;90;2;;2;;2;;2;;2;;2;;2;;2;;2;;2;;66;12;66;452.70679033
6057208;1;3;1;90;2;;1;10;2;;1;20;2;;2;;2;;2;;2;;2;;66;12;66;452.70679033
6057208;1;5;1;90;2;;1;4;2;;2;;2;;2;;2;;2;;2;;2;;66;12;66;452.70679033
6057209;1;1;1;90;2;;1;6;2;;2;;2;;2;;2;;2;;2;;2;;66;12;66;323.76469958
6057209;1;2;1;90;2;;1;15;2;;2;;2;;2;;2;;2;;2;;2;;66;12;66;323.76469958
6057209;1;3;1;90;2;;1;16;2;;2;;2;;2;;2;;2;;2;;2;;66;12;66;323.76469958
6057210;1;1;1;90;2;;1;14;2;;2;;2;;2;;2;;2;;2;;2;;66;12;66;489.41466065
6057211;1;1;1;90;2;;1;24;2;;2;;2;;2;;2;;2;;2;;2;;66;12;66;348.4157793
6057212;1;1;1;90;2;;1;14;2;;1;12;2;;2;;2;;2;;2;;2;;66;12;66;407.87658062
6057212;1;2;1;90;2;;2;;2;;2;;2;;2;;2;;2;;2;;2;;66;12;66;407.87658062
6057212;1;3;1;90;2;;2;;2;;2;;2;;2;;2;;2;;2;;2;;66;12;66;407.87658062
6057212;1;4;1;90;2;;2;;2;;2;;2;;2;;2;;2;;2;;2;;66;12;66;407.87658062
6057213;1;1;1;90;2;;1;7;2;;2;;2;;2;;2;;2;;2;;2;;66;12;66;416.51281005
6057213;1;2;1;90;2;;1;15;2;;2;;2;;2;;2;;2;;2;;2;;66;12;66;416.51281005
6057214;1;1;1;90;2;;1;40;2;;2;;2;;2;;2;;2;;2;;2;;66;12;66;480.54245562
6057214;1;2;1;90;2;;2;;2;;2;;2;;2;;2;;2;;2;;2;;66;12;66;480.54245562
6057216;1;1;1;90;2;;1;26;2;;2;;2;;2;;2;;2;;2;;2;;66;12;66;453.72488047
6057216;1;2;1;90;2;;1;12;2;;2;;2;;2;;2;;2;;2;;2;;66;12;66;453.72488047
6057217;1;1;1;90;2;;1;14;2;;1;14;2;;2;;2;;2;;2;;2;;66;12;66;518.39557591
6057218;1;1;1;90;2;;1;15;2;;1;15;2;;2;;2;;2;;2;;2;;66;12;66;436.19194982
6057219;1;1;1;90;2;;1;12;2;;2;;2;;2;;2;;1;40;2;;2;;66;12;66;695.74490213
6057219;1;2;1;90;2;;1;30;2;;1;35;2;;2;;2;;2;;2;;2;;66;12;66;695.74490213
6057219;1;7;1;90;2;;1;5;2;;2;;2;;2;;2;;2;;2;;2;;66;12;66;695.74490213
6057220;1;1;1;90;2;;1;20;2;;1;20;2;;2;;2;;2;;2;;2;;66;12;66;626.29181351
6057220;1;2;1;90;2;;1;10;2;;1;15;2;;2;;2;;2;;2;;2;;66;12;66;626.29181351
6057220;1;4;1;90;2;;1;20;2;;1;20;2;;2;;2;;2;;2;;2;;66;12;66;626.29181351
6057221;1;1;1;90;2;;1;14;2;;2;;2;;2;;2;;2;;2;;2;;66;12;66;436.19194982
6057225;1;1;1;90;2;;1;10;2;;2;;2;;2;;2;;2;;2;;2;;66;12;66;453.72488047
6057225;1;2;1;90;2;;1;10;2;;2;;2;;2;;2;;2;;2;;2;;66;12;66;453.72488047
6057232;1;1;1;90;2;;2;;2;;2;;2;;2;;2;;2;;2;;2;;66;12;66;208.81888684
6057232;1;2;1;90;2;;1;28;2;;2;;1;12;2;;2;;2;;2;;2;;66;12;66;208.81888684
6057232;1;3;1;90;2;;2;;2;;2;;2;;2;;2;;2;;2;;2;;66;12;66;208.81888684
6057232;1;4;1;90;2;;2;;2;;2;;2;;2;;2;;2;;2;;2;;66;12;66;208.81888684
6057232;1;5;1;90;2;;2;;2;;2;;2;;2;;2;;2;;2;;2;;66;12;66;208.81888684
6057232;1;6;1;90;2;;2;;2;;2;;2;;2;;2;;2;;2;;2;;66;12;66;208.81888684
6057233;1;1;1;90;2;;1;30;2;;1;35;2;;2;;2;;2;;2;;2;;66;12;66;361.61781987
6057233;1;2;1;90;2;;2;;2;;2;;2;;2;;2;;2;;2;;2;;66;12;66;361.61781987
6057236;1;1;1;90;2;;1;18;2;;2;;2;;2;;2;;2;;2;;2;;66;12;66;510.13217688
6057236;1;2;1;90;2;;1;6;2;;2;;2;;2;;2;;2;;2;;2;;66;12;66;510.13217688
6057237;1;1;1;90;2;;1;10;2;;2;;2;;2;;2;;2;;2;;2;;66;12;66;436.19194982
6057238;1;1;1;90;2;;1;40;2;;2;;2;;2;;2;;2;;2;;2;;66;12;66;327.71854939
6057238;1;2;1;90;2;;2;;2;;2;;2;;2;;2;;2;;2;;2;;66;12;66;327.71854939
6057238;1;3;1;90;2;;1;10;2;;2;;2;;2;;2;;2;;2;;2;;66;12;66;327.71854939
6057238;1;4;1;90;2;;1;8;2;;2;;2;;2;;2;;2;;2;;2;;66;12;66;327.71854939
6057239;1;1;1;90;2;;2;;2;;2;;2;;2;;2;;2;;2;;2;;66;12;66;414.34946994
6057239;1;2;1;90;2;;1;14;2;;2;;2;;2;;2;;2;;2;;2;;66;12;66;414.34946994
6057240;1;1;1;90;2;;2;;2;;2;;2;;2;;2;;2;;2;;2;;66;12;66;523.33842733
6057240;1;2;1;90;2;;1;10;2;;2;;2;;2;;2;;2;;2;;2;;66;12;66;523.33842733
6057240;1;4;1;90;2;;1;10;2;;2;;2;;2;;2;;2;;2;;2;;66;12;66;523.33842733
6057241;1;1;1;90;2;;1;10;2;;2;;2;;2;;2;;2;;2;;2;;66;12;66;454.74612594
6057241;1;2;1;90;2;;1;5;2;;2;;2;;2;;2;;2;;2;;2;;66;12;66;454.74612594
6057242;1;1;1;90;2;;1;28;2;;2;;2;;2;;2;;2;;2;;2;;66;12;66;374.43251784
6057243;1;1;1;90;2;;2;;1;2;2;;2;;2;;2;;2;;2;;2;;66;12;66;348.4157793
6057244;1;1;1;90;2;;2;;2;;2;;2;;2;;2;;2;;2;;2;;66;12;66;450.43657672
6057244;1;2;1;90;2;;1;12;2;;2;;2;;2;;2;;2;;2;;2;;66;12;66;450.43657672
6057244;1;3;1;90;2;;2;;2;;2;;2;;2;;2;;2;;2;;2;;66;12;66;450.43657672
6057244;1;4;1;90;2;;1;12;2;;2;;2;;2;;2;;2;;2;;2;;66;12;66;450.43657672
6057245;1;1;1;90;2;;1;5;2;;2;;2;;2;;2;;2;;2;;2;;66;12;66;436.19194982
6057246;1;1;1;90;2;;1;30;2;;2;;2;;2;;2;;2;;2;;2;;66;12;66;348.4157793
6057247;1;1;1;90;2;;1;20;2;;2;;2;;2;;2;;2;;2;;1;20;66;12;66;366.96995543
6057247;1;2;1;90;2;;1;10;2;;2;;2;;2;;2;;2;;2;;2;;66;12;66;366.96995543
6057248;1;1;1;90;2;;1;25;2;;2;;1;35;2;;2;;2;;2;;2;;66;12;66;384.50288609
6057248;1;2;1;90;2;;1;12;2;;2;;1;10;2;;2;;2;;2;;2;;66;12;66;384.50288609
6057248;1;3;1;90;2;;1;12;2;;2;;1;15;2;;2;;2;;2;;2;;66;12;66;384.50288609
6057249;1;1;1;90;2;;2;;2;;2;;2;;2;;2;;2;;2;;2;;66;12;66;283.36804358
6057249;1;2;1;90;2;;1;14;2;;2;;2;;2;;2;;2;;2;;2;;66;12;66;283.36804358
6057249;1;3;1;90;2;;2;;2;;2;;2;;2;;2;;2;;2;;2;;66;12;66;283.36804358
6057250;1;1;1;90;2;;1;5;2;;1;10;2;;2;;2;;2;;2;;2;;66;12;66;515.10727216
6057250;1;2;1;90;2;;1;32;2;;1;10;2;;2;;2;;2;;2;;2;;66;12;66;515.10727216
6057250;1;5;1;90;2;;1;10;2;;1;5;2;;2;;2;;2;;2;;2;;66;12;66;515.10727216
6057251;1;1;1;90;2;;1;15;2;;2;;2;;2;;2;;2;;2;;2;;66;12;66;448.37695479
6057251;1;2;1;90;2;;1;15;2;;2;;2;;2;;2;;2;;2;;2;;66;12;66;448.37695479
6057252;1;1;1;90;2;;1;24;2;;2;;2;;2;;2;;2;;2;;2;;66;12;66;472.2790566
6057252;1;2;1;90;2;;1;14;2;;2;;2;;2;;2;;2;;2;;2;;66;12;66;472.2790566
6057252;1;3;1;90;2;;1;10;2;;2;;2;;2;;2;;2;;2;;2;;66;12;66;472.2790566
6057253;1;1;1;90;2;;1;30;2;;2;;1;35;2;;2;;2;;2;;2;;66;12;66;323.76469958
6057253;1;2;1;90;2;;2;;2;;2;;2;;2;;2;;2;;2;;2;;66;12;66;323.76469958
6057253;1;3;1;90;2;;2;;2;;2;;2;;2;;2;;2;;2;;2;;66;12;66;323.76469958
6057254;1;1;1;90;2;;1;24;2;;2;;2;;2;;2;;2;;2;;2;;66;12;66;392.98669397
6057254;1;2;1;90;2;;2;;2;;2;;2;;2;;2;;2;;2;;2;;66;12;66;392.98669397
6057256;1;1;1;90;2;;1;16;2;;2;;2;;2;;2;;2;;2;;2;;66;12;66;374.43251784
6057257;1;1;1;90;2;;1;10;2;;2;;2;;2;;2;;2;;2;;2;;66;12;66;451.56154037
6057257;1;2;1;90;2;;1;10;2;;2;;2;;2;;2;;2;;2;;2;;66;12;66;451.56154037
6057258;1;1;1;90;2;;1;24;2;;2;;2;;2;;2;;2;;2;;2;;66;12;66;410.51962462
6057258;1;2;1;90;2;;1;21;2;;2;;2;;2;;2;;2;;2;;2;;66;12;66;410.51962462
6057258;1;3;1;90;2;;1;14;2;;2;;2;;2;;2;;2;;2;;2;;66;12;66;410.51962462
6057259;1;1;1;90;2;;1;21;2;;2;;2;;2;;2;;2;;2;;2;;66;12;66;472.2790566
6057259;1;2;1;90;2;;1;28;2;;2;;2;;2;;2;;2;;2;;2;;66;12;66;472.2790566
6057259;1;3;1;90;2;;1;10;2;;2;;2;;2;;2;;2;;2;;2;;66;12;66;472.2790566
6057260;1;1;1;90;2;;2;;2;;2;;2;;2;;2;;2;;2;;2;;66;12;66;453.72488047
6057260;1;2;1;90;2;;1;10;2;;2;;1;10;2;;2;;2;;2;;2;;66;12;66;453.72488047
6057261;1;1;1;90;2;;1;37;2;;2;;2;;2;;2;;2;;2;;2;;66;12;66;369.13329554
6057261;1;2;1;90;2;;1;12;2;;2;;2;;2;;2;;2;;2;;2;;66;12;66;369.13329554
6057262;1;1;1;90;2;;1;29;2;;2;;2;;2;;2;;2;;2;;2;;66;12;66;477.35787005
6057262;1;2;1;90;2;;1;24;2;;2;;2;;2;;2;;2;;2;;2;;66;12;66;477.35787005
6057263;1;1;1;90;2;;1;3;2;;2;;2;;2;;2;;2;;2;;2;;66;12;66;305.21052346
6057263;1;2;1;90;2;;1;36;2;;2;;2;;2;;2;;2;;2;;2;;66;12;66;305.21052346
6057264;1;1;1;90;2;;1;39;2;;2;;2;;2;;2;;2;;2;;2;;66;12;66;305.21052346
6057264;1;2;1;90;2;;2;;2;;2;;2;;2;;2;;2;;2;;2;;66;12;66;305.21052346
6057265;1;1;1;90;2;;2;;2;;2;;2;;2;;2;;2;;2;;2;;66;12;66;436.19194982
6057266;1;1;1;90;2;;1;2;2;;2;;2;;2;;2;;2;;2;;2;;66;12;66;305.21052346
6057266;1;2;1;90;2;;1;38;2;;2;;2;;2;;2;;2;;2;;2;;66;12;66;305.21052346
6057267;1;1;1;90;2;;1;35;2;;2;;2;;2;;2;;2;;2;;2;;66;12;66;374.43251784
6057269;1;1;1;90;2;;1;40;2;;2;;2;;2;;2;;2;;2;;2;;66;12;66;348.4157793
6057271;1;1;1;90;2;;1;10;2;;2;;2;;2;;2;;2;;2;;2;;66;12;66;480.54245562
6057271;1;2;1;90;2;;1;18;2;;2;;2;;2;;2;;2;;2;;2;;66;12;66;480.54245562
6057272;1;1;1;90;2;;1;24;2;;2;;2;;2;;2;;2;;2;;2;;66;12;66;323.76469958
6057272;1;2;1;90;2;;1;30;2;;2;;2;;2;;2;;2;;2;;2;;66;12;66;323.76469958
6057272;1;3;1;90;2;;1;14;2;;2;;2;;2;;2;;2;;2;;2;;66;12;66;323.76469958
6057273;1;1;1;90;2;;1;35;2;;2;;2;;2;;2;;2;;2;;2;;66;12;66;279.19378492
6057273;1;2;1;90;2;;1;30;2;;2;;2;;2;;2;;2;;2;;2;;66;12;66;279.19378492
6057274;1;1;1;90;2;;1;10;2;;2;;2;;2;;2;;2;;2;;2;;66;12;66;338.65458623
6057274;1;2;1;90;2;;1;30;2;;2;;2;;2;;2;;2;;2;;2;;66;12;66;338.65458623
6057274;1;3;1;90;2;;1;7;2;;2;;2;;2;;2;;2;;2;;2;;66;12;66;338.65458623
6057274;1;4;1;90;2;;1;7;2;;2;;2;;2;;2;;2;;2;;2;;66;12;66;338.65458623
6057274;1;5;1;90;2;;1;28;2;;2;;2;;2;;2;;2;;2;;2;;66;12;66;338.65458623
6057275;1;1;1;90;2;;1;38;2;;2;;2;;2;;2;;2;;2;;2;;66;12;66;348.4157793
6057278;1;1;1;90;2;;1;25;2;;2;;2;;2;;2;;2;;2;;2;;66;12;66;433.00736424
6057280;1;1;1;90;2;;2;;2;;2;;2;;2;;2;;2;;2;;2;;68;12;68;600.52490699
6057280;1;2;1;90;2;;1;28;2;;1;48;2;;2;;2;;2;;2;;2;;68;12;68;600.52490699
6057280;1;3;1;90;2;;2;;2;;1;10;2;;2;;2;;2;;2;;2;;68;12;68;600.52490699
6057281;1;1;1;90;2;;1;8;2;;2;;2;;2;;2;;2;;2;;2;;68;12;68;374.35695171
6057281;1;2;1;90;2;;1;28;2;;2;;1;28;2;;2;;2;;2;;2;;68;12;68;374.35695171
6057281;1;3;1;90;2;;2;;2;;2;;2;;2;;2;;2;;2;;2;;68;12;68;374.35695171
6057281;1;4;1;90;2;;2;;2;;2;;2;;2;;2;;2;;2;;2;;68;12;68;374.35695171
6057281;1;5;1;90;2;;2;;2;;2;;2;;2;;2;;2;;2;;2;;68;12;68;374.35695171
6057282;1;1;1;90;2;;1;4;2;;2;;2;;2;;2;;2;;2;;2;;68;12;68;626.34501933
6057282;1;2;1;90;2;;2;;2;;2;;2;;2;;2;;2;;2;;2;;68;12;68;626.34501933
6057282;1;3;1;90;2;;1;17;2;;2;;2;;2;;2;;2;;2;;2;;68;12;68;626.34501933
6057282;1;4;1;90;2;;1;6;2;;2;;2;;2;;2;;2;;2;;2;;68;12;68;626.34501933
6057282;1;5;1;90;2;;1;9;2;;2;;2;;2;;2;;2;;2;;2;;68;12;68;626.34501933
6057282;1;6;1;90;2;;1;6;2;;2;;2;;2;;2;;2;;2;;2;;68;12;68;626.34501933
6057283;1;1;1;90;2;;1;28;2;;2;;2;;2;;2;;2;;2;;2;;68;12;68;621.40353788
6057283;1;2;1;90;2;;2;;2;;2;;2;;2;;2;;2;;2;;2;;68;12;68;621.40353788
6057285;1;1;1;90;2;;1;24;2;;1;15;2;;2;;2;;2;;2;;2;;68;12;68;601.23754265
6057285;1;2;1;90;2;;1;7;2;;1;6;2;;2;;2;;2;;2;;2;;68;12;68;601.23754265
6057287;1;1;1;90;2;;1;14;2;;2;;2;;2;;1;3;2;;2;;2;;68;12;68;656.17806248
6057288;1;1;1;90;2;;2;;2;;1;8;2;;2;;2;;2;;2;;2;;68;12;68;799.86342665
6057288;1;2;1;90;2;;1;28;2;;1;48;2;;2;;2;;2;;2;;2;;68;12;68;799.86342665
6057289;1;1;1;90;2;;2;;2;;2;;2;;2;;2;;2;;2;;2;;68;12;68;580.55365444
6057289;1;2;1;90;2;;1;28;2;;2;;2;;2;;2;;2;;2;;2;;68;12;68;580.55365444
6057289;1;3;1;90;2;;2;;2;;2;;2;;2;;2;;2;;2;;2;;68;12;68;580.55365444
6057289;1;4;1;90;2;;2;;2;;2;;2;;2;;2;;2;;2;;2;;68;12;68;580.55365444
6057290;1;1;1;90;2;;1;6;2;;2;;2;;2;;2;;2;;2;;2;;68;12;68;562.7845773
6057290;1;2;1;90;2;;2;;2;;2;;2;;2;;2;;2;;2;;2;;68;12;68;562.7845773
6057290;1;3;1;90;2;;2;;2;;2;;2;;2;;2;;2;;2;;2;;68;12;68;562.7845773
6057290;1;4;1;90;2;;1;28;2;;2;;2;;2;;2;;2;;2;;2;;68;12;68;562.7845773
6057290;1;5;1;90;2;;2;;2;;2;;2;;2;;2;;2;;2;;2;;68;12;68;562.7845773
6057290;1;6;1;90;2;;2;;2;;2;;2;;2;;2;;2;;2;;2;;68;12;68;562.7845773
6057291;1;1;1;90;2;;1;14;2;;2;;2;;2;;2;;2;;2;;2;;68;12;68;526.02584251
6057292;1;1;1;90;2;;1;4;2;;2;;2;;2;;2;;2;;2;;2;;68;12;68;525.11537313
6057292;1;2;1;90;2;;1;24;2;;2;;2;;2;;2;;2;;2;;2;;68;12;68;525.11537313
6057293;1;1;1;90;2;;1;21;2;;2;;2;;2;;1;7;2;;2;;2;;68;12;68;533.43174545
6057294;1;1;1;90;2;;1;13;2;;2;;2;;2;;2;;2;;2;;2;;68;12;68;516.99321241
6057294;1;2;1;90;2;;1;7;2;;2;;2;;2;;2;;2;;2;;2;;68;12;68;516.99321241
6057294;1;3;1;90;2;;1;8;2;;2;;2;;2;;2;;2;;2;;2;;68;12;68;516.99321241
6057294;1;4;1;90;2;;1;11;2;;2;;2;;2;;2;;2;;2;;2;;68;12;68;516.99321241
6057295;1;1;1;90;2;;1;7;2;;2;;2;;2;;2;;2;;2;;2;;68;12;68;675.85895766
6057295;1;2;1;90;2;;1;13;2;;1;10;2;;2;;2;;2;;2;;2;;68;12;68;675.85895766
6057295;1;4;1;90;2;;1;14;2;;2;;2;;2;;2;;2;;2;;2;;68;12;68;675.85895766
6057296;1;1;1;90;2;;2;;2;;2;;2;;2;;2;;2;;2;;2;;68;12;68;516.99321241
6057296;1;2;1;90;2;;1;24;2;;2;;2;;2;;2;;2;;2;;2;;68;12;68;516.99321241
6057296;1;3;1;90;2;;1;12;2;;2;;2;;2;;2;;2;;2;;2;;68;12;68;516.99321241
6057296;1;4;1;90;2;;1;5;2;;2;;2;;2;;2;;2;;2;;2;;68;12;68;516.99321241
6057298;1;1;1;90;2;;1;12;2;;1;9;2;;2;;2;;2;;2;;2;;68;12;68;558.19077842
6057298;1;2;1;90;2;;1;12;2;;2;;2;;2;;2;;2;;2;;2;;68;12;68;558.19077842
6057300;1;1;1;90;2;;1;12;2;;2;;2;;2;;2;;2;;2;;2;;68;12;68;491.25131791
6057300;1;2;1;90;2;;1;7;2;;2;;1;5;2;;2;;2;;2;;2;;68;12;68;491.25131791
6057302;1;1;1;90;2;;2;;2;;2;;2;;2;;2;;2;;2;;2;;68;12;68;533.43174545
6057321;1;1;1;90;2;;1;3;2;;2;;2;;2;;2;;2;;2;;2;;68;12;68;526.02584251
6057322;1;1;1;90;2;;1;12;2;;2;;2;;2;;2;;2;;2;;2;;68;12;68;526.02584251
6057323;1;1;1;90;2;;2;;2;;2;;2;;2;;2;;2;;2;;2;;68;12;68;525.11537313
6057323;1;2;1;90;2;;1;30;2;;2;;1;20;2;;2;;2;;2;;2;;68;12;68;525.11537313
6057324;1;1;1;90;2;;1;24;2;;2;;2;;2;;2;;2;;2;;2;;68;12;68;491.25131791
6057324;1;2;1;90;2;;1;14;2;;2;;2;;2;;2;;2;;2;;2;;68;12;68;491.25131791
6057325;1;1;1;90;2;;1;6;2;;2;;2;;2;;2;;2;;2;;2;;68;12;68;621.40353788
6057325;1;2;1;90;2;;1;6;2;;2;;2;;2;;2;;2;;2;;2;;68;12;68;621.40353788
6057326;1;1;1;90;2;;1;38;2;;2;;2;;2;;2;;2;;2;;2;;68;12;68;526.02584251
6057469;1;1;1;90;2;;1;7;2;;2;;2;;2;;2;;2;;2;;2;;76;12;76;1256.7501622
6057470;1;1;1;90;2;;1;14;2;;2;;2;;2;;2;;2;;2;;2;;76;12;76;1150.3098658
6057470;1;2;1;90;2;;1;4;2;;2;;2;;2;;2;;2;;2;;2;;76;12;76;1150.3098658
6057470;1;3;1;90;2;;1;3;2;;2;;2;;2;;2;;2;;2;;2;;76;12;76;1150.3098658
6057470;1;4;1;90;2;;1;5;2;;2;;2;;2;;2;;2;;2;;2;;76;12;76;1150.3098658
6057470;1;5;1;90;2;;1;2;2;;2;;2;;2;;2;;2;;2;;2;;76;12;76;1150.3098658
6057470;1;6;1;90;2;;1;2;2;;2;;2;;2;;2;;2;;2;;2;;76;12;76;1150.3098658
6057470;1;7;1;90;2;;2;;2;;2;;2;;2;;2;;2;;2;;2;;76;12;76;1150.3098658
6057471;1;1;1;90;2;;1;21;2;;1;9;2;;2;;2;;2;;2;;2;;76;12;76;1328.7444253
6057471;1;2;1;90;2;;2;;2;;1;6;2;;2;;2;;2;;2;;2;;76;12;76;1328.7444253
6057471;1;3;1;90;2;;1;4;2;;2;;2;;2;;2;;2;;2;;2;;76;12;76;1328.7444253
6057471;1;4;1;90;2;;1;14;2;;2;;2;;2;;2;;2;;2;;2;;76;12;76;1328.7444253
6057472;1;1;1;90;2;;2;;2;;2;;2;;2;;2;;2;;2;;2;;76;12;76;965.15938767
6057472;1;2;1;90;2;;1;40;2;;2;;2;;2;;2;;2;;2;;1;4;76;12;76;965.15938767
6057473;1;1;1;90;2;;1;24;2;;2;;2;;2;;2;;2;;2;;2;;76;12;76;1227.2797235
6057473;1;2;1;90;2;;1;2;2;;2;;2;;2;;2;;2;;2;;2;;76;12;76;1227.2797235
6057474;1;1;1;90;2;;1;42;2;;2;;2;;2;;2;;2;;2;;2;;76;12;76;1282.6806296
6057474;1;2;1;90;2;;1;12;2;;2;;2;;2;;2;;2;;2;;2;;76;12;76;1282.6806296
6057474;1;3;1;90;2;;1;14;2;;2;;2;;2;;2;;2;;2;;2;;76;12;76;1282.6806296
6057474;1;4;1;90;2;;1;8;2;;2;;2;;2;;2;;2;;2;;2;;76;12;76;1282.6806296
6057474;1;5;1;90;2;;1;42;2;;1;10;2;;2;;2;;2;;2;;2;;76;12;76;1282.6806296
6057475;1;1;1;90;2;;1;21;2;;1;15;2;;2;;2;;2;;2;;2;;76;12;76;1745.5667793
6057475;1;2;1;90;2;;1;7;2;;2;;2;;2;;2;;2;;2;;2;;76;12;76;1745.5667793
6057475;1;3;1;90;2;;1;42;2;;1;60;2;;2;;2;;2;;2;;2;;76;12;76;1745.5667793
6057475;2;1;2;90;2;;1;14;2;;2;;2;;2;;2;;2;;2;;2;;76;12;76;1745.5667793
6057476;1;1;1;90;2;;1;4;2;;2;;2;;2;;2;;1;15;2;;2;;76;12;76;1066.6240895
6057476;1;2;1;90;2;;1;7;2;;1;1;2;;2;;2;;2;;2;;2;;76;12;76;1066.6240895
6057476;1;3;1;90;2;;1;7;2;;2;;2;;2;;2;;2;;2;;2;;76;12;76;1066.6240895
6057476;1;4;1;90;2;;1;7;2;;2;;2;;2;;2;;2;;2;;2;;76;12;76;1066.6240895
6057477;1;1;1;90;2;;1;20;2;;2;;2;;2;;2;;2;;2;;2;;76;12;76;1017.5898122
6057478;1;1;1;90;2;;1;16;2;;2;;2;;2;;2;;2;;2;;2;;76;12;76;1017.5898122
6057479;1;1;1;90;2;;1;7;2;;2;;2;;2;;2;;2;;2;;2;;76;12;76;1038.5022327
6057479;1;2;1;90;2;;1;30;2;;2;;2;;2;;2;;2;;2;;2;;76;12;76;1038.5022327
6057479;1;3;1;90;2;;2;;2;;2;;2;;2;;2;;2;;2;;2;;76;12;76;1038.5022327
6057480;1;1;1;90;2;;2;;2;;2;;2;;2;;2;;2;;2;;2;;76;12;76;1174.849299
6057480;1;2;1;90;2;;1;15;2;;1;20;2;;2;;2;;2;;2;;2;;76;12;76;1174.849299
6057480;1;3;1;90;2;;2;;2;;2;;2;;2;;2;;2;;2;;2;;76;12;76;1174.849299
6057482;1;1;1;90;2;;2;;2;;2;;2;;2;;2;;2;;2;;2;;76;12;76;1038.5022327
6057482;1;2;1;90;2;;1;20;2;;2;;2;;2;;2;;2;;2;;2;;76;12;76;1038.5022327
6057482;1;3;1;90;2;;2;;2;;2;;2;;2;;2;;2;;2;;2;;76;12;76;1038.5022327
6057483;1;1;1;90;2;;1;20;2;;2;;2;;2;;2;;2;;2;;2;;76;12;76;965.15938767
6057483;2;1;2;90;2;;1;2;2;;2;;2;;2;;2;;2;;2;;2;;76;12;76;965.15938767
6057484;1;1;1;90;2;;1;14;2;;2;;2;;2;;2;;2;;2;;2;;76;12;76;1404.3657011
6057486;1;1;1;90;2;;1;18;2;;2;;2;;2;;2;;2;;2;;2;;76;12;76;1652.9391336
6057486;1;2;1;90;2;;1;10;2;;2;;2;;2;;2;;2;;2;;2;;76;12;76;1652.9391336
6057486;1;3;1;90;2;;1;10;2;;2;;2;;2;;2;;2;;2;;2;;76;12;76;1652.9391336
6057486;1;4;1;90;2;;1;7;2;;2;;2;;2;;2;;2;;2;;2;;76;12;76;1652.9391336
6057486;1;5;1;90;2;;1;5;2;;2;;2;;2;;2;;2;;2;;2;;76;12;76;1652.9391336
6057487;1;1;1;90;2;;1;14;2;;2;;2;;2;;2;;2;;2;;2;;76;12;76;732.27862516
6057487;1;2;1;90;2;;1;7;2;;2;;2;;2;;2;;2;;2;;2;;76;12;76;732.27862516
6057487;1;3;1;90;2;;1;3;2;;2;;2;;2;;2;;2;;2;;2;;76;12;76;732.27862516
6057491;1;1;1;90;2;;1;11;2;;2;;2;;2;;2;;2;;2;;2;;76;12;76;1017.5898122
6057499;1;1;1;90;2;;1;5;2;;2;;2;;2;;2;;2;;2;;2;;76;12;76;1422.3368018
6057499;1;2;1;90;2;;1;10;2;;2;;2;;2;;2;;2;;2;;2;;76;12;76;1422.3368018
6057500;1;1;1;90;2;;1;14;2;;1;12;2;;2;;2;;2;;2;;1;6;76;12;76;1389.5228698
6057500;1;2;1;90;2;;2;;2;;2;;2;;2;;2;;2;;2;;2;;76;12;76;1389.5228698
6057501;1;1;1;90;2;;1;25;2;;2;;2;;2;;2;;2;;2;;2;;76;12;76;1119.054514
6057501;1;2;1;90;2;;1;18;2;;2;;2;;2;;2;;2;;2;;2;;76;12;76;1119.054514
6057501;1;3;1;90;2;;2;;2;;2;;2;;2;;2;;2;;2;;2;;76;12;76;1119.054514
6057502;1;1;1;90;2;;1;24;2;;2;;2;;2;;2;;2;;2;;2;;76;12;76;1256.7501622
6057503;1;1;1;90;2;;1;6;1;2;2;;2;;2;;2;;2;;2;;2;;76;12;76;1404.3657011
6057504;1;1;1;90;2;;1;7;2;;2;;2;;2;;2;;2;;2;;2;;76;12;76;1440.6047124
6057504;1;2;1;90;2;;1;21;2;;1;14;2;;2;;2;;2;;2;;2;;76;12;76;1440.6047124
6057504;1;3;1;90;2;;1;14;2;;1;5;2;;2;;2;;2;;2;;2;;76;12;76;1440.6047124
6057505;1;1;1;90;2;;1;21;2;;2;;2;;2;;2;;2;;2;;2;;76;12;76;1307.8320048
6057505;1;2;1;90;2;;1;6;2;;2;;2;;2;;2;;2;;2;;2;;76;12;76;1307.8320048
6057507;1;1;1;90;2;;2;;2;;2;;2;;2;;2;;2;;2;;2;;76;12;76;1425.2781216
6057507;1;2;1;90;2;;1;25;2;;2;;2;;2;;2;;2;;2;;2;;76;12;76;1425.2781216
6057507;1;3;1;90;2;;1;3;2;;2;;2;;2;;2;;2;;2;;2;;76;12;76;1425.2781216
6057508;1;1;1;90;2;;2;;2;;2;;2;;2;;2;;2;;2;;2;;76;12;76;965.15938767
6057508;1;2;1;90;2;;1;40;2;;1;5;2;;2;;2;;2;;2;;2;;76;12;76;965.15938767
6057511;1;1;1;90;2;;1;14;2;;2;;2;;2;;2;;2;;2;;2;;76;12;76;1043.4332383
6057511;1;2;1;90;2;;1;4;2;;2;;2;;2;;2;;2;;2;;2;;76;12;76;1043.4332383
6057511;1;3;1;90;2;;2;;2;;2;;2;;2;;2;;2;;2;;2;;76;12;76;1043.4332383
6057511;1;4;1;90;2;;2;;2;;2;;2;;2;;2;;2;;2;;2;;76;12;76;1043.4332383
6057511;1;5;1;90;2;;1;7;2;;2;;2;;2;;2;;2;;2;;2;;76;12;76;1043.4332383
6057511;1;6;1;90;2;;1;7;2;;2;;2;;2;;2;;2;;2;;2;;76;12;76;1043.4332383
6057512;1;1;1;90;2;;2;;2;;2;;2;;2;;2;;2;;2;;2;;76;12;76;965.15938767
6057512;1;2;1;90;2;;1;18;2;;2;;2;;2;;2;;2;;2;;2;;76;12;76;965.15938767
6057513;1;1;1;90;2;;1;7;2;;2;;2;;2;;2;;2;;2;;1;3;76;12;76;871.56701118
6057513;1;2;1;90;2;;1;21;2;;2;;2;;2;;2;;2;;2;;2;;76;12;76;871.56701118
6057513;1;3;1;90;2;;1;14;2;;2;;2;;2;;2;;2;;2;;2;;76;12;76;871.56701118
6057513;1;4;1;90;2;;1;7;2;;2;;2;;2;;2;;2;;2;;2;;76;12;76;871.56701118
6057514;1;1;1;90;2;;2;;2;;1;5;2;;2;;2;;2;;2;;2;;76;12;76;1537.1384087
6057514;1;2;1;90;2;;1;35;2;;2;;2;;2;;2;;2;;2;;2;;76;12;76;1537.1384087
6057515;1;1;1;90;2;;1;28;2;;2;;2;;2;;2;;2;;2;;2;;76;12;76;1227.2797235
6057515;1;2;1;90;2;;1;2;2;;2;;2;;2;;2;;2;;2;;2;;76;12;76;1227.2797235
6057517;1;1;1;90;2;;2;;2;;2;;2;;2;;2;;2;;2;;2;;76;12;76;1256.7501622
6057518;1;1;1;90;2;;1;3;2;;2;;2;;2;;2;;2;;2;;2;;76;12;76;1215.5882103
6057518;1;2;1;90;2;;1;21;2;;2;;2;;2;;2;;2;;2;;2;;76;12;76;1215.5882103
6057519;1;1;1;90;2;;1;4;2;;2;;2;;2;;2;;2;;2;;2;;76;12;76;1215.5882103
6057519;1;2;1;90;2;;1;24;2;;2;;2;;2;;2;;2;;2;;2;;76;12;76;1215.5882103
6057520;1;1;1;90;2;;1;35;2;;2;;2;;2;;2;;2;;2;;2;;76;12;76;1023.8693997
6057520;1;2;1;90;2;;1;10;2;;2;;2;;2;;2;;2;;2;;2;;76;12;76;1023.8693997
6057521;1;1;1;90;2;;1;7;2;;2;;2;;2;;2;;2;;2;;2;;76;12;76;776.38189687
6057521;1;2;1;90;2;;1;7;2;;2;;2;;2;;2;;2;;2;;2;;76;12;76;776.38189687
6057521;1;3;1;90;2;;1;14;2;;2;;1;4;2;;2;;2;;2;;2;;76;12;76;776.38189687
6057522;1;1;1;90;2;;1;24;2;;2;;2;;2;;2;;2;;2;;2;;76;12;76;1017.5898122
6057523;1;1;1;90;2;;1;18;2;;1;20;2;;2;;2;;2;;2;;2;;76;12;76;1629.3822032
6057523;1;2;1;90;2;;2;;2;;1;12;2;;2;;2;;2;;2;;2;;76;12;76;1629.3822032
6057526;1;1;1;90;2;;1;35;2;;1;50;2;;2;;2;;2;;2;;2;;76;12;76;961.585029
6057526;1;2;1;90;2;;1;6;2;;1;22;2;;2;;2;;2;;2;;2;;76;12;76;961.585029
6057526;1;4;1;90;2;;1;4;2;;2;;2;;2;;2;;2;;2;;2;;76;12;76;961.585029
6057527;1;1;1;90;2;;1;42;2;;2;;2;;2;;2;;2;;2;;2;;76;12;76;1207.9600408
6057527;1;2;1;90;2;;1;4;1;2;2;;2;;2;;2;;2;;2;;2;;76;12;76;1207.9600408
6057527;1;3;1;90;2;;1;7;2;;2;;2;;2;;2;;2;;2;;2;;76;12;76;1207.9600408
6057529;1;1;1;90;2;;1;4;2;;1;9;2;;2;;2;;2;;2;;2;;76;12;76;1472.8067023
6057529;1;2;1;90;2;;1;18;2;;1;20;2;;2;;2;;2;;2;;2;;76;12;76;1472.8067023
6057531;1;1;1;90;2;;1;4;2;;2;;2;;2;;2;;2;;2;;2;;76;12;76;1858.6886071
6057531;1;2;1;90;2;;1;36;2;;1;21;2;;2;;2;;2;;2;;2;;76;12;76;1858.6886071
6057532;1;1;1;90;2;;1;24;1;14;2;;2;;2;;2;;2;;2;;2;;76;12;76;1120.403096
6057533;1;1;1;90;2;;1;3;2;;2;;2;;2;;2;;2;;2;;2;;76;12;76;965.15938767
6057533;1;2;1;90;2;;2;;2;;2;;2;;2;;2;;2;;2;;2;;76;12;76;965.15938767
6057534;1;1;1;90;2;;1;3;2;;2;;2;;2;;2;;2;;2;;2;;76;12;76;1404.3657011
6057535;1;1;1;90;2;;1;24;2;;2;;2;;2;;2;;2;;2;;2;;76;12;76;1328.8314666
6057535;1;2;1;90;2;;1;7;2;;2;;2;;2;;1;7;2;;2;;2;;76;12;76;1328.8314666
6057535;1;3;1;90;2;;1;25;2;;1;15;2;;2;;2;;2;;2;;2;;76;12;76;1328.8314666
6057536;1;1;1;90;2;;1;10;2;;2;;2;;2;;2;;2;;2;;2;;76;12;76;931.62560519
6057536;1;2;1;90;2;;1;5;2;;2;;2;;2;;2;;2;;2;;2;;76;12;76;931.62560519
6057537;1;1;1;90;2;;1;4;2;;2;;2;;2;;2;;2;;2;;2;;76;12;76;1017.5898122
6057538;1;1;1;90;2;;1;10;2;;2;;2;;2;;2;;2;;2;;2;;76;12;76;1215.5882103
6057538;1;2;1;90;1;16;1;10;2;;2;;2;;2;;2;;2;;2;;2;;76;12;76;1215.5882103
6057539;1;1;1;90;2;;1;15;2;;2;;2;;2;;2;;2;;2;;2;;76;12;76;1207.9600408
6057539;1;2;1;90;2;;2;;2;;2;;2;;2;;2;;2;;2;;2;;76;12;76;1207.9600408
6057539;1;3;1;90;2;;1;10;2;;2;;2;;2;;2;;2;;2;;2;;76;12;76;1207.9600408
6057540;1;1;1;90;2;;1;7;2;;2;;2;;2;;2;;2;;2;;2;;76;12;76;1017.5898122
6057541;1;1;1;90;2;;1;21;2;;2;;2;;2;;2;;2;;2;;2;;76;12;76;1119.054514
6057541;1;2;1;90;2;;1;15;2;;2;;2;;2;;2;;2;;2;;2;;76;12;76;1119.054514
6057541;1;3;1;90;2;;2;;2;;2;;2;;2;;2;;2;;2;;2;;76;12;76;1119.054514
6057542;1;1;1;90;2;;1;28;2;;2;;2;;2;;2;;2;;2;;2;;76;12;76;1163.1577858
6057542;1;2;1;90;2;;2;;2;;2;;2;;2;;2;;2;;2;;2;;76;12;76;1163.1577858
6057542;1;3;1;90;2;;2;;2;;2;;2;;2;;2;;2;;2;;2;;76;12;76;1163.1577858
6057543;1;1;1;90;2;;2;;2;;2;;2;;2;;2;;2;;2;;2;;76;12;76;1830.1121525
6057543;1;2;1;90;2;;1;35;2;;1;6;2;;2;;2;;2;;2;;2;;76;12;76;1830.1121525
6057543;1;3;1;90;2;;1;2;2;;2;;2;;2;;1;20;2;;2;;2;;76;12;76;1830.1121525
6057544;1;1;1;90;2;;1;14;2;;2;;2;;2;;2;;2;;2;;2;;76;12;76;1256.7501622
6057548;1;1;1;90;2;;1;30;2;;2;;2;;2;;2;;2;;2;;2;;76;12;76;849.72474192
6057548;1;2;1;90;2;;1;5;2;;2;;2;;2;;2;;2;;2;;2;;76;12;76;849.72474192
6057548;1;3;1;90;2;;2;;2;;2;;2;;2;;1;3;2;;2;;2;;76;12;76;849.72474192
6057548;1;4;1;90;2;;2;;2;;2;;2;;2;;2;;2;;2;;2;;76;12;76;849.72474192
6057550;1;1;1;90;2;;1;21;2;;2;;2;;2;;2;;2;;2;;2;;76;12;76;1328.7444253
6057550;2;1;2;90;2;;1;10;2;;2;;2;;2;;2;;2;;2;;2;;76;12;76;1328.7444253
6057550;2;2;2;90;2;;1;20;2;;2;;2;;2;;2;;2;;2;;2;;76;12;76;1328.7444253
6057550;3;1;3;90;2;;1;12;2;;2;;2;;2;;2;;2;;2;;2;;76;12;76;1328.7444253
6057551;1;1;1;90;2;;1;10;2;;2;;2;;2;;2;;2;;2;;2;;76;12;76;1112.7749265
6057551;1;2;1;90;2;;2;;2;;2;;2;;2;;2;;2;;2;;2;;76;12;76;1112.7749265
6057552;1;1;1;90;2;;1;14;2;;2;;2;;2;;2;;2;;2;;2;;76;12;76;1538.4343366
6057552;1;2;1;90;2;;1;10;2;;2;;2;;1;2;2;;2;;2;;2;;76;12;76;1538.4343366
6057552;1;3;1;90;2;;1;7;2;;2;;2;;2;;2;;2;;2;;2;;76;12;76;1538.4343366
6057552;1;4;1;90;2;;1;14;2;;2;;2;;2;;2;;2;;2;;2;;76;12;76;1538.4343366
6057552;1;5;1;90;2;;1;7;2;;2;;2;;2;;2;;2;;2;;2;;76;12;76;1538.4343366
6057553;1;1;1;90;2;;2;;2;;2;;2;;2;;2;;2;;2;;2;;76;12;76;1256.7501622
6057554;1;1;1;90;2;;2;;2;;2;;2;;2;;2;;2;;2;;2;;76;12;76;965.15938767
6057554;1;2;1;90;2;;2;;2;;2;;2;;2;;2;;2;;2;;2;;76;12;76;965.15938767
6057555;1;1;1;90;2;;2;;2;;2;;2;;2;;2;;2;;2;;2;;76;12;76;1118.8445158
6057555;1;2;1;90;2;;1;42;2;;1;40;2;;2;;2;;2;;2;;2;;76;12;76;1118.8445158
6057555;1;3;1;90;2;;2;;2;;2;;2;;2;;2;;2;;2;;2;;76;12;76;1118.8445158
6057555;1;4;1;90;2;;1;3;2;;2;;2;;2;;2;;2;;2;;2;;76;12;76;1118.8445158
6057555;1;5;1;90;2;;1;4;2;;1;18;2;;2;;2;;2;;2;;2;;76;12;76;1118.8445158
6057556;1;1;1;90;2;;1;5;2;;2;;1;28;2;;2;;2;;2;;2;;76;12;76;1425.2781216
6057556;1;2;1;90;2;;1;7;2;;2;;2;;2;;2;;2;;2;;2;;76;12;76;1425.2781216
6057556;1;3;1;90;2;;1;2;2;;2;;2;;2;;2;;2;;2;;2;;76;12;76;1425.2781216
6057558;1;1;1;90;2;;1;40;2;;2;;1;20;2;;2;;2;;2;;2;;76;12;76;654.59029339
6057558;1;2;1;90;2;;2;;2;;2;;2;;2;;2;;2;;2;;2;;76;12;76;654.59029339
6057558;1;3;1;90;2;;1;20;2;;2;;2;;2;;2;;2;;2;;2;;76;12;76;654.59029339
6057559;1;1;1;90;2;;1;4;2;;1;7;2;;2;;2;;2;;2;;2;;76;12;76;1599.3342096
6057559;1;2;1;90;2;;1;14;2;;1;10;2;;2;;2;;2;;2;;2;;76;12;76;1599.3342096
6057559;1;3;1;90;2;;1;2;2;;2;;2;;2;;2;;2;;2;;2;;76;12;76;1599.3342096
6057559;1;6;1;90;2;;1;14;2;;1;10;2;;2;;2;;2;;2;;2;;76;12;76;1599.3342096
6057559;1;7;1;90;2;;2;;2;;2;;2;;2;;2;;2;;2;;2;;76;12;76;1599.3342096
6057559;1;8;1;90;2;;1;14;2;;1;10;2;;2;;2;;2;;2;;2;;76;12;76;1599.3342096
6057560;1;1;1;90;2;;1;6;2;;2;;2;;2;;2;;2;;2;;2;;76;12;76;965.15938767
6057560;1;2;1;90;2;;1;30;2;;2;;2;;2;;2;;2;;2;;2;;76;12;76;965.15938767
6057561;1;1;1;90;2;;1;4;2;;1;5;2;;2;;2;;2;;2;;2;;76;12;76;1712.6660357
6057561;1;2;1;90;2;;1;21;2;;1;10;2;;2;;2;;2;;2;;2;;76;12;76;1712.6660357
6057562;1;1;1;90;2;;1;2;2;;2;;2;;2;;2;;2;;2;;2;;76;12;76;1256.7501622
6057563;1;1;1;90;2;;1;14;2;;1;5;2;;2;;2;;2;;2;;2;;76;12;76;1427.3548486
6057563;1;2;1;90;2;;2;;2;;2;;2;;2;;2;;2;;2;;2;;76;12;76;1427.3548486
6057563;1;3;1;90;2;;1;14;2;;2;;2;;2;;2;;2;;2;;2;;76;12;76;1427.3548486
6057563;1;4;1;90;2;;1;14;2;;1;10;2;;2;;2;;2;;2;;2;;76;12;76;1427.3548486
6057564;1;1;1;90;2;;2;;2;;2;;2;;2;;2;;2;;2;;2;;76;12;76;828.81232141
6057564;1;2;1;90;2;;1;30;2;;2;;1;24;2;;2;;2;;2;;2;;76;12;76;828.81232141
6057566;1;1;1;90;2;;2;;2;;1;6;2;;2;;2;;1;5;2;;2;;76;12;76;1484.7079841
6057566;1;2;1;90;2;;1;30;2;;1;6;2;;2;;2;;2;;2;;2;;76;12;76;1484.7079841
6057566;1;4;1;90;2;;1;35;2;;1;12;2;;2;;2;;2;;2;;2;;76;12;76;1484.7079841
6057568;1;1;1;90;2;;1;8;2;;2;;2;;2;;2;;2;;2;;2;;76;12;76;1060.344502
6057568;1;2;1;90;2;;1;28;2;;2;;2;;2;;2;;2;;2;;2;;76;12;76;1060.344502
6057568;1;3;1;90;2;;1;4;2;;2;;2;;2;;2;;2;;2;;2;;76;12;76;1060.344502
6057569;1;1;1;90;2;;2;;1;2;2;;2;;2;;2;;2;;2;;2;;76;12;76;1384.5392103
6057569;1;2;1;90;2;;1;21;2;;2;;2;;2;;2;;2;;2;;2;;76;12;76;1384.5392103
6057569;1;3;1;90;2;;1;2;2;;2;;2;;2;;1;32;2;;2;;2;;76;12;76;1384.5392103
6057569;1;4;1;90;2;;1;4;2;;2;;2;;2;;2;;2;;2;;2;;76;12;76;1384.5392103
6057570;1;1;1;90;2;;1;21;2;;2;;2;;2;;2;;2;;2;;2;;76;12;76;1112.7749265
6057570;1;2;1;90;2;;2;;2;;2;;2;;2;;2;;2;;2;;2;;76;12;76;1112.7749265
6057573;1;1;1;90;2;;1;18;2;;2;;2;;2;;2;;2;;2;;2;;76;12;76;1256.7501622
6057576;1;1;1;90;2;;1;20;2;;2;;2;;2;;2;;2;;2;;2;;76;12;76;1734.9270381
6057576;1;2;1;90;2;;1;10;2;;2;;2;;2;;2;;2;;2;;2;;76;12;76;1734.9270381
6057578;1;1;1;90;2;;1;4;2;;1;5;2;;2;;2;;2;;2;;2;;76;12;76;1537.1384087
6057578;1;2;1;90;2;;1;28;2;;1;32;2;;2;;2;;2;;2;;2;;76;12;76;1537.1384087
6057579;1;1;1;90;2;;2;;2;;2;;2;;2;;2;;2;;2;;2;;76;12;76;1163.1577858
6057579;1;2;1;90;2;;1;36;2;;2;;2;;2;;2;;2;;2;;2;;76;12;76;1163.1577858
6057579;1;3;1;90;2;;2;;2;;2;;2;;2;;2;;2;;2;;2;;76;12;76;1163.1577858
6057582;1;1;1;90;2;;1;7;2;;2;;2;;2;;2;;2;;2;;2;;76;12;76;1404.3657011
6057583;1;1;1;90;2;;1;5;2;;2;;2;;2;;2;;2;;2;;2;;76;12;76;1404.3657011
6057584;1;1;1;90;2;;1;2;2;;2;;1;5;2;;2;;2;;2;;2;;76;12;76;1404.3657011
6057585;1;1;1;90;2;;1;10;2;;2;;2;;2;;2;;2;;2;;2;;76;12;76;1017.5898122
6057587;1;1;1;90;2;;1;6;2;;2;;2;;2;;2;;2;;2;;2;;76;12;76;1328.7444253
6057587;1;2;1;90;2;;1;15;2;;2;;2;;2;;2;;2;;2;;2;;76;12;76;1328.7444253
6057587;1;3;1;90;2;;1;9;2;;2;;2;;2;;2;;2;;2;;2;;76;12;76;1328.7444253
6057587;1;4;1;90;2;;1;9;2;;2;;2;;2;;2;;2;;2;;2;;76;12;76;1328.7444253
6057588;1;1;1;90;2;;1;14;2;;2;;2;;2;;2;;2;;2;;2;;76;12;76;1120.403096
6057595;1;1;1;90;2;;1;6;2;;2;;2;;2;;2;;2;;2;;2;;76;12;76;1499.5508154
6057595;1;2;1;90;2;;1;4;2;;2;;2;;2;;2;;2;;2;;2;;76;12;76;1499.5508154
6057596;1;1;1;90;2;;2;;2;;2;;2;;2;;2;;2;;2;;2;;76;12;76;725.99903763
6057596;1;2;1;90;2;;1;49;2;;2;;1;7;2;;2;;2;;2;;2;;76;12;76;725.99903763
6057597;1;1;1;90;2;;1;14;2;;2;;2;;2;;2;;1;18;2;;2;;76;12;76;1160.216466
6057597;1;2;1;90;2;;1;1;2;;2;;1;21;2;;2;;2;;2;;2;;76;12;76;1160.216466
6057600;1;1;1;90;2;;1;2;2;;2;;2;;2;;2;;2;;2;;2;;76;12;76;1733.5784562
6057600;1;2;1;90;2;;1;15;2;;2;;2;;2;;2;;2;;2;;2;;76;12;76;1733.5784562
6057600;1;3;1;90;2;;1;3;2;;2;;2;;2;;2;;2;;2;;2;;76;12;76;1733.5784562
6057600;1;4;1;90;2;;1;4;2;;2;;2;;2;;2;;2;;2;;2;;76;12;76;1733.5784562
6057601;1;1;1;90;2;;2;;2;;2;;2;;2;;2;;2;;2;;2;;76;12;76;1440.6047124
6057601;1;2;1;90;2;;1;28;2;;2;;2;;2;;2;;2;;2;;2;;76;12;76;1440.6047124
6057601;1;3;1;90;2;;1;14;2;;2;;2;;2;;2;;2;;2;;2;;76;12;76;1440.6047124
6057604;1;1;1;90;2;;1;7;2;;1;10;2;;2;;2;;2;;2;;2;;76;12;76;1741.2936669
6057604;1;3;1;90;2;;1;5;2;;1;30;2;;2;;2;;2;;2;;2;;76;12;76;1741.2936669
6057605;1;1;1;90;2;;2;;2;;2;;2;;2;;2;;2;;2;;2;;76;12;76;1637.0447599
6057605;1;2;1;90;2;;2;;2;;1;20;1;15;2;;2;;2;;2;;2;;76;12;76;1637.0447599
6057605;1;3;1;90;2;;2;;2;;2;;2;;2;;2;;2;;2;;2;;76;12;76;1637.0447599
6057605;1;4;1;90;2;;1;10;2;;2;;2;;2;;2;;2;;2;;2;;76;12;76;1637.0447599
6057605;1;5;1;90;2;;2;;2;;2;;2;;2;;2;;2;;2;;2;;76;12;76;1637.0447599
6057606;1;1;1;90;2;;1;15;2;;2;;2;;2;;2;;2;;2;;2;;76;12;76;1256.7501622
6057607;1;1;1;90;2;;1;2;2;;2;;2;;2;;2;;2;;2;;2;;76;12;76;1858.6886071
6057607;1;2;1;90;2;;1;20;2;;1;60;2;;2;;2;;2;;2;;2;;76;12;76;1858.6886071
6057608;1;1;1;90;2;;1;20;2;;1;60;2;;2;;2;;2;;2;;2;;76;12;76;1525.2371268
6057609;1;1;1;90;2;;2;;2;;2;;2;;2;;2;;2;;2;;2;;76;12;76;654.59029339
6057609;1;2;1;90;2;;2;;2;;2;;2;;2;;2;;2;;2;;2;;76;12;76;654.59029339
6057609;1;3;1;90;2;;2;;2;;2;;2;;2;;2;;2;;2;;2;;76;12;76;654.59029339
6057609;1;4;1;90;2;;2;;2;;2;;2;;2;;2;;2;;2;;2;;76;12;76;654.59029339
6057609;1;5;1;90;2;;1;21;2;;2;;1;2;2;;2;;2;;2;;2;;76;12;76;654.59029339
6057609;1;6;1;90;2;;2;;2;;2;;2;;2;;2;;2;;2;;2;;76;12;76;654.59029339
6057618;1;1;1;90;2;;1;7;2;;2;;2;;2;;2;;2;;2;;2;;76;12;76;965.15938767
6057618;1;2;1;90;2;;1;21;2;;2;;1;2;2;;2;;2;;2;;2;;76;12;76;965.15938767
6057619;1;1;1;90;2;;1;10;2;;2;;2;;2;;2;;2;;2;;2;;76;12;76;965.15938767
6057619;1;2;1;90;2;;1;14;2;;2;;2;;2;;2;;2;;2;;2;;76;12;76;965.15938767
6057620;1;1;1;90;2;;1;30;2;;1;5;2;;2;;2;;2;;2;;2;;76;12;76;1525.2371268
6057621;1;1;1;90;2;;1;10;2;;2;;2;;2;;2;;2;;2;;2;;76;12;76;1255.4015803
6057621;1;2;1;90;2;;1;4;2;;2;;2;;2;;2;;2;;2;;2;;76;12;76;1255.4015803
6057621;1;3;1;90;2;;1;3;2;;2;;2;;2;;2;;2;;2;;2;;76;12;76;1255.4015803
6057622;1;1;1;90;2;;1;14;2;;2;;2;;2;;2;;2;;2;;2;;76;12;76;1017.5898122
6057623;1;1;1;90;2;;1;14;2;;2;;2;;1;4;2;;2;;2;;2;;76;12;76;965.15938767
6057623;1;2;1;90;2;;2;;2;;2;;2;;2;;2;;2;;2;;2;;76;12;76;965.15938767
6057624;1;1;1;90;2;;1;18;2;;2;;2;;2;;2;;2;;2;;2;;76;12;76;1081.2569225
6057624;1;2;1;90;2;;2;;2;;2;;2;;2;;2;;2;;2;;2;;76;12;76;1081.2569225
6057624;1;3;1;90;2;;2;;2;;2;;2;;2;;2;;2;;2;;2;;76;12;76;1081.2569225
6057624;2;1;2;90;2;;1;8;2;;2;;2;;2;;2;;2;;2;;2;;76;12;76;1081.2569225
6057624;2;2;2;90;2;;1;18;2;;2;;2;;2;;2;;2;;2;;2;;76;12;76;1081.2569225
6057625;1;1;1;90;2;;1;18;2;;2;;2;;2;;2;;2;;2;;2;;76;12;76;974.38029496
6057625;1;2;1;90;2;;1;6;2;;2;;2;;2;;2;;2;;2;;2;;76;12;76;974.38029496
6057625;1;3;1;90;2;;1;12;2;;2;;2;;2;;2;;2;;2;;2;;76;12;76;974.38029496
6057625;1;4;1;90;2;;1;10;2;;2;;2;;2;;2;;2;;2;;2;;76;12;76;974.38029496
6057626;1;1;1;90;2;;1;26;1;4;2;;2;;2;;2;;2;;2;;2;;76;12;76;828.81232141
6057626;1;2;1;90;2;;1;10;1;6;2;;2;;2;;2;;2;;2;;2;;76;12;76;828.81232141
6057627;1;1;1;90;2;;2;;2;;2;;2;;2;;2;;2;;2;;2;;76;12;76;868.62569141
6057627;1;2;1;90;2;;1;28;2;;2;;2;;2;;2;;2;;2;;2;;76;12;76;868.62569141
6057627;1;3;1;90;2;;2;;2;;2;;2;;2;;1;3;2;;2;;2;;76;12;76;868.62569141
6057628;1;1;1;90;2;;1;3;2;;1;9;2;;2;;2;;2;;2;;2;;76;12;76;1245.5476341
6057628;1;2;1;90;2;;1;6;2;;1;20;2;;2;;2;;2;;2;;2;;76;12;76;1245.5476341
6057628;1;4;1;90;2;;1;18;2;;1;30;2;;2;;2;;2;;2;;2;;76;12;76;1245.5476341
6057629;1;1;1;90;2;;1;7;2;;1;10;2;;2;;2;;2;;2;;2;;76;12;76;1746.82832
6057629;1;2;1;90;2;;1;20;2;;1;60;2;;2;;2;;2;;2;;2;;76;12;76;1746.82832
6057629;1;3;1;90;2;;1;7;2;;2;;2;;2;;2;;2;;2;;2;;76;12;76;1746.82832
6057630;1;1;1;90;2;;2;;2;;2;;2;;2;;2;;2;;2;;2;;76;12;76;654.59029339
6057630;1;2;1;90;2;;1;14;2;;2;;2;;2;;2;;2;;2;;2;;76;12;76;654.59029339
6057630;1;3;1;90;2;;2;;2;;2;;2;;2;;2;;2;;2;;2;;76;12;76;654.59029339
6057630;1;4;1;90;2;;1;14;2;;2;;2;;2;;2;;2;;2;;2;;76;12;76;654.59029339
6057631;1;1;1;90;2;;1;5;2;;2;;2;;2;;2;;2;;2;;2;;76;12;76;654.59029339
6057631;1;2;1;90;2;;1;34;2;;2;;1;21;2;;2;;2;;2;;2;;76;12;76;654.59029339
6057631;1;3;1;90;2;;2;;2;;2;;2;;2;;2;;2;;2;;2;;76;12;76;654.59029339
6057632;1;1;1;90;2;;1;14;2;;2;;2;;2;;2;;2;;2;;2;;76;12;76;1404.3657011
6057633;1;1;1;90;2;;1;8;2;;2;;2;;2;;2;;2;;2;;2;;76;12;76;1215.5882103
6057633;1;2;1;90;2;;1;12;2;;2;;2;;2;;2;;2;;2;;2;;76;12;76;1215.5882103
6057634;1;1;1;90;2;;1;14;2;;2;;2;;2;;2;;2;;2;;2;;76;12;76;1351.9352766
6057634;1;2;1;90;2;;1;14;2;;2;;2;;2;;2;;2;;2;;2;;76;12;76;1351.9352766
6057635;1;1;1;90;2;;1;14;2;;1;21;2;;2;;2;;2;;2;;2;;76;12;76;1538.5213779
6057635;1;2;1;90;2;;1;4;2;;1;28;2;;2;;1;2;2;;2;;2;;76;12;76;1538.5213779
6057635;1;3;1;90;2;;1;2;2;;2;;2;;2;;2;;2;;2;;2;;76;12;76;1538.5213779
6057635;1;5;1;90;2;;1;42;2;;1;28;2;;2;;2;;2;;2;;2;;76;12;76;1538.5213779
6057636;1;1;1;90;2;;1;5;2;;1;10;1;6;2;;2;;2;;2;;2;;76;12;76;2263.5226379
6057636;1;2;1;90;2;;1;21;2;;1;20;2;;2;;2;;2;;2;;2;;76;12;76;2263.5226379
6057637;1;1;1;90;2;;1;21;2;;2;;2;;2;;2;;2;;2;;2;;76;12;76;1112.7749265
6057637;1;2;1;90;2;;1;5;2;;1;16;1;16;2;;2;;2;;2;;2;;76;12;76;1112.7749265
6057638;1;1;1;90;2;;1;18;2;;2;;2;;2;;2;;2;;2;;2;;76;12;76;654.59029339
6057638;1;2;1;90;2;;1;8;2;;2;;2;;2;;2;;2;;2;;2;;76;12;76;654.59029339
6057638;1;3;1;90;2;;2;;2;;2;;2;;2;;2;;2;;2;;2;;76;12;76;654.59029339
6057639;1;1;1;90;2;;2;;2;;2;;2;;2;;2;;2;;2;;2;;76;12;76;1620.4222412
6057639;1;2;1;90;2;;1;28;2;;1;14;2;;2;;2;;2;;2;;2;;76;12;76;1620.4222412
6057640;1;1;1;90;2;;1;14;2;;2;;2;;2;;2;;2;;2;;2;;76;12;76;1017.5898122
6057641;1;1;1;90;2;;1;7;2;;1;5;2;;2;;2;;2;;2;;2;;76;12;76;1712.6660357
6057641;1;2;1;90;2;;1;14;2;;2;;2;;2;;2;;2;;2;;2;;76;12;76;1712.6660357
6057642;1;1;1;90;2;;1;17;2;;2;;2;;2;;2;;2;;2;;2;;76;12;76;1017.5898122
6057643;1;1;1;90;2;;1;14;2;;2;;2;;2;;2;;2;;2;;2;;76;12;76;1404.3657011
6057644;1;1;1;90;2;;1;14;2;;2;;2;;2;;2;;2;;2;;2;;76;12;76;759.47063318
6057644;1;2;1;90;2;;2;;2;;2;;2;;2;;2;;2;;2;;2;;76;12;76;759.47063318
6057644;1;3;1;90;2;;1;7;2;;2;;2;;2;;2;;2;;2;;2;;76;12;76;759.47063318
6057644;1;4;1;90;2;;1;3;2;;2;;2;;2;;2;;2;;2;;2;;76;12;76;759.47063318
6057644;1;5;1;90;2;;1;40;2;;2;;2;;2;;2;;2;;2;;2;;76;12;76;759.47063318
6057644;1;6;1;90;2;;1;2;2;;2;;2;;2;;2;;2;;2;;2;;76;12;76;759.47063318
6058660;1;1;1;90;2;;1;21;2;;2;;2;;2;;2;;2;;2;;2;;05;12;05;1372.9049543
6058662;1;1;1;90;2;;2;;2;;2;;2;;2;;2;;2;;2;;2;;05;12;05;1155.4021972
6058662;1;2;1;90;2;;1;20;2;;2;;2;;2;;2;;2;;2;;2;;05;12;05;1155.4021972
6058662;1;3;1;90;2;;1;10;2;;2;;2;;2;;2;;2;;2;;2;;05;12;05;1155.4021972
6058663;1;1;1;90;2;;1;20;2;;2;;2;;2;;2;;2;;2;;2;;05;12;05;1038.3621909
6058663;1;2;1;90;2;;2;;2;;2;;2;;2;;2;;2;;2;;2;;05;12;05;1038.3621909
6058663;1;3;1;90;2;;1;10;2;;2;;2;;2;;2;;2;;2;;2;;05;12;05;1038.3621909
6058664;1;1;1;90;2;;1;2;2;;2;;2;;2;;2;;2;;2;;2;;05;12;05;1170.403175
6058664;1;2;1;90;2;;1;30;2;;2;;2;;2;;2;;2;;2;;2;;05;12;05;1170.403175
6058664;1;3;1;90;2;;1;1;2;;2;;2;;2;;2;;2;;2;;2;;05;12;05;1170.403175
6058664;1;4;1;90;2;;1;1;2;;2;;2;;2;;2;;2;;2;;2;;05;12;05;1170.403175
6058665;1;1;1;90;2;;1;7;2;;2;;2;;2;;2;;2;;2;;2;;05;12;05;1203.0729646
6058665;1;2;1;90;2;;1;24;2;;2;;2;;2;;2;;2;;2;;2;;05;12;05;1203.0729646
6058665;1;3;1;90;2;;1;3;2;;2;;2;;2;;2;;2;;2;;2;;05;12;05;1203.0729646
6058665;1;4;1;90;2;;1;5;2;;2;;2;;2;;2;;2;;2;;2;;05;12;05;1203.0729646
6058666;1;1;1;90;2;;2;;2;;2;;2;;2;;2;;2;;2;;2;;05;12;05;1314.9715231
6058666;1;2;1;90;2;;1;28;2;;2;;1;21;2;;2;;2;;2;;2;;05;12;05;1314.9715231
6058666;1;3;1;90;2;;1;21;2;;2;;2;;2;;2;;2;;2;;2;;05;12;05;1314.9715231
6058667;1;1;1;90;2;;1;20;2;;2;;2;;2;;2;;2;;2;;2;;05;12;05;1206.8415085
6058667;1;2;1;90;2;;1;10;2;;2;;2;;2;;2;;2;;2;;2;;05;12;05;1206.8415085
6058668;1;1;1;90;2;;1;10;2;;2;;2;;2;;2;;2;;2;;2;;05;12;05;1323.8815148
6058668;1;2;1;90;2;;2;;2;;2;;2;;2;;2;;2;;2;;2;;05;12;05;1323.8815148
6058669;1;1;1;90;2;;1;28;2;;2;;2;;2;;2;;2;;2;;2;;05;12;05;1305.0020488
6058670;1;1;1;90;2;;1;30;2;;2;;2;;2;;2;;2;;2;;2;;05;12;05;1630.8032583
6058670;1;2;1;90;2;;1;20;2;;2;;2;;2;;2;;2;;2;;2;;05;12;05;1630.8032583
6058670;1;3;1;90;2;;2;;2;;2;;2;;2;;2;;2;;2;;2;;05;12;05;1630.8032583
6058670;1;5;1;90;2;;2;;2;;2;;2;;2;;2;;2;;2;;2;;05;12;05;1630.8032583
6058672;1;1;1;90;2;;1;12;2;;2;;2;;2;;2;;2;;2;;2;;05;12;05;1365.4612961
6058673;1;1;1;90;2;;1;10;2;;2;;2;;2;;2;;2;;2;;2;;05;12;05;1365.4612961
6058674;1;1;1;90;2;;1;16;2;;2;;2;;2;;2;;2;;2;;2;;05;12;05;1365.4612961
6058675;1;1;1;90;2;;1;18;2;;2;;2;;2;;2;;2;;2;;2;;05;12;05;1269.7689328
6058676;1;1;1;90;2;;1;10;2;;2;;2;;2;;2;;2;;2;;2;;05;12;05;1269.7689328
6058677;1;1;1;90;2;;1;10;2;;2;;2;;2;;2;;2;;2;;2;;05;12;05;1365.4612961
6058678;1;1;1;90;2;;1;7;2;;1;20;2;;2;;2;;2;;2;;2;;05;12;05;1816.3123197
6058678;1;2;1;90;2;;1;7;2;;1;14;2;;2;;2;;2;;2;;2;;05;12;05;1816.3123197
6058678;1;5;1;90;2;;1;35;2;;1;30;2;;2;;2;;2;;2;;2;;05;12;05;1816.3123197
6058678;1;6;1;90;2;;1;7;2;;2;;2;;2;;2;;2;;2;;2;;05;12;05;1816.3123197
6058678;1;7;1;90;2;;1;14;2;;2;;2;;2;;2;;2;;2;;2;;05;12;05;1816.3123197
6058680;1;1;1;90;2;;1;3;2;;2;;2;;2;;2;;2;;2;;2;;05;12;05;1269.7689328
6058681;1;1;1;90;2;;1;5;2;;2;;2;;2;;2;;2;;2;;2;;05;12;05;1269.7689328
6058682;1;1;1;90;2;;1;28;2;;2;;2;;2;;2;;2;;2;;2;;05;12;05;1142.6137173
6058682;1;2;1;90;2;;1;4;2;;2;;2;;2;;2;;2;;2;;2;;05;12;05;1142.6137173
6058682;1;3;1;90;2;;1;14;2;;2;;2;;2;;2;;2;;2;;2;;05;12;05;1142.6137173
6058682;1;4;1;90;2;;2;;2;;2;;2;;2;;2;;2;;2;;2;;05;12;05;1142.6137173
6058683;1;1;1;90;2;;1;20;2;;2;;2;;2;;2;;2;;2;;2;;05;12;05;1452.4979229
6058684;1;1;1;90;2;;1;3;2;;2;;2;;2;;2;;2;;2;;2;;05;12;05;1269.7689328
6058685;1;1;1;90;2;;2;;2;;2;;1;5;2;;2;;2;;2;;2;;05;12;05;1448.6770737
6058685;1;2;1;90;2;;1;56;2;;2;;1;50;2;;2;;2;;2;;2;;05;12;05;1448.6770737
6058685;1;3;1;90;2;;2;;2;;2;;2;;2;;2;;2;;2;;2;;05;12;05;1448.6770737
6058685;1;5;1;90;2;;1;5;2;;2;;2;;2;;2;;2;;2;;2;;05;12;05;1448.6770737
6058686;1;1;1;90;2;;1;2;2;;2;;2;;2;;2;;2;;2;;2;;05;12;05;1064.8512817
6058686;1;2;1;90;2;;1;12;2;;2;;2;;2;;2;;2;;2;;2;;05;12;05;1064.8512817
6058686;1;3;1;90;2;;1;1;2;;2;;2;;2;;2;;2;;2;;2;;05;12;05;1064.8512817
6058686;1;4;1;90;2;;1;30;2;;2;;2;;2;;2;;2;;2;;2;;05;12;05;1064.8512817
6058687;1;1;1;90;2;;1;2;2;;2;;2;;2;;2;;2;;2;;2;;05;12;05;1544.0208867
6058687;1;2;1;90;2;;1;30;2;;1;40;2;;2;;2;;2;;2;;2;;05;12;05;1544.0208867
6058687;1;3;1;90;2;;1;2;2;;2;;2;;2;;2;;2;;2;;2;;05;12;05;1544.0208867
6058688;1;1;1;90;2;;1;2;2;;2;;2;;2;;2;;2;;2;;2;;05;12;05;1590.7421157
6058688;1;2;1;90;2;;1;20;2;;1;30;2;;2;;2;;2;;2;;2;;05;12;05;1590.7421157
6058688;1;4;1;90;2;;1;2;2;;2;;2;;2;;2;;2;;2;;2;;05;12;05;1590.7421157
6058689;1;1;1;90;2;;1;20;2;;2;;2;;2;;2;;2;;2;;2;;05;12;05;1391.7844204
6058689;1;2;1;90;2;;2;;2;;2;;2;;2;;2;;2;;2;;2;;05;12;05;1391.7844204
6058690;1;1;1;90;2;;1;1;2;;2;;2;;2;;2;;2;;2;;2;;05;12;05;1269.7689328
6058691;1;1;1;90;2;;1;2;2;;2;;2;;2;;2;;2;;2;;2;;05;12;05;1234.6832715
6058693;1;1;1;90;2;;1;24;2;;2;;2;;2;;1;1;2;;2;;2;;05;12;05;1269.7689328
6058694;1;1;1;90;2;;2;;2;;2;;2;;2;;2;;2;;2;;2;;05;12;05;1296.0920571
6058694;1;2;1;90;2;;1;35;2;;2;;2;;2;;2;;2;;2;;2;;05;12;05;1296.0920571
6058695;1;1;1;90;2;;1;14;2;;1;20;2;;2;;2;;2;;2;;2;;05;12;05;1471.3773889
6058695;1;2;1;90;2;;1;14;2;;1;40;2;;2;;2;;2;;2;;2;;05;12;05;1471.3773889
6058696;1;1;1;90;2;;1;30;2;;2;;2;;2;;2;;2;;2;;2;;05;12;05;1122.7847129
6058696;1;2;1;90;2;;2;;2;;2;;2;;2;;2;;2;;2;;2;;05;12;05;1122.7847129
6058697;1;1;1;90;2;;1;20;2;;2;;2;;2;;2;;2;;2;;2;;05;12;05;1083.5647812
6058697;1;2;1;90;2;;1;35;2;;2;;2;;2;;2;;2;;2;;2;;05;12;05;1083.5647812
6058697;1;3;1;90;2;;2;;2;;2;;2;;2;;2;;2;;2;;2;;05;12;05;1083.5647812
6058697;1;4;1;90;2;;2;;2;;2;;2;;2;;2;;2;;2;;2;;05;12;05;1083.5647812
6058697;1;5;1;90;2;;2;;2;;2;;2;;2;;2;;2;;2;;2;;05;12;05;1083.5647812
6058699;1;1;1;90;2;;1;14;2;;2;;2;;2;;2;;2;;2;;2;;05;12;05;1253.5627375
6058699;1;2;1;90;2;;1;30;2;;2;;2;;2;;2;;2;;2;;2;;05;12;05;1253.5627375
6058700;1;1;1;90;2;;1;7;2;;2;;2;;2;;2;;2;;2;;2;;05;12;05;1269.7689328
6058701;1;1;1;90;2;;1;4;1;8;2;;2;;2;;2;;2;;2;;2;;05;12;05;1365.4612961
6058702;1;1;1;90;2;;1;14;2;;2;;2;;2;;2;;2;;2;;2;;05;12;05;1365.4612961
6058703;1;1;1;90;2;;1;12;2;;2;;2;;2;;2;;2;;2;;2;;05;12;05;1261.0063958
6058703;1;2;1;90;2;;1;4;2;;2;;2;;2;;2;;2;;2;;2;;05;12;05;1261.0063958
6058704;1;1;1;90;2;;2;;2;;2;;2;;2;;2;;2;;2;;2;;05;12;05;1365.4612961
6058707;1;1;1;90;2;;2;;2;;2;;2;;2;;2;;2;;2;;2;;11;12;11;3381.6230259
6058707;1;2;1;90;2;;1;49;2;;2;;2;;2;;2;;2;;2;;2;;11;12;11;3381.6230259
6058708;1;1;1;90;2;;1;7;2;;2;;2;;2;;2;;2;;2;;2;;11;12;11;3742.1583604
6058709;1;1;1;90;2;;1;8;2;;2;;2;;2;;2;;2;;2;;2;;13;12;13;390.16512808
6058709;1;2;1;90;2;;1;21;2;;1;24;2;;2;;2;;2;;2;;2;;13;12;13;390.16512808
6058710;1;1;1;90;2;;1;24;2;;1;14;2;;2;;2;;2;;2;;2;;13;12;13;344.77313843
6058711;1;1;1;90;2;;1;8;2;;2;;1;6;2;;2;;2;;2;;2;;13;12;13;660.81344283
6058711;1;2;1;90;2;;1;18;2;;1;16;1;8;2;;2;;2;;2;;2;;13;12;13;660.81344283
6058711;1;3;1;90;2;;2;;2;;2;;2;;2;;2;;2;;2;;2;;13;12;13;660.81344283
6058711;1;4;1;90;2;;1;6;2;;2;;2;;2;;2;;2;;2;;2;;13;12;13;660.81344283
6058711;1;5;1;90;2;;1;1;2;;2;;2;;2;;2;;2;;2;;2;;13;12;13;660.81344283
6058711;1;6;1;90;2;;1;2;2;;2;;2;;2;;2;;2;;2;;2;;13;12;13;660.81344283
6058711;1;7;1;90;2;;2;;2;;2;;2;;2;;2;;2;;2;;2;;13;12;13;660.81344283
6058712;1;1;1;90;2;;2;;2;;2;;2;;2;;2;;2;;2;;2;;13;12;13;533.71159497
6058712;1;2;1;90;2;;1;14;2;;2;;2;;2;;2;;2;;2;;2;;13;12;13;533.71159497
6058712;1;3;1;90;2;;1;12;2;;2;;2;;2;;2;;2;;2;;2;;13;12;13;533.71159497
6058712;1;4;1;90;2;;1;10;2;;2;;2;;2;;2;;2;;2;;2;;13;12;13;533.71159497
6058712;1;5;1;90;2;;1;12;2;;2;;2;;2;;2;;2;;2;;2;;13;12;13;533.71159497
6058712;1;6;1;90;2;;1;4;2;;2;;2;;2;;2;;2;;2;;2;;13;12;13;533.71159497
6058713;1;1;1;90;2;;1;10;2;;2;;2;;2;;2;;2;;2;;2;;13;12;13;468.13531365
6058713;1;2;1;90;2;;1;40;2;;1;30;2;;2;;2;;2;;2;;2;;13;12;13;468.13531365
6058713;1;3;1;90;2;;1;5;2;;2;;2;;2;;2;;2;;2;;2;;13;12;13;468.13531365
6058713;1;5;1;90;2;;2;;2;;2;;2;;2;;2;;2;;2;;2;;13;12;13;468.13531365
6058714;1;1;1;90;2;;1;6;2;;2;;2;;2;;2;;2;;2;;2;;13;12;13;445.22559068
6058714;1;2;1;90;2;;1;21;2;;2;;2;;2;;2;;2;;2;;2;;13;12;13;445.22559068
6058714;1;3;1;90;2;;1;2;2;;2;;2;;2;;2;;2;;2;;2;;13;12;13;445.22559068
6058715;1;1;1;90;2;;1;2;2;;2;;2;;2;;2;;2;;2;;2;;13;12;13;436.14586525
6058715;1;2;1;90;2;;1;16;2;;2;;2;;2;;2;;2;;2;;2;;13;12;13;436.14586525
6058716;1;1;1;90;2;;1;15;2;;2;;2;;2;;2;;2;;2;;2;;13;12;13;503.96850008
6058716;1;2;1;90;2;;1;20;2;;1;20;2;;2;;2;;2;;2;;2;;13;12;13;503.96850008
6058716;1;3;1;90;2;;1;30;2;;2;;2;;2;;2;;2;;2;;2;;13;12;13;503.96850008
6058716;1;4;1;90;2;;1;5;2;;2;;2;;2;;2;;2;;2;;2;;13;12;13;503.96850008
6058716;1;5;1;90;2;;1;5;2;;2;;2;;2;;2;;2;;2;;2;;13;12;13;503.96850008
6058717;1;1;1;90;2;;1;3;2;;2;;2;;2;;2;;2;;2;;2;;13;12;13;476.40233797
6058718;1;1;1;90;2;;1;20;2;;2;;2;;2;;2;;2;;2;;2;;13;12;13;363.06344667
6058718;1;2;1;90;2;;1;20;2;;2;;2;;2;;2;;2;;2;;2;;13;12;13;363.06344667
6058718;1;3;1;90;2;;1;10;2;;2;;2;;2;;2;;2;;2;;2;;13;12;13;363.06344667
6058718;1;4;1;90;2;;1;30;2;;2;;2;;2;;2;;2;;2;;2;;13;12;13;363.06344667
6058719;1;1;1;90;2;;1;4;2;;2;;2;;2;;2;;2;;2;;2;;13;12;13;556.80765078
6058719;1;2;1;90;2;;1;40;2;;2;;2;;2;;2;;2;;2;;2;;13;12;13;556.80765078
6058719;1;3;1;90;2;;1;16;2;;1;8;2;;2;;2;;2;;2;;2;;13;12;13;556.80765078
6058719;1;4;1;90;2;;2;;2;;2;;2;;2;;2;;2;;2;;2;;13;12;13;556.80765078
6058719;1;6;1;90;2;;2;;2;;2;;2;;2;;2;;2;;2;;2;;13;12;13;556.80765078
6058719;1;7;1;90;2;;1;8;2;;2;;2;;2;;2;;2;;2;;2;;13;12;13;556.80765078
6058719;1;8;1;90;2;;2;;2;;2;;2;;2;;2;;2;;2;;2;;13;12;13;556.80765078
6058719;1;9;1;90;2;;1;10;2;;1;20;2;;2;;2;;2;;2;;2;;13;12;13;556.80765078
6058720;1;1;1;90;2;;1;18;2;;2;;2;;2;;2;;2;;2;;2;;13;12;13;505.10439954
6058720;1;2;1;90;2;;1;6;2;;2;;2;;2;;2;;2;;2;;2;;13;12;13;505.10439954
6058720;1;3;1;90;2;;1;4;2;;2;;2;;2;;2;;2;;2;;2;;13;12;13;505.10439954
6058720;1;4;1;90;2;;2;;2;;2;;2;;2;;2;;2;;2;;2;;13;12;13;505.10439954
6058721;1;1;1;90;2;;1;10;2;;2;;2;;2;;2;;2;;2;;2;;13;12;13;306.78086791
6058721;1;2;1;90;2;;1;30;2;;2;;2;;2;;2;;2;;2;;2;;13;12;13;306.78086791
6058721;1;3;1;90;2;;1;20;2;;2;;2;;2;;2;;2;;2;;2;;13;12;13;306.78086791
6058721;1;4;1;90;2;;1;20;2;;1;30;2;;2;;2;;2;;2;;2;;13;12;13;306.78086791
6058722;1;1;1;90;2;;2;;2;;2;;2;;2;;2;;2;;2;;2;;13;12;13;351.15422454
6058722;1;2;1;90;2;;1;30;2;;1;30;1;30;2;;2;;2;;2;;2;;13;12;13;351.15422454
6058723;1;1;1;90;2;;1;30;2;;2;;2;;2;;2;;2;;2;;2;;13;12;13;497.58741397
6058723;1;2;1;90;2;;1;10;2;;2;;2;;2;;2;;2;;2;;2;;13;12;13;497.58741397
6058723;1;3;1;90;2;;1;10;2;;2;;2;;2;;2;;2;;2;;2;;13;12;13;497.58741397
6058723;1;4;1;90;2;;1;10;2;;2;;2;;2;;2;;2;;2;;2;;13;12;13;497.58741397
6058724;1;1;1;90;2;;2;;2;;2;;2;;2;;2;;2;;2;;2;;13;12;13;467.50194501
6058724;1;2;1;90;2;;1;12;2;;2;;2;;2;;2;;2;;2;;2;;13;12;13;467.50194501
6058724;1;3;1;90;2;;1;20;2;;1;20;2;;2;;2;;2;;2;;2;;13;12;13;467.50194501
6058724;1;4;1;90;2;;1;10;2;;2;;2;;2;;2;;2;;2;;2;;13;12;13;467.50194501
6058725;1;1;1;90;2;;1;20;2;;2;;2;;2;;2;;2;;2;;2;;13;12;13;448.90803748
6058725;1;2;1;90;2;;1;10;2;;2;;2;;2;;2;;2;;2;;2;;13;12;13;448.90803748
6058725;1;3;1;90;2;;1;12;2;;2;;2;;2;;2;;2;;2;;2;;13;12;13;448.90803748
6058725;1;4;1;90;2;;1;10;2;;2;;2;;2;;2;;2;;2;;2;;13;12;13;448.90803748
6058726;1;1;1;90;2;;1;30;2;;1;14;2;;2;;2;;2;;2;;2;;13;12;13;431.92711482
6058726;1;2;1;90;2;;1;21;2;;2;;2;;2;;2;;2;;2;;2;;13;12;13;431.92711482
6058726;1;3;1;90;2;;1;2;2;;2;;2;;2;;2;;2;;2;;2;;13;12;13;431.92711482
6058726;1;4;1;90;2;;2;;2;;2;;2;;2;;2;;2;;2;;2;;13;12;13;431.92711482
6058726;1;5;1;90;2;;1;30;2;;2;;2;;2;;2;;2;;2;;2;;13;12;13;431.92711482
6058727;1;1;1;90;2;;1;21;2;;1;7;1;21;2;;2;;2;;2;;2;;13;12;13;467.65623586
6058727;1;2;1;90;2;;2;;2;;2;;2;;2;;2;;2;;2;;2;;13;12;13;467.65623586
6058727;1;3;1;90;2;;1;2;2;;2;;2;;2;;2;;2;;2;;2;;13;12;13;467.65623586
6058727;1;4;1;90;2;;1;30;2;;1;30;1;7;2;;2;;2;;2;;2;;13;12;13;467.65623586
6058727;1;5;1;90;2;;2;;2;;2;;2;;2;;2;;2;;2;;2;;13;12;13;467.65623586
6058728;1;1;1;90;2;;1;2;2;;2;;2;;2;;2;;2;;2;;2;;13;12;13;396.54621419
6058728;1;2;1;90;2;;1;30;2;;2;;2;;2;;2;;2;;2;;2;;13;12;13;396.54621419
6058728;1;3;1;90;2;;1;14;2;;2;;2;;2;;2;;2;;2;;2;;13;12;13;396.54621419
6058729;1;1;1;90;2;;1;10;2;;2;;2;;2;;2;;2;;2;;2;;13;12;13;448.90803748
6058729;1;2;1;90;2;;1;20;2;;2;;2;;2;;2;;2;;2;;2;;13;12;13;448.90803748
6058729;1;3;1;90;2;;1;10;2;;2;;2;;2;;2;;2;;2;;2;;13;12;13;448.90803748
6058729;1;4;1;90;2;;1;12;2;;2;;2;;2;;2;;2;;2;;2;;13;12;13;448.90803748
6058730;1;1;1;90;2;;2;;2;;2;;2;;2;;2;;2;;2;;2;;13;12;13;512.60294008
6058730;1;2;1;90;2;;1;18;2;;2;;2;;2;;2;;2;;2;;2;;13;12;13;512.60294008
6058730;1;3;1;90;2;;1;14;2;;2;;2;;2;;2;;2;;2;;2;;13;12;13;512.60294008
6058730;1;4;1;90;2;;2;;2;;2;;2;;2;;2;;2;;2;;2;;13;12;13;512.60294008
6058731;1;1;1;90;2;;1;12;2;;2;;2;;2;;2;;2;;2;;2;;13;12;13;416.24497144
6058731;1;2;1;90;2;;2;;2;;2;;2;;2;;2;;2;;2;;2;;13;12;13;416.24497144
6058731;1;3;1;90;2;;1;20;2;;2;;2;;2;;2;;2;;2;;2;;13;12;13;416.24497144
6058731;1;4;1;90;2;;1;8;2;;2;;2;;2;;2;;2;;2;;2;;13;12;13;416.24497144
6058731;1;5;1;90;2;;2;;2;;2;;2;;2;;2;;2;;2;;2;;13;12;13;416.24497144
6058731;1;6;1;90;2;;2;;2;;2;;2;;2;;2;;2;;2;;2;;13;12;13;416.24497144
6058732;1;1;1;90;2;;1;30;2;;2;;2;;2;;2;;2;;2;;2;;13;12;13;412.78385648
6058732;1;2;1;90;2;;1;2;2;;2;;2;;2;;2;;2;;2;;2;;13;12;13;412.78385648
6058733;1;1;1;90;2;;1;21;2;;1;21;2;;2;;2;;2;;2;;2;;13;12;13;435.36903451
6058733;1;2;1;90;2;;2;;2;;2;;2;;2;;2;;2;;2;;2;;13;12;13;435.36903451
6058733;1;3;1;90;2;;1;21;2;;1;6;2;;2;;2;;2;;2;;2;;13;12;13;435.36903451
6058733;1;5;1;90;2;;1;14;2;;1;30;2;;2;;2;;2;;2;;2;;13;12;13;435.36903451
6058733;1;6;1;90;2;;2;;2;;1;5;2;;2;;2;;2;;2;;2;;13;12;13;435.36903451
6058734;1;1;1;90;2;;1;8;2;;2;;2;;2;;2;;2;;2;;2;;13;12;13;500.28605328
6058734;1;2;1;90;2;;1;8;2;;2;;2;;2;;2;;2;;2;;2;;13;12;13;500.28605328
6058734;1;3;1;90;2;;1;5;2;;2;;2;;2;;2;;2;;2;;2;;13;12;13;500.28605328
6058734;1;4;1;90;2;;1;4;2;;2;;2;;2;;2;;2;;2;;2;;13;12;13;500.28605328
6058735;1;1;1;90;2;;1;20;2;;2;;2;;2;;2;;2;;2;;2;;13;12;13;480.90448626
6058735;1;2;1;90;2;;1;40;2;;2;;2;;2;;2;;2;;2;;2;;13;12;13;480.90448626
6058735;1;3;1;90;2;;1;20;2;;2;;2;;2;;2;;2;;2;;2;;13;12;13;480.90448626
6058736;1;1;1;90;2;;2;;2;;2;;2;;2;;2;;2;;2;;2;;13;12;13;530.61789569
6058736;1;2;1;90;2;;1;20;2;;1;14;2;;2;;2;;2;;2;;2;;13;12;13;530.61789569
6058736;1;3;1;90;2;;1;6;2;;2;;2;;2;;2;;2;;2;;2;;13;12;13;530.61789569
6058736;1;4;1;90;2;;1;6;2;;2;;2;;2;;2;;2;;2;;2;;13;12;13;530.61789569
6058737;1;1;1;90;2;;1;17;2;;1;15;2;;2;;2;;2;;2;;2;;13;12;13;345.2446195
6058737;1;2;1;90;2;;1;2;2;;2;;2;;2;;2;;2;;2;;2;;13;12;13;345.2446195
6058737;1;3;1;90;2;;1;1;2;;2;;2;;2;;2;;2;;2;;2;;13;12;13;345.2446195
6058737;1;4;1;90;2;;1;6;2;;1;8;2;;2;;2;;2;;2;;2;;13;12;13;345.2446195
6058738;1;1;1;90;2;;1;30;2;;2;;2;;2;;2;;2;;2;;2;;13;12;13;419.16494259
6058738;1;2;1;90;2;;1;20;2;;2;;2;;2;;2;;2;;2;;2;;13;12;13;419.16494259
6058738;1;3;1;90;2;;1;10;2;;2;;2;;2;;2;;2;;2;;2;;13;12;13;419.16494259
6058739;1;1;1;90;2;;2;;2;;2;;2;;2;;2;;2;;2;;2;;13;12;13;420.30084205
6058739;1;2;1;90;2;;1;30;2;;2;;2;;2;;2;;2;;2;;2;;13;12;13;420.30084205
6058740;1;1;1;90;2;;2;;2;;2;;2;;2;;2;;2;;2;;2;;13;12;13;546.26679045
6058740;1;2;1;90;2;;1;24;2;;2;;2;;2;;2;;2;;2;;2;;13;12;13;546.26679045
6058740;1;3;1;90;2;;1;10;2;;2;;2;;2;;2;;2;;2;;2;;13;12;13;546.26679045
6058740;1;4;1;90;2;;1;10;2;;2;;2;;2;;2;;2;;2;;2;;13;12;13;546.26679045
6058741;1;1;1;90;2;;2;;2;;2;;2;;2;;2;;2;;2;;2;;13;12;13;377.21487263
6058741;1;2;1;90;2;;1;20;2;;1;20;2;;2;;2;;2;;2;;2;;13;12;13;377.21487263
6058742;1;1;1;90;2;;1;14;2;;1;21;2;;2;;2;;2;;2;;2;;13;12;13;469.17634697
6058742;1;2;1;90;2;;1;14;2;;1;21;2;;2;;2;;2;;2;;2;;13;12;13;469.17634697
6058743;1;1;1;90;2;;1;12;2;;1;24;2;;2;;2;;2;;2;;2;;13;12;13;509.87810512
6058743;1;2;1;90;2;;2;;2;;2;;2;;2;;2;;2;;2;;2;;13;12;13;509.87810512
6058743;1;5;1;90;2;;1;12;2;;2;;2;;2;;2;;2;;2;;2;;13;12;13;509.87810512
6058744;1;1;1;90;2;;1;30;2;;1;4;2;;2;;2;;2;;2;;2;;13;12;13;459.71240989
6058744;1;2;1;90;2;;2;;2;;2;;2;;2;;2;;2;;2;;2;;13;12;13;459.71240989
6058744;1;3;1;90;2;;1;2;2;;2;;2;;2;;2;;2;;2;;2;;13;12;13;459.71240989
6058745;1;1;1;90;2;;1;16;2;;2;;2;;2;;2;;2;;2;;2;;13;12;13;381.92330716
6058745;1;2;1;90;2;;1;16;2;;2;;2;;2;;2;;2;;2;;2;;13;12;13;381.92330716
6058746;1;1;1;90;2;;2;;2;;2;;2;;2;;2;;2;;2;;2;;13;12;13;505.10439954
6058746;1;2;1;90;2;;1;22;2;;2;;2;;2;;2;;2;;2;;2;;13;12;13;505.10439954
6058746;1;3;1;90;2;;2;;2;;2;;2;;2;;2;;2;;2;;2;;13;12;13;505.10439954
6058746;1;4;1;90;2;;1;14;2;;2;;2;;2;;2;;2;;2;;2;;13;12;13;505.10439954
6058747;1;1;1;90;2;;1;22;2;;2;;2;;2;;2;;2;;2;;2;;13;12;13;290.1841569
6058747;1;2;1;90;2;;1;20;2;;2;;2;;2;;2;;2;;2;;2;;13;12;13;290.1841569
6058747;1;3;1;90;2;;1;6;2;;2;;2;;2;;2;;2;;2;;2;;13;12;13;290.1841569
6058748;1;1;1;90;2;;1;28;2;;1;24;2;;2;;2;;2;;2;;2;;13;12;13;580.62930007
6058748;1;2;1;90;2;;2;;2;;2;;2;;2;;2;;2;;2;;2;;13;12;13;580.62930007
6058748;1;3;1;90;2;;1;10;2;;1;14;2;;2;;2;;2;;2;;2;;13;12;13;580.62930007
6058749;1;1;1;90;2;;1;30;2;;2;;2;;2;;2;;2;;2;;2;;13;12;13;412.78385648
6058749;1;2;1;90;2;;1;10;2;;2;;2;;2;;2;;2;;2;;2;;13;12;13;412.78385648
6058750;1;1;1;90;2;;1;3;2;;2;;2;;2;;2;;2;;2;;2;;13;12;13;420.30084205
6058750;1;2;1;90;2;;1;18;2;;2;;2;;2;;2;;2;;2;;2;;13;12;13;420.30084205
6058751;1;1;1;90;2;;1;30;2;;2;;2;;2;;2;;2;;2;;2;;13;12;13;413.07485105
6058751;1;2;1;90;2;;1;10;2;;2;;2;;2;;2;;2;;2;;2;;13;12;13;413.07485105
6058751;1;3;1;90;2;;1;40;2;;2;;2;;2;;2;;2;;2;;2;;13;12;13;413.07485105
6058752;1;1;1;90;2;;2;;2;;2;;2;;2;;2;;2;;2;;2;;13;12;13;475.36130465
6058752;1;2;1;90;2;;1;14;2;;1;15;2;;2;;2;;2;;2;;2;;13;12;13;475.36130465
6058752;1;3;1;90;2;;1;4;2;;2;;2;;2;;2;;2;;2;;2;;13;12;13;475.36130465
6058753;1;1;1;90;2;;1;18;2;;1;20;2;;2;;2;;2;;2;;2;;13;12;13;445.8143382
6058753;1;2;1;90;2;;2;;2;;2;;2;;2;;2;;2;;2;;2;;13;12;13;445.8143382
6058754;1;1;1;90;2;;1;40;2;;1;30;2;;2;;2;;2;;2;;2;;13;12;13;502.2068287
6058754;1;2;1;90;2;;1;20;2;;2;;2;;2;;2;;2;;2;;2;;13;12;13;502.2068287
6058755;1;1;1;90;2;;2;;2;;2;;2;;2;;2;;2;;2;;2;;13;12;13;423.1956098
6058755;1;2;1;90;2;;1;16;2;;1;16;2;;2;;2;;2;;2;;2;;13;12;13;423.1956098
6058756;1;1;1;90;2;;1;2;2;;1;7;2;;2;;2;;2;;2;;2;;13;12;13;344.18439091
6058756;1;2;1;90;2;;1;30;2;;1;21;2;;2;;2;;2;;2;;2;;13;12;13;344.18439091
6058757;1;1;1;90;2;;2;;2;;2;;2;;2;;2;;2;;2;;2;;13;12;13;571.50773706
6058757;1;2;1;90;2;;1;24;2;;2;;2;;2;;2;;2;;2;;2;;13;12;13;571.50773706
6058757;1;3;1;90;2;;2;;2;;2;;2;;2;;2;;2;;2;;2;;13;12;13;571.50773706
6058758;1;1;1;90;2;;1;10;2;;1;20;2;;2;;2;;2;;2;;2;;13;12;13;423.1956098
6058758;1;2;1;90;2;;1;10;2;;1;20;2;;2;;2;;2;;2;;2;;13;12;13;423.1956098
6058760;1;1;1;90;2;;1;30;2;;2;;2;;2;;2;;2;;2;;2;;13;12;13;370.48556611
6058760;1;2;1;90;2;;1;10;2;;2;;2;;2;;2;;2;;2;;2;;13;12;13;370.48556611
6058760;1;3;1;90;2;;1;10;2;;2;;2;;2;;2;;2;;2;;2;;13;12;13;370.48556611
6058761;1;1;1;90;2;;1;30;2;;1;30;2;;2;;2;;2;;2;;2;;13;12;13;445.8143382
6058761;1;2;1;90;2;;1;10;2;;2;;2;;2;;2;;2;;2;;2;;13;12;13;445.8143382
6058762;1;1;1;90;2;;1;30;2;;2;;2;;2;;2;;2;;2;;2;;13;12;13;453.96469242
6058762;1;2;1;90;2;;1;10;2;;2;;2;;2;;2;;2;;2;;2;;13;12;13;453.96469242
6058763;1;1;1;90;2;;1;14;2;;2;;2;;2;;2;;2;;2;;2;;13;12;13;370.08315143
6058763;1;2;1;90;2;;1;18;2;;2;;2;;2;;2;;2;;2;;2;;13;12;13;370.08315143
6058763;1;3;1;90;2;;1;21;2;;2;;2;;2;;2;;2;;2;;2;;13;12;13;370.08315143
6058763;1;4;1;90;2;;1;6;2;;2;;2;;2;;2;;2;;2;;2;;13;12;13;370.08315143
6058763;1;7;1;90;2;;1;4;2;;2;;2;;2;;2;;2;;2;;2;;13;12;13;370.08315143
6058764;1;1;1;90;2;;2;;2;;2;;2;;2;;2;;2;;2;;2;;13;12;13;377.21487263
6058764;1;2;1;90;2;;1;20;2;;1;16;2;;2;;2;;2;;2;;2;;13;12;13;377.21487263
6058765;1;1;1;90;2;;2;;2;;2;;2;;2;;2;;2;;2;;2;;13;12;13;448.90803748
6058765;1;2;1;90;2;;1;30;2;;2;;2;;2;;2;;2;;2;;2;;13;12;13;448.90803748
6058765;1;3;1;90;2;;1;14;2;;2;;2;;2;;2;;2;;2;;2;;13;12;13;448.90803748
6058765;1;4;1;90;2;;1;3;2;;2;;2;;2;;2;;2;;2;;2;;13;12;13;448.90803748
6058766;1;1;1;90;2;;2;;2;;2;;2;;2;;2;;2;;2;;2;;13;12;13;436.14586525
6058766;1;2;1;90;2;;1;30;2;;2;;2;;2;;2;;2;;2;;2;;13;12;13;436.14586525
6058767;1;1;1;90;2;;1;8;2;;2;;2;;2;;2;;2;;2;;2;;13;12;13;316.24480499
6058767;1;2;1;90;2;;2;;2;;2;;2;;2;;2;;2;;2;;2;;13;12;13;316.24480499
6058767;1;3;1;90;2;;1;20;2;;1;18;2;;2;;2;;2;;2;;2;;13;12;13;316.24480499
6058768;1;1;1;90;2;;2;;2;;2;;2;;2;;2;;2;;2;;2;;13;12;13;436.14586525
6058768;1;2;1;90;2;;1;12;2;;2;;2;;2;;2;;2;;2;;2;;13;12;13;436.14586525
6058769;1;1;1;90;2;;2;;2;;2;;2;;2;;2;;2;;2;;2;;13;12;13;491.20632785
6058769;1;2;1;90;2;;1;30;2;;2;;2;;2;;2;;2;;2;;2;;13;12;13;491.20632785
6058769;1;3;1;90;2;;1;2;2;;2;;2;;2;;2;;2;;2;;2;;13;12;13;491.20632785
6058770;1;1;1;90;2;;1;14;2;;2;;2;;2;;2;;2;;2;;2;;13;12;13;505.10439954
6058770;1;2;1;90;2;;1;20;2;;2;;2;;2;;2;;2;;2;;2;;13;12;13;505.10439954
6058770;1;3;1;90;2;;1;4;2;;2;;2;;2;;2;;2;;2;;2;;13;12;13;505.10439954
6058770;1;4;1;90;2;;1;21;2;;2;;2;;2;;2;;2;;2;;2;;13;12;13;505.10439954
6058771;1;1;1;90;2;;1;14;2;;2;;2;;2;;2;;2;;2;;2;;13;12;13;570.87436841
6058771;1;2;1;90;2;;1;12;2;;1;14;2;;2;;2;;2;;2;;2;;13;12;13;570.87436841
6058771;1;4;1;90;2;;1;10;2;;1;20;2;;2;;2;;2;;2;;2;;13;12;13;570.87436841
6058772;1;1;1;90;2;;1;4;2;;2;;2;;2;;2;;2;;2;;2;;13;12;13;375.54222105
6058773;1;1;1;90;2;;2;;2;;2;;2;;2;;2;;2;;2;;2;;13;12;13;369.26344994
6058773;1;2;1;90;2;;1;22;2;;2;;2;;2;;2;;2;;2;;2;;13;12;13;369.26344994
6058773;1;3;1;90;2;;1;8;2;;2;;2;;2;;2;;2;;2;;2;;13;12;13;369.26344994
6058773;1;4;1;90;2;;1;4;2;;1;14;2;;2;;2;;2;;2;;2;;13;12;13;369.26344994
6058774;1;1;1;90;2;;1;18;2;;2;;2;;2;;2;;2;;2;;2;;13;12;13;436.14586525
6058774;1;2;1;90;2;;1;14;2;;2;;2;;2;;2;;2;;2;;2;;13;12;13;436.14586525
6058775;1;1;1;90;2;;2;;2;;1;5;2;;2;;2;;2;;2;;2;;13;12;13;508.58791481
6058775;1;2;1;90;2;;1;30;2;;1;30;2;;2;;2;;2;;2;;2;;13;12;13;508.58791481
6058775;1;3;1;90;2;;1;3;2;;2;;2;;2;;2;;2;;2;;2;;13;12;13;508.58791481
6058776;1;1;1;90;2;;2;;2;;2;;2;;2;;2;;2;;2;;2;;13;12;13;442.52695136
6058776;1;2;1;90;2;;1;30;2;;2;;2;;2;;2;;2;;2;;2;;13;12;13;442.52695136
6058776;1;3;1;90;2;;1;4;2;;2;;2;;2;;2;;2;;2;;2;;13;12;13;442.52695136
6058850;1;1;1;90;2;;1;5;2;;2;;2;;2;;2;;2;;2;;2;;17;12;17;180.89420434
6058850;1;2;1;90;2;;1;40;2;;1;6;2;;2;;2;;2;;2;;2;;17;12;17;180.89420434
6058850;1;3;1;90;2;;1;10;2;;2;;2;;2;;2;;2;;2;;2;;17;12;17;180.89420434
6058851;1;1;1;90;2;;2;;2;;2;;2;;2;;2;;2;;2;;2;;17;12;17;223.42900899
6058851;1;2;1;90;2;;1;8;2;;2;;2;;2;;2;;2;;2;;2;;17;12;17;223.42900899
6058851;1;3;1;90;2;;2;;2;;2;;2;;2;;2;;2;;2;;2;;17;12;17;223.42900899
6058851;1;4;1;90;2;;2;;2;;2;;2;;2;;2;;2;;2;;2;;17;12;17;223.42900899
6058852;1;1;1;90;2;;2;;2;;2;;2;;2;;2;;2;;2;;2;;17;12;17;364.23790739
6058852;1;2;1;90;2;;1;40;2;;2;;2;;2;;2;;2;;2;;2;;17;12;17;364.23790739
6058854;1;1;1;90;2;;1;4;2;;2;;2;;2;;2;;2;;2;;2;;17;12;17;264.43277966
6058854;1;2;1;90;2;;1;10;2;;1;5;2;;2;;2;;2;;2;;2;;17;12;17;264.43277966
6058854;1;3;1;90;2;;2;;2;;2;;2;;2;;2;;2;;2;;2;;17;12;17;264.43277966
6058856;1;1;1;90;2;;1;30;2;;2;;2;;2;;2;;2;;2;;2;;17;12;17;229.22790529
6058856;1;2;1;90;2;;2;;2;;2;;2;;2;;2;;2;;2;;2;;17;12;17;229.22790529
6058856;1;3;1;90;2;;1;5;2;;2;;2;;2;;2;;2;;2;;2;;17;12;17;229.22790529
6058857;1;1;1;90;2;;1;10;2;;1;7;2;;2;;2;;2;;2;;2;;17;12;17;239.01610182
6058859;1;1;1;90;2;;1;14;2;;2;;2;;2;;2;;2;;2;;2;;17;12;17;196.50261752
6058859;1;2;1;90;2;;2;;2;;2;;2;;2;;2;;2;;2;;2;;17;12;17;196.50261752
6058859;1;3;1;90;2;;2;;2;;2;;2;;2;;2;;2;;2;;2;;17;12;17;196.50261752
6058859;1;4;1;90;2;;2;;2;;2;;2;;2;;2;;2;;2;;2;;17;12;17;196.50261752
6058861;1;1;1;90;2;;1;5;2;;2;;2;;2;;2;;2;;2;;2;;17;12;17;187.51816749
6058861;1;2;1;90;2;;1;42;2;;2;;2;;2;;2;;2;;2;;2;;17;12;17;187.51816749
6058864;1;1;1;90;2;;2;;2;;2;;2;;2;;2;;2;;2;;2;;17;12;17;241.52371078
6058864;1;2;1;90;2;;1;30;2;;2;;2;;2;;2;;2;;2;;2;;17;12;17;241.52371078
6058864;1;3;1;90;2;;2;;2;;2;;2;;2;;2;;2;;2;;2;;17;12;17;241.52371078
6058864;1;4;1;90;2;;2;;2;;2;;2;;2;;2;;2;;2;;2;;17;12;17;241.52371078
6058866;1;1;1;90;2;;1;40;2;;2;;2;;2;;2;;2;;2;;2;;17;12;17;169.07740089
6058866;1;2;1;90;2;;1;36;2;;2;;2;;2;;2;;2;;2;;2;;17;12;17;169.07740089
6058866;1;3;1;90;2;;1;10;2;;2;;2;;2;;2;;2;;2;;2;;17;12;17;169.07740089
6058866;1;4;1;90;2;;1;5;2;;2;;2;;2;;2;;2;;2;;2;;17;12;17;169.07740089
6058866;1;5;1;90;2;;1;5;2;;2;;2;;2;;2;;2;;2;;2;;17;12;17;169.07740089
6058869;1;1;1;90;2;;1;10;2;;2;;2;;2;;2;;2;;2;;2;;17;12;17;202.75480947
6058871;1;1;1;90;2;;2;;2;;2;;2;;2;;2;;2;;2;;2;;17;12;17;210.30813664
6058871;1;2;1;90;2;;1;25;2;;2;;2;;2;;2;;2;;2;;2;;17;12;17;210.30813664
6058871;1;3;1;90;2;;2;;2;;2;;2;;2;;2;;2;;2;;2;;17;12;17;210.30813664
6058873;1;1;1;90;2;;1;2;2;;2;;2;;2;;2;;2;;2;;2;;17;12;17;188.57458546
6058873;1;2;1;90;2;;1;30;2;;2;;2;;2;;2;;2;;2;;2;;17;12;17;188.57458546
6058874;1;1;1;90;2;;1;18;2;;2;;2;;2;;2;;2;;2;;2;;17;12;17;221.29987323
6058875;1;1;1;90;2;;1;10;2;;2;;2;;2;;2;;2;;2;;2;;17;12;17;208.42665181
6058875;1;2;1;90;2;;2;;2;;2;;2;;2;;2;;2;;2;;2;;17;12;17;208.42665181
6058875;1;3;1;90;2;;1;32;2;;2;;2;;2;;2;;2;;2;;2;;17;12;17;208.42665181
6058876;1;1;1;90;2;;2;;2;;2;;2;;2;;2;;2;;2;;2;;17;12;17;181.03462442
6058876;1;2;1;90;2;;1;40;2;;2;;2;;2;;2;;2;;2;;2;;17;12;17;181.03462442
6058876;1;3;1;90;2;;2;;2;;2;;2;;2;;2;;2;;2;;2;;17;12;17;181.03462442
6058876;1;4;1;90;2;;2;;2;;2;;2;;2;;2;;2;;2;;2;;17;12;17;181.03462442
6058876;1;5;1;90;2;;2;;2;;2;;2;;2;;2;;2;;2;;2;;17;12;17;181.03462442
6058877;1;1;1;90;2;;2;;2;;2;;2;;2;;2;;2;;2;;2;;17;12;17;141.54495342
6058877;1;2;1;90;2;;1;48;2;;2;;2;;2;;2;;2;;2;;2;;17;12;17;141.54495342
6058877;1;3;1;90;2;;1;42;2;;1;6;2;;2;;2;;2;;2;;2;;17;12;17;141.54495342
6058877;1;4;1;90;2;;1;5;2;;2;;2;;2;;2;;2;;2;;2;;17;12;17;141.54495342
6058877;1;5;1;90;2;;2;;2;;2;;2;;2;;2;;2;;2;;2;;17;12;17;141.54495342
6058880;1;1;1;90;2;;2;;2;;2;;2;;2;;2;;2;;2;;2;;17;12;17;255.3292299
6058880;1;2;1;90;2;;2;;2;;2;;2;;2;;2;;2;;2;;2;;17;12;17;255.3292299
6058880;1;3;1;90;2;;2;;2;;2;;2;;2;;2;;2;;2;;2;;17;12;17;255.3292299
6058882;1;1;1;90;2;;1;48;2;;1;48;2;;2;;2;;2;;2;;2;;17;12;17;264.43277966
6058882;1;2;1;90;2;;1;2;2;;2;;2;;2;;2;;2;;2;;2;;17;12;17;264.43277966
6058882;1;3;1;90;2;;1;10;2;;2;;2;;2;;2;;2;;2;;2;;17;12;17;264.43277966
6058883;1;1;1;90;2;;1;4;2;;2;;2;;2;;2;;2;;2;;2;;17;12;17;181.95062231
6058883;1;2;1;90;2;;1;50;2;;2;;2;;2;;2;;2;;2;;2;;17;12;17;181.95062231
6058883;1;3;1;90;2;;2;;2;;2;;2;;2;;2;;2;;2;;2;;17;12;17;181.95062231
6058884;1;1;1;90;2;;2;;2;;2;;2;;2;;2;;2;;2;;2;;17;12;17;188.57458546
6058884;1;2;1;90;2;;1;40;2;;2;;2;;2;;2;;2;;2;;2;;17;12;17;188.57458546
6058885;1;1;1;90;2;;2;;2;;2;;2;;2;;2;;2;;2;;2;;17;12;17;249.65738756
6058887;1;1;1;90;2;;1;7;2;;2;;2;;2;;2;;2;;2;;2;;17;12;17;219.4116864
6058887;1;2;1;90;2;;2;;2;;2;;2;;2;;2;;2;;2;;2;;17;12;17;219.4116864
6058887;1;3;1;90;2;;1;30;2;;1;18;2;;2;;2;;2;;2;;2;;17;12;17;219.4116864
6058888;1;1;1;90;2;;2;;2;;2;;2;;2;;2;;2;;2;;2;;17;12;17;229.22790529
6058888;1;2;1;90;2;;1;30;2;;1;4;2;;2;;2;;2;;2;;2;;17;12;17;229.22790529
6058888;1;3;1;90;2;;1;10;2;;2;;2;;2;;2;;2;;2;;2;;17;12;17;229.22790529
6058889;1;1;1;90;2;;1;7;2;;2;;2;;2;;2;;2;;2;;2;;17;12;17;242.34877764
6058889;1;2;1;90;2;;2;;2;;2;;2;;2;;2;;2;;2;;2;;17;12;17;242.34877764
6058889;1;3;1;90;2;;2;;2;;2;;2;;2;;2;;2;;2;;2;;17;12;17;242.34877764
6058889;1;4;1;90;2;;1;30;2;;2;;2;;2;;2;;2;;2;;2;;17;12;17;242.34877764
6058890;1;1;1;90;2;;1;10;2;;2;;2;;2;;2;;2;;2;;2;;17;12;17;187.51816749
6058890;1;2;1;90;2;;1;40;2;;2;;2;;2;;2;;2;;2;;2;;17;12;17;187.51816749
6058892;1;1;1;90;2;;1;38;2;;2;;2;;2;;2;;2;;2;;2;;17;12;17;196.13084631
6058892;1;2;1;90;2;;2;;2;;2;;2;;2;;2;;2;;2;;2;;17;12;17;196.13084631
6058893;1;1;1;90;2;;1;10;2;;2;;2;;2;;2;;2;;2;;2;;17;12;17;249.65738756
6058894;1;1;1;90;2;;1;30;2;;2;;2;;2;;2;;2;;2;;2;;17;12;17;210.30813664
6058894;1;2;1;90;2;;2;;2;;2;;2;;2;;2;;2;;2;;2;;17;12;17;210.30813664
6058894;1;3;1;90;2;;2;;2;;2;;2;;2;;2;;2;;2;;2;;17;12;17;210.30813664
6058895;1;1;1;90;2;;1;30;2;;2;;2;;2;;2;;2;;2;;2;;17;12;17;229.22790529
6058895;1;2;1;90;2;;1;20;2;;2;;2;;2;;2;;2;;2;;2;;17;12;17;229.22790529
6058895;1;3;1;90;2;;1;10;2;;2;;2;;2;;2;;2;;2;;2;;17;12;17;229.22790529
6058896;1;1;1;90;2;;1;10;2;;2;;2;;2;;2;;2;;2;;2;;17;12;17;216.93209979
6058896;1;2;1;90;2;;1;25;2;;2;;2;;2;;2;;2;;2;;2;;17;12;17;216.93209979
6058897;1;1;1;90;2;;1;20;2;;2;;2;;2;;2;;2;;2;;2;;17;12;17;239.01610182
6058898;1;1;1;90;2;;2;;2;;2;;2;;2;;2;;2;;2;;2;;17;12;17;221.29987323
6058899;1;1;1;90;2;;1;30;2;;2;;2;;2;;2;;2;;2;;2;;17;12;17;202.75480947
6058901;1;1;1;90;2;;1;10;2;;2;;2;;2;;2;;2;;2;;2;;17;12;17;240.46729281
6058901;1;2;1;90;2;;1;40;2;;2;;2;;2;;2;;2;;2;;2;;17;12;17;240.46729281
6058901;1;3;1;90;2;;1;15;2;;2;;2;;2;;2;;2;;2;;2;;17;12;17;240.46729281
6058901;1;4;1;90;2;;1;10;2;;2;;2;;2;;2;;2;;2;;2;;17;12;17;240.46729281
6058902;1;1;1;90;2;;1;10;2;;2;;2;;2;;2;;2;;2;;2;;17;12;17;282.49427191
6058902;1;2;1;90;2;;1;10;2;;2;;2;;2;;2;;2;;2;;2;;17;12;17;282.49427191
6058902;1;3;1;90;2;;1;40;2;;1;10;2;;2;;2;;2;;2;;2;;17;12;17;282.49427191
6058902;1;4;1;90;2;;1;8;2;;2;;2;;2;;2;;2;;2;;2;;17;12;17;282.49427191
6058902;1;5;1;90;2;;1;10;2;;1;20;2;;2;;2;;2;;2;;2;;17;12;17;282.49427191
6058905;1;1;1;90;2;;1;30;2;;2;;2;;2;;2;;2;;2;;2;;17;12;17;170.0295217
6058905;1;2;1;90;2;;2;;2;;2;;2;;2;;2;;2;;2;;2;;17;12;17;170.0295217
6058906;1;1;1;90;2;;1;14;2;;2;;2;;2;;2;;2;;2;;2;;17;12;17;193.19000983
6058906;1;2;1;90;2;;1;49;2;;2;;2;;2;;2;;2;;2;;2;;17;12;17;193.19000983
6058906;1;3;1;90;2;;1;5;2;;2;;2;;2;;2;;2;;2;;2;;17;12;17;193.19000983
6058906;1;4;1;90;2;;1;3;2;;2;;2;;2;;2;;2;;2;;2;;17;12;17;193.19000983
6058907;1;1;1;90;2;;1;8;2;;2;;2;;2;;2;;2;;2;;2;;17;12;17;357.61394424
6058907;1;2;1;90;2;;1;30;2;;2;;2;;2;;2;;2;;2;;2;;17;12;17;357.61394424
6058907;1;3;1;90;2;;1;3;2;;2;;2;;2;;2;;2;;2;;2;;17;12;17;357.61394424
6058908;1;1;1;90;2;;2;;2;;2;;2;;2;;2;;2;;2;;2;;17;12;17;184.43020892
6058908;1;2;1;90;2;;1;30;2;;2;;2;;2;;2;;2;;2;;2;;17;12;17;184.43020892
6058908;1;3;1;90;2;;1;7;2;;1;14;2;;2;;2;;2;;2;;2;;17;12;17;184.43020892
6058908;1;5;1;90;2;;2;;2;;2;;2;;2;;2;;2;;2;;2;;17;12;17;184.43020892
6058909;1;1;1;90;2;;1;10;2;;2;;2;;2;;2;;2;;2;;2;;17;12;17;203.11862645
6058909;1;2;1;90;2;;1;7;2;;2;;2;;2;;2;;2;;2;;2;;17;12;17;203.11862645
6058909;1;3;1;90;2;;2;;2;;2;;2;;2;;2;;2;;2;;2;;17;12;17;203.11862645
6058909;1;4;1;90;2;;1;30;2;;1;17;2;;2;;2;;2;;2;;2;;17;12;17;203.11862645
6058910;1;1;1;90;2;;1;7;2;;1;40;2;;2;;2;;2;;2;;2;;17;12;17;236.90033219
6058910;1;2;1;90;2;;2;;2;;2;;2;;2;;2;;2;;2;;2;;17;12;17;236.90033219
6058910;1;4;1;90;2;;2;;2;;2;;2;;2;;2;;2;;2;;2;;17;12;17;236.90033219
6058911;1;1;1;90;2;;1;30;2;;2;;2;;2;;2;;2;;2;;2;;17;12;17;317.3353293
6058911;1;2;1;90;2;;1;30;2;;2;;2;;2;;2;;2;;2;;2;;17;12;17;317.3353293
6058912;1;1;1;90;2;;1;30;2;;2;;2;;2;;2;;2;;2;;2;;17;12;17;209.25171866
6058912;1;2;1;90;2;;2;;2;;2;;2;;2;;2;;2;;2;;2;;17;12;17;209.25171866
6058912;1;3;1;90;2;;2;;2;;2;;2;;2;;2;;2;;2;;2;;17;12;17;209.25171866
6058913;1;1;1;90;2;;1;7;2;;2;;2;;2;;2;;2;;2;;2;;17;12;17;190.56330113
6058913;1;2;1;90;2;;2;;2;;2;;2;;2;;2;;2;;2;;2;;17;12;17;190.56330113
6058913;1;3;1;90;2;;2;;2;;2;;2;;2;;2;;2;;2;;2;;17;12;17;190.56330113
6058914;1;1;1;90;2;;1;30;2;;2;;2;;2;;2;;2;;2;;2;;17;12;17;182.09397607
6058914;1;2;1;90;2;;2;;2;;2;;2;;2;;2;;2;;2;;2;;17;12;17;182.09397607
6058914;1;3;1;90;2;;1;7;2;;2;;2;;2;;2;;2;;2;;2;;17;12;17;182.09397607
6058915;1;1;1;90;2;;2;;2;;2;;2;;2;;2;;2;;2;;2;;17;12;17;399.44278177
6058915;1;2;1;90;2;;1;40;2;;1;20;2;;2;;2;;2;;2;;2;;17;12;17;399.44278177
6058916;1;1;1;90;2;;2;;2;;2;;2;;2;;2;;2;;2;;2;;17;12;17;180.89420434
6058916;1;2;1;90;2;;1;30;2;;2;;2;;2;;2;;2;;2;;2;;17;12;17;180.89420434
6058916;1;3;1;90;2;;1;4;2;;2;;2;;2;;2;;2;;2;;2;;17;12;17;180.89420434
6058917;1;1;1;90;2;;1;40;2;;2;;2;;2;;2;;2;;2;;2;;17;12;17;151.62069212
6058917;1;2;1;90;2;;2;;2;;2;;2;;2;;2;;2;;2;;2;;17;12;17;151.62069212
6058917;1;3;1;90;2;;1;30;2;;2;;2;;2;;2;;2;;2;;2;;17;12;17;151.62069212
6058917;1;4;1;90;2;;2;;2;;2;;2;;2;;2;;2;;2;;2;;17;12;17;151.62069212
6058917;1;5;1;90;2;;2;;2;;2;;2;;2;;2;;2;;2;;2;;17;12;17;151.62069212
6058918;1;1;1;90;2;;1;10;2;;2;;2;;2;;2;;2;;2;;2;;17;12;17;221.29987323
6058919;1;1;1;90;2;;1;5;2;;2;;2;;2;;2;;2;;2;;2;;17;12;17;229.22790529
6058919;1;2;1;90;2;;1;35;2;;2;;2;;2;;2;;2;;2;;2;;17;12;17;229.22790529
6058919;1;3;1;90;2;;1;5;2;;2;;2;;2;;2;;2;;2;;2;;17;12;17;229.22790529
6058920;1;1;1;90;2;;2;;2;;2;;2;;2;;2;;2;;2;;2;;17;12;17;154.79287972
6058920;1;2;1;90;2;;1;30;2;;2;;2;;2;;2;;2;;2;;2;;17;12;17;154.79287972
6058920;1;3;1;90;2;;1;5;2;;2;;2;;2;;2;;2;;2;;2;;17;12;17;154.79287972
6058921;1;1;1;90;2;;1;20;2;;2;;2;;2;;2;;2;;2;;2;;17;12;17;135.19139798
6058921;1;2;1;90;2;;1;30;2;;2;;2;;2;;2;;2;;2;;2;;17;12;17;135.19139798
6058921;1;3;1;90;2;;2;;2;;2;;2;;2;;2;;2;;2;;2;;17;12;17;135.19139798
6058922;1;1;1;90;2;;1;3;2;;2;;2;;2;;2;;2;;2;;2;;17;12;17;187.51816749
6058922;1;2;1;90;2;;1;35;2;;2;;2;;2;;2;;2;;2;;2;;17;12;17;187.51816749
6058923;1;1;1;90;2;;2;;2;;2;;2;;2;;2;;2;;2;;2;;17;12;17;119.95475601
6058923;1;2;1;90;2;;2;;2;;2;;2;;2;;2;;2;;2;;2;;17;12;17;119.95475601
6058923;1;3;1;90;2;;1;10;2;;2;;2;;2;;2;;2;;2;;2;;17;12;17;119.95475601
6058923;1;4;1;90;2;;1;5;2;;2;;2;;2;;2;;2;;2;;2;;17;12;17;119.95475601
6058924;1;1;1;90;2;;2;;2;;2;;2;;2;;2;;2;;2;;2;;17;12;17;169.90246774
6058924;1;2;1;90;2;;1;10;2;;2;;2;;2;;2;;2;;2;;2;;17;12;17;169.90246774
6058924;1;3;1;90;2;;1;30;2;;2;;2;;2;;2;;2;;2;;2;;17;12;17;169.90246774
6058924;1;4;1;90;2;;1;4;2;;2;;2;;2;;2;;2;;2;;2;;17;12;17;169.90246774
6058924;1;5;1;90;2;;2;;2;;2;;2;;2;;2;;2;;2;;2;;17;12;17;169.90246774
6058925;1;1;1;90;2;;1;14;2;;2;;2;;2;;2;;2;;2;;2;;17;12;17;223.77945984
6058925;1;2;1;90;2;;1;15;2;;2;;2;;2;;2;;2;;2;;2;;17;12;17;223.77945984
6058926;1;1;1;90;2;;1;2;2;;2;;2;;2;;2;;2;;2;;2;;17;12;17;189.9977541
6058926;1;2;1;90;2;;1;30;2;;2;;2;;2;;2;;2;;2;;2;;17;12;17;189.9977541
6058926;1;3;1;90;2;;1;5;2;;2;;2;;2;;2;;2;;2;;2;;17;12;17;189.9977541
6058928;1;1;1;90;2;;1;14;2;;2;;2;;2;;2;;2;;2;;2;;17;12;17;187.51816749
6058928;1;2;1;90;2;;1;30;2;;2;;2;;2;;2;;2;;2;;2;;17;12;17;187.51816749
6058929;1;1;1;90;2;;1;30;2;;2;;2;;2;;2;;2;;2;;2;;17;12;17;183.15039405
6058929;1;2;1;90;2;;2;;2;;2;;2;;2;;2;;2;;2;;2;;17;12;17;183.15039405
6058929;1;3;1;90;2;;1;10;2;;2;;2;;2;;2;;2;;2;;2;;17;12;17;183.15039405
6058930;1;1;1;90;2;;1;40;2;;1;30;2;;2;;2;;2;;2;;2;;17;12;17;197.18726429
6058930;1;2;1;90;2;;1;20;2;;2;;2;;2;;2;;2;;2;;2;;17;12;17;197.18726429
6058931;1;1;1;90;2;;1;10;2;;2;;2;;2;;2;;2;;2;;2;;17;12;17;276.72858516
6058931;1;2;1;90;2;;1;20;2;;1;10;2;;2;;2;;2;;2;;2;;17;12;17;276.72858516
6058931;1;3;1;90;2;;1;20;2;;2;;2;;2;;2;;2;;2;;2;;17;12;17;276.72858516
6058931;1;4;1;90;2;;1;20;2;;2;;2;;2;;2;;2;;2;;2;;17;12;17;276.72858516
6058932;1;1;1;90;2;;1;20;2;;2;;2;;2;;2;;2;;2;;2;;17;12;17;240.43927045
6058932;1;2;1;90;2;;1;35;2;;2;;2;;2;;2;;2;;2;;2;;17;12;17;240.43927045
6058933;1;1;1;90;2;;1;3;2;;2;;2;;2;;2;;2;;2;;2;;17;12;17;424.03439276
6058933;1;2;1;90;2;;1;30;2;;2;;2;;2;;2;;2;;2;;2;;17;12;17;424.03439276
6058933;1;5;1;90;2;;1;15;2;;2;;2;;2;;2;;2;;2;;2;;17;12;17;424.03439276
6058933;1;6;1;90;2;;1;30;2;;2;;2;;2;;2;;2;;2;;2;;17;12;17;424.03439276
6058934;1;1;1;90;2;;1;35;2;;2;;2;;2;;2;;2;;2;;2;;17;12;17;168.97310372
6058934;1;2;1;90;2;;1;35;2;;2;;2;;2;;2;;2;;2;;2;;17;12;17;168.97310372
6058936;1;1;1;90;2;;1;40;2;;2;;2;;2;;2;;2;;2;;2;;17;12;17;154.79287972
6058936;1;2;1;90;2;;2;;2;;2;;2;;2;;2;;2;;2;;2;;17;12;17;154.79287972
6058936;1;3;1;90;2;;1;35;2;;2;;2;;2;;2;;2;;2;;2;;17;12;17;154.79287972
6058937;1;1;1;90;2;;1;10;2;;2;;2;;2;;2;;2;;2;;2;;17;12;17;210.30813664
6058937;1;2;1;90;2;;1;20;2;;1;10;2;;2;;2;;2;;2;;2;;17;12;17;210.30813664
6058937;1;3;1;90;2;;1;10;2;;2;;2;;2;;2;;2;;2;;2;;17;12;17;210.30813664
6058938;1;1;1;90;2;;1;20;2;;2;;2;;2;;2;;2;;2;;2;;17;12;17;240.91765478
6058938;1;2;1;90;2;;1;40;2;;2;;2;;2;;2;;2;;2;;2;;17;12;17;240.91765478
6058938;1;3;1;90;2;;1;10;2;;2;;2;;2;;2;;2;;2;;2;;17;12;17;240.91765478
6058938;1;4;1;90;2;;1;20;2;;2;;2;;2;;2;;2;;2;;2;;17;12;17;240.91765478
6059049;1;1;1;90;2;;1;30;2;;2;;1;30;2;;2;;2;;2;;2;;50;12;50;198.6749069
6059049;1;2;1;90;2;;2;;2;;2;;2;;2;;2;;2;;2;;2;;50;12;50;198.6749069
6059051;1;1;1;90;2;;1;27;2;;2;;2;;2;;2;;2;;2;;2;;50;12;50;175.52344364
6059051;1;2;1;90;2;;1;24;2;;2;;2;;2;;2;;2;;2;;2;;50;12;50;175.52344364
6059053;1;1;1;90;2;;1;6;2;;2;;2;;2;;2;;2;;2;;2;;50;12;50;305.49508256
6059054;1;1;1;90;2;;1;24;2;;1;40;2;;2;;2;;2;;2;;2;;50;12;50;294.5495412
6059054;1;2;1;90;2;;2;;2;;2;;2;;2;;2;;2;;2;;2;;50;12;50;294.5495412
6059055;1;1;1;90;2;;2;;1;18;1;15;2;;2;;2;;2;;2;;2;;50;12;50;331.95099512
6059056;1;1;1;90;2;;1;35;2;;1;10;2;;2;;2;;2;;2;;2;;50;12;50;308.31174648
6059056;1;2;1;90;2;;1;10;2;;1;4;2;;2;;2;;2;;2;;2;;50;12;50;308.31174648
6059057;1;1;1;90;2;;1;10;2;;2;;2;;2;;2;;2;;2;;2;;50;12;50;249.63442099
6059057;1;2;1;90;2;;1;28;2;;2;;2;;2;;2;;2;;2;;2;;50;12;50;249.63442099
6059057;1;3;1;90;2;;1;4;2;;1;13;2;;2;;2;;2;;2;;2;;50;12;50;249.63442099
6059057;1;5;1;90;2;;2;;2;;2;;2;;2;;2;;2;;2;;2;;50;12;50;249.63442099
6059057;1;6;1;90;2;;1;22;2;;1;4;2;;2;;2;;2;;2;;2;;50;12;50;249.63442099
6059058;1;1;1;90;2;;1;2;2;;2;;2;;2;;2;;2;;2;;2;;50;12;50;375.89092442
6059058;1;2;1;90;2;;1;2;2;;2;;2;;2;;2;;2;;2;;2;;50;12;50;375.89092442
6059058;1;3;1;90;2;;1;2;2;;2;;2;;2;;2;;2;;2;;2;;50;12;50;375.89092442
6059058;1;4;1;90;2;;1;2;2;;2;;2;;2;;2;;2;;2;;2;;50;12;50;375.89092442
6059059;1;1;1;90;2;;1;30;2;;2;;2;;2;;2;;2;;2;;2;;50;12;50;237.17313005
6059059;1;2;1;90;2;;1;5;2;;2;;2;;2;;2;;2;;2;;2;;50;12;50;237.17313005
6059060;1;1;1;90;2;;1;10;2;;2;;2;;2;;2;;2;;2;;2;;50;12;50;385.94211591
6059060;1;2;1;90;2;;1;21;2;;1;5;2;;2;;2;;2;;2;;2;;50;12;50;385.94211591
6059060;1;3;1;90;2;;2;;2;;2;;2;;2;;2;;2;;2;;2;;50;12;50;385.94211591
6059060;1;4;1;90;2;;1;7;2;;1;14;2;;2;;2;;2;;2;;2;;50;12;50;385.94211591
6059060;1;5;1;90;2;;1;3;2;;1;9;2;;2;;2;;2;;2;;2;;50;12;50;385.94211591
6059061;1;1;1;90;2;;1;12;2;;2;;2;;2;;2;;2;;2;;2;;50;12;50;453.76012529
6059061;1;2;1;90;2;;1;35;2;;2;;2;;2;;2;;2;;2;;2;;50;12;50;453.76012529
6059061;1;3;1;90;2;;1;30;2;;2;;2;;2;;2;;2;;2;;2;;50;12;50;453.76012529
6059061;1;4;1;90;2;;1;19;2;;2;;2;;2;;2;;2;;2;;2;;50;12;50;453.76012529
6059062;1;1;1;90;2;;2;;2;;2;;2;;2;;2;;2;;2;;2;;50;12;50;292.7164125
6059062;1;2;1;90;2;;1;28;2;;2;;2;;2;;2;;2;;2;;2;;50;12;50;292.7164125
6059062;1;3;1;90;2;;2;;2;;2;;2;;2;;2;;2;;2;;2;;50;12;50;292.7164125
6059062;1;4;1;90;2;;2;;2;;2;;2;;2;;2;;2;;2;;2;;50;12;50;292.7164125
6059063;1;1;1;90;2;;1;35;2;;1;10;2;;2;;2;;2;;2;;2;;50;12;50;390.54747955
6059063;1;2;1;90;2;;1;10;2;;1;10;2;;2;;2;;2;;2;;2;;50;12;50;390.54747955
6059064;1;1;1;90;2;;1;40;2;;2;;1;20;2;;2;;2;;2;;2;;50;12;50;184.01835177
6059064;1;2;1;90;2;;1;10;2;;2;;1;5;2;;2;;2;;2;;2;;50;12;50;184.01835177
6059064;1;3;1;90;2;;2;;2;;2;;2;;2;;2;;2;;2;;2;;50;12;50;184.01835177
6059064;1;4;1;90;2;;2;;2;;2;;2;;2;;2;;2;;2;;2;;50;12;50;184.01835177
6059065;1;1;1;90;2;;1;35;2;;1;10;2;;2;;2;;2;;2;;2;;50;12;50;366.73820448
6059065;1;2;1;90;2;;1;5;2;;2;;2;;2;;2;;2;;2;;2;;50;12;50;366.73820448
6059066;1;1;1;90;2;;1;18;2;;2;;2;;2;;2;;2;;2;;2;;50;12;50;405.87264416
6059066;1;2;1;90;2;;2;;2;;2;;2;;2;;2;;2;;2;;2;;50;12;50;405.87264416
6059066;1;3;1;90;2;;2;;2;;2;;2;;2;;2;;2;;2;;2;;50;12;50;405.87264416
6059066;1;4;1;90;2;;1;12;2;;2;;2;;2;;2;;2;;2;;2;;50;12;50;405.87264416
6059067;1;1;1;90;2;;1;2;2;;2;;2;;2;;2;;2;;2;;2;;50;12;50;305.49508256
6059068;1;1;1;90;2;;1;9;2;;2;;2;;2;;2;;2;;2;;2;;50;12;50;357.75551097
6059069;1;1;1;90;2;;1;35;2;;2;;2;;2;;2;;2;;2;;2;;50;12;50;149.57951327
6059069;1;2;1;90;2;;1;35;2;;2;;2;;2;;2;;2;;2;;2;;50;12;50;149.57951327
6059070;1;1;1;90;2;;1;20;2;;2;;2;;2;;2;;2;;2;;2;;50;12;50;263.20088286
6059070;1;2;1;90;2;;1;3;2;;2;;2;;2;;2;;2;;2;;2;;50;12;50;263.20088286
6059070;1;3;1;90;2;;1;30;2;;1;24;2;;2;;2;;2;;2;;2;;50;12;50;263.20088286
6059070;1;5;1;90;2;;1;35;2;;2;;2;;2;;2;;2;;2;;2;;50;12;50;263.20088286
6059070;1;6;1;90;2;;1;18;2;;2;;2;;2;;2;;2;;2;;2;;50;12;50;263.20088286
6059074;1;1;1;90;2;;1;40;2;;2;;2;;2;;2;;2;;2;;2;;50;12;50;240.45598408
6059074;1;2;1;90;2;;1;5;2;;2;;2;;2;;2;;2;;2;;2;;50;12;50;240.45598408
6059074;1;3;1;90;2;;1;10;2;;2;;2;;2;;2;;2;;2;;2;;50;12;50;240.45598408
6059074;1;4;1;90;2;;2;;2;;2;;2;;2;;2;;2;;2;;2;;50;12;50;240.45598408
6059076;1;1;1;90;2;;1;14;2;;1;30;2;;2;;2;;2;;2;;2;;50;12;50;259.76233184
6059078;1;1;1;90;2;;1;12;2;;2;;2;;2;;2;;2;;2;;2;;50;12;50;416.3519954
6059078;1;2;1;90;2;;1;7;2;;2;;2;;2;;2;;2;;2;;2;;50;12;50;416.3519954
6059080;1;1;1;90;2;;1;13;2;;2;;2;;2;;2;;2;;2;;2;;50;12;50;192.33885089
6059081;1;1;1;90;2;;1;8;2;;2;;2;;2;;2;;2;;2;;2;;50;12;50;374.13863677
6059081;1;2;1;90;2;;1;20;2;;1;15;2;;2;;2;;2;;2;;2;;50;12;50;374.13863677
6059082;1;1;1;90;2;;2;;2;;2;;2;;2;;2;;2;;2;;2;;50;12;50;282.34361929
6059083;1;1;1;90;2;;1;7;2;;2;;2;;2;;2;;2;;2;;2;;50;12;50;282.34361929
6059084;1;1;1;90;2;;1;28;2;;2;;2;;2;;2;;2;;2;;2;;50;12;50;149.57951327
6059084;1;2;1;90;2;;1;7;2;;2;;2;;2;;2;;2;;2;;2;;50;12;50;149.57951327
6059085;1;1;1;90;2;;1;6;2;;2;;2;;2;;2;;2;;2;;2;;50;12;50;185.57051343
6059085;1;2;1;90;2;;1;30;2;;1;12;2;;2;;2;;2;;2;;2;;50;12;50;185.57051343
6059087;1;1;1;90;2;;1;35;2;;2;;2;;2;;2;;2;;2;;2;;50;12;50;198.6749069
6059087;1;2;1;90;2;;1;10;2;;2;;2;;2;;2;;2;;2;;2;;50;12;50;198.6749069
6059088;1;1;1;90;2;;1;8;2;;2;;2;;2;;2;;2;;2;;2;;50;12;50;237.17313005
6059088;1;2;1;90;2;;1;25;2;;2;;2;;2;;2;;2;;2;;2;;50;12;50;237.17313005
6059089;1;1;1;90;2;;1;6;2;;2;;2;;2;;2;;2;;2;;2;;50;12;50;343.9933057
6059090;1;1;1;90;2;;1;10;2;;1;10;2;;2;;2;;2;;2;;2;;50;12;50;331.08236224
6059090;1;2;1;90;2;;1;10;2;;1;10;2;;2;;2;;2;;2;;2;;50;12;50;331.08236224
6059091;1;1;1;90;2;;1;6;2;;2;;2;;2;;2;;2;;2;;2;;50;12;50;357.75551097
6059092;1;1;1;90;2;;1;8;2;;2;;2;;2;;2;;2;;2;;2;;50;12;50;282.34361929
6059093;1;1;1;90;2;;1;8;2;;2;;2;;2;;2;;2;;2;;2;;50;12;50;357.75551097
6059094;1;1;1;90;2;;2;;2;;2;;2;;2;;2;;2;;2;;2;;50;12;50;315.86787576
6059094;1;2;1;90;2;;1;5;2;;2;;2;;2;;2;;2;;2;;2;;50;12;50;315.86787576
6059094;1;3;1;90;2;;1;18;2;;2;;1;25;2;;2;;2;;2;;2;;50;12;50;315.86787576
6059094;1;4;1;90;2;;2;;2;;2;;2;;2;;2;;2;;2;;2;;50;12;50;315.86787576
6059096;1;1;1;90;2;;2;;2;;2;;2;;2;;2;;2;;2;;2;;50;12;50;198.6749069
6059096;1;2;1;90;2;;1;35;2;;2;;2;;2;;2;;2;;2;;2;;50;12;50;198.6749069
6059097;1;1;1;90;2;;1;24;2;;1;18;2;;2;;2;;2;;2;;2;;50;12;50;149.57951327
6059097;1;2;1;90;2;;1;28;2;;1;12;2;;2;;2;;2;;2;;2;;50;12;50;149.57951327
6059097;1;3;1;90;2;;1;12;2;;2;;2;;2;;2;;2;;2;;2;;50;12;50;149.57951327
6059097;1;5;1;90;2;;2;;2;;2;;2;;2;;2;;2;;2;;2;;50;12;50;149.57951327
6059097;1;6;1;90;2;;1;6;2;;2;;2;;2;;2;;2;;2;;2;;50;12;50;149.57951327
6059098;1;1;1;90;2;;1;12;2;;1;16;2;;2;;2;;2;;2;;2;;52;12;52;328.77917371
6059098;1;2;1;90;2;;1;10;2;;1;20;2;;2;;2;;2;;2;;2;;52;12;52;328.77917371
6059099;1;1;1;90;2;;1;21;2;;2;;2;;2;;2;;2;;2;;2;;52;12;52;192.92310248
6059099;1;2;1;90;2;;1;14;2;;2;;2;;2;;2;;2;;2;;2;;52;12;52;192.92310248
6059099;1;3;1;90;2;;1;10;2;;2;;2;;2;;2;;2;;2;;2;;52;12;52;192.92310248
6059100;1;1;1;90;2;;1;25;2;;2;;2;;2;;2;;2;;2;;2;;52;12;52;129.75692727
6059100;1;2;1;90;2;;1;10;2;;2;;2;;2;;2;;2;;2;;2;;52;12;52;129.75692727
6059101;1;1;1;90;2;;1;7;2;;2;;2;;2;;2;;2;;2;;2;;52;12;52;262.67344719
6059101;1;2;1;90;2;;1;7;2;;2;;2;;2;;2;;2;;2;;2;;52;12;52;262.67344719
6059102;1;1;1;90;2;;1;42;2;;2;;2;;2;;2;;2;;2;;2;;52;12;52;129.75692727
6059102;1;2;1;90;2;;1;7;2;;2;;2;;2;;2;;2;;2;;2;;52;12;52;129.75692727
6059102;1;3;1;90;2;;1;28;2;;2;;2;;2;;2;;2;;2;;2;;52;12;52;129.75692727
6059103;1;1;1;90;2;;1;21;2;;2;;2;;2;;2;;2;;2;;2;;52;12;52;262.80725176
6059104;1;1;1;90;2;;1;4;2;;2;;2;;2;;1;6;2;;2;;2;;52;12;52;207.43179424
6059105;1;1;1;90;2;;2;;2;;2;;2;;2;;2;;2;;2;;2;;52;12;52;189.62970525
6059105;1;2;1;90;2;;1;35;2;;2;;2;;2;;2;;2;;2;;2;;52;12;52;189.62970525
6059106;1;1;1;90;2;;1;12;2;;2;;2;;2;;2;;2;;2;;2;;52;12;52;207.43179424
6059107;1;1;1;90;2;;1;35;2;;2;;2;;2;;2;;2;;2;;2;;52;12;52;189.62970525
6059107;1;2;1;90;2;;1;2;2;;2;;2;;2;;2;;2;;2;;2;;52;12;52;189.62970525
6059108;1;1;1;90;2;;1;4;2;;2;;2;;2;;2;;2;;2;;2;;52;12;52;192.92310248
6059108;1;2;1;90;2;;1;20;2;;2;;2;;2;;2;;2;;2;;2;;52;12;52;192.92310248
6059108;1;3;1;90;2;;1;5;2;;2;;2;;2;;2;;2;;2;;2;;52;12;52;192.92310248
6059109;1;1;1;90;2;;2;;2;;2;;2;;2;;2;;2;;2;;2;;52;12;52;370.12856657
6059109;1;2;1;90;2;;1;42;2;;1;35;2;;2;;2;;2;;2;;2;;52;12;52;370.12856657
6059110;1;1;1;90;2;;2;;1;10;2;;2;;2;;2;;2;;2;;2;;52;12;52;157.08493783
6059111;1;1;1;90;2;;2;;2;;2;;2;;2;;2;;2;;2;;2;;52;12;52;350.72507827
6059111;1;2;1;90;2;;1;4;2;;1;15;2;;2;;2;;2;;2;;2;;52;12;52;350.72507827
6059111;1;3;1;90;2;;1;12;2;;1;20;2;;2;;2;;2;;2;;2;;52;12;52;350.72507827
6059112;1;1;1;90;2;;1;20;2;;2;;2;;2;;2;;2;;2;;2;;52;12;52;222.22177649
6059112;1;2;1;90;2;;1;6;2;;2;;2;;2;;2;;2;;2;;2;;52;12;52;222.22177649
6059112;1;3;1;90;2;;2;;2;;2;;2;;2;;2;;2;;2;;2;;52;12;52;222.22177649
6059113;1;1;1;90;2;;2;;2;;1;14;2;;2;;2;;2;;2;;2;;52;12;52;364.21757833
6059113;1;2;1;90;2;;1;40;2;;1;20;2;;2;;2;;2;;2;;2;;52;12;52;364.21757833
6059113;1;3;1;90;2;;1;7;2;;2;;2;;2;;2;;2;;2;;2;;52;12;52;364.21757833
6059114;1;1;1;90;2;;1;10;2;;2;;2;;2;;2;;2;;2;;2;;52;12;52;295.35201918
6059114;1;2;1;90;2;;1;10;2;;2;;2;;2;;2;;2;;2;;2;;52;12;52;295.35201918
6059115;1;1;1;90;2;;2;;2;;2;;2;;2;;2;;2;;2;;2;;52;12;52;243.26995888
6059115;1;2;1;90;2;;1;20;2;;2;;2;;2;;2;;2;;2;;2;;52;12;52;243.26995888
6059115;1;3;1;90;2;;2;;2;;2;;2;;2;;2;;2;;2;;2;;52;12;52;243.26995888
6059116;1;1;1;90;2;;1;10;2;;2;;1;10;2;;2;;2;;2;;2;;52;12;52;243.31726272
6059116;1;2;1;90;2;;1;20;2;;2;;2;;2;;2;;2;;2;;2;;52;12;52;243.31726272
6059116;1;3;1;90;2;;1;30;2;;2;;1;10;2;;2;;2;;2;;2;;52;12;52;243.31726272
6059117;1;1;1;90;2;;1;5;2;;1;10;2;;2;;2;;2;;2;;2;;52;12;52;197.09888683
6059117;1;2;1;90;2;;1;24;2;;1;20;2;;2;;2;;2;;2;;2;;52;12;52;197.09888683
6059117;1;3;1;90;2;;1;3;2;;1;20;2;;2;;2;;2;;2;;2;;52;12;52;197.09888683
6059118;1;1;1;90;2;;1;5;2;;2;;2;;2;;2;;2;;2;;2;;52;12;52;315.61002367
6059118;1;2;1;90;2;;1;7;2;;2;;2;;2;;2;;2;;2;;2;;52;12;52;315.61002367
6059118;1;3;1;90;2;;1;10;2;;2;;2;;2;;2;;2;;2;;2;;52;12;52;315.61002367
6059118;1;4;1;90;2;;1;18;2;;1;30;1;4;2;;2;;2;;2;;2;;52;12;52;315.61002367
6059119;1;1;1;90;2;;1;24;2;;2;;2;;2;;2;;2;;2;;2;;52;12;52;222.17447266
6059119;1;2;1;90;2;;1;2;2;;2;;2;;2;;2;;2;;2;;2;;52;12;52;222.17447266
6059119;1;3;1;90;2;;1;3;2;;2;;2;;2;;2;;2;;2;;2;;52;12;52;222.17447266
6059120;1;1;1;90;2;;1;4;2;;1;14;2;;2;;2;;2;;2;;2;;52;12;52;350.72507827
6059120;1;2;1;90;2;;1;14;2;;1;35;2;;2;;2;;2;;2;;2;;52;12;52;350.72507827
6059120;1;5;1;90;2;;1;35;2;;2;;2;;2;;2;;2;;2;;2;;52;12;52;350.72507827
6059121;1;1;1;90;2;;2;;2;;1;15;2;;2;;2;;2;;2;;2;;52;12;52;328.77917371
6059121;1;2;1;90;2;;1;35;2;;1;60;2;;2;;2;;2;;2;;2;;52;12;52;328.77917371
6059122;1;1;1;90;2;;2;;2;;2;;2;;2;;2;;2;;2;;2;;52;12;52;192.97040631
6059122;1;2;1;90;2;;1;21;2;;2;;1;25;2;;2;;2;;2;;2;;52;12;52;192.97040631
6059122;1;3;1;90;2;;1;35;2;;2;;2;;2;;2;;2;;2;;2;;52;12;52;192.97040631
6059123;1;1;1;90;2;;1;35;2;;2;;2;;2;;2;;2;;2;;2;;52;12;52;239.89006091
6059123;1;2;1;90;2;;1;7;2;;2;;2;;2;;2;;2;;2;;2;;52;12;52;239.89006091
6059123;1;3;1;90;2;;1;2;2;;2;;2;;2;;2;;2;;2;;2;;52;12;52;239.89006091
6059124;1;1;1;90;2;;1;3;2;;2;;2;;2;;2;;2;;2;;2;;52;12;52;253.03134002
6059124;1;2;1;90;2;;1;24;2;;2;;2;;2;;2;;2;;2;;1;3;52;12;52;253.03134002
6059124;1;3;1;90;2;;1;5;2;;2;;2;;2;;2;;2;;2;;2;;52;12;52;253.03134002
6059124;1;4;1;90;2;;2;;2;;2;;2;;2;;2;;2;;2;;2;;52;12;52;253.03134002
6059124;1;5;1;90;2;;1;26;1;2;2;;2;;2;;2;;2;;2;;2;;52;12;52;253.03134002
6059125;1;1;1;90;2;;1;5;2;;2;;2;;2;;2;;2;;2;;2;;52;12;52;324.60338936
6059125;1;2;1;90;2;;1;3;2;;2;;2;;2;;2;;2;;2;;2;;52;12;52;324.60338936
6059126;1;1;1;90;2;;1;24;2;;2;;2;;2;;2;;2;;2;;2;;52;12;52;272.43482832
6059126;1;2;1;90;2;;1;14;2;;2;;2;;2;;2;;2;;2;;2;;52;12;52;272.43482832
6059126;1;3;1;90;2;;1;4;2;;2;;2;;2;;2;;2;;2;;2;;52;12;52;272.43482832
6059126;1;4;1;90;2;;1;2;2;;2;;2;;2;;2;;2;;2;;2;;52;12;52;272.43482832
6059127;1;1;1;90;2;;2;;2;;2;;2;;2;;2;;2;;2;;2;;52;12;52;239.97656165
6059127;1;2;1;90;2;;1;21;2;;1;35;2;;2;;2;;2;;2;;2;;52;12;52;239.97656165
6059128;1;1;1;90;2;;2;;2;;2;;2;;2;;2;;2;;2;;2;;52;12;52;192.92310248
6059128;1;2;1;90;2;;1;25;2;;2;;1;15;2;;2;;2;;2;;2;;52;12;52;192.92310248
6059128;1;3;1;90;2;;1;3;2;;2;;1;14;2;;2;;2;;2;;2;;52;12;52;192.92310248
6059129;1;1;1;90;2;;2;;2;;2;;2;;2;;2;;2;;2;;2;;52;12;52;239.97656165
6059129;1;2;1;90;2;;1;35;2;;1;12;2;;2;;2;;2;;2;;2;;52;12;52;239.97656165
6059130;1;1;1;90;2;;1;6;2;;2;;2;;2;;2;;2;;2;;2;;52;12;52;239.97656165
6059130;1;2;1;90;2;;1;20;2;;2;;2;;2;;2;;2;;2;;2;;52;12;52;239.97656165
6059131;1;1;1;90;2;;1;25;2;;2;;2;;2;;2;;2;;2;;2;;52;12;52;254.81384774
6059131;1;2;1;90;2;;2;;2;;2;;2;;2;;2;;2;;2;;2;;52;12;52;254.81384774
6059131;1;3;1;90;2;;1;10;2;;2;;2;;2;;2;;2;;2;;2;;52;12;52;254.81384774
6059131;1;4;1;90;2;;1;3;2;;2;;2;;2;;2;;2;;2;;2;;52;12;52;254.81384774
6059132;1;1;1;90;2;;1;3;2;;2;;2;;2;;2;;2;;2;;2;;52;12;52;292.05862195
6059133;1;1;1;90;2;;1;30;2;;2;;2;;2;;2;;2;;2;;2;;52;12;52;328.69267297
6059133;1;2;1;90;2;;1;24;2;;2;;2;;2;;2;;2;;2;;2;;52;12;52;328.69267297
6059133;1;3;1;90;2;;2;;2;;2;;2;;2;;2;;2;;2;;2;;52;12;52;328.69267297
6059134;1;1;1;90;2;;1;20;2;;1;25;2;;2;;1;5;2;;2;;2;;52;12;52;296.2344063
6059135;1;1;1;90;2;;1;14;2;;2;;2;;2;;2;;2;;2;;2;;52;12;52;262.80725176
6059136;1;1;1;90;2;;1;20;2;;1;35;2;;2;;2;;2;;2;;2;;52;12;52;331.80661549
6059137;1;1;1;90;2;;1;28;2;;1;25;2;;2;;2;;2;;2;;2;;52;12;52;364.26488216
6059137;1;2;1;90;2;;2;;2;;2;;2;;2;;2;;2;;2;;2;;52;12;52;364.26488216
6059137;1;3;1;90;2;;1;14;2;;1;30;2;;2;;2;;2;;2;;2;;52;12;52;364.26488216
6059138;1;1;1;90;2;;1;40;2;;2;;2;;2;;2;;2;;2;;2;;52;12;52;187.89450136
6059138;1;2;1;90;2;;1;4;2;;2;;2;;2;;2;;2;;2;;2;;52;12;52;187.89450136
6059138;1;3;1;90;2;;1;12;2;;2;;2;;2;;2;;2;;2;;2;;52;12;52;187.89450136
6059139;1;1;1;90;2;;1;4;2;;2;;2;;2;;2;;2;;2;;2;;52;12;52;207.43179424
6059140;1;1;1;90;2;;1;42;2;;2;;2;;2;;2;;2;;2;;2;;52;12;52;157.08493783
6059141;1;1;1;90;2;;1;14;2;;2;;2;;2;;2;;2;;2;;2;;52;12;52;192.92310248
6059141;1;2;1;90;2;;1;28;2;;2;;1;24;2;;2;;2;;2;;2;;52;12;52;192.92310248
6059141;1;3;1;90;2;;2;;2;;2;;2;;2;;2;;2;;2;;2;;52;12;52;192.92310248
6059142;1;1;1;90;2;;2;;2;;1;14;2;;2;;2;;2;;2;;2;;52;12;52;328.77917371
6059142;1;2;1;90;2;;1;35;2;;1;42;2;;2;;2;;2;;2;;2;;52;12;52;328.77917371
6059143;1;1;1;90;2;;1;14;2;;1;3;2;;2;;1;15;2;;2;;2;;52;12;52;259.38004996
6059144;1;1;1;90;2;;2;;2;;2;;2;;2;;2;;2;;2;;2;;52;12;52;192.92310248
6059144;1;2;1;90;2;;1;36;2;;2;;2;;2;;2;;2;;2;;2;;52;12;52;192.92310248
6059144;1;3;1;90;2;;1;6;2;;2;;2;;2;;2;;2;;2;;2;;52;12;52;192.92310248
6059145;1;1;1;90;2;;1;21;2;;2;;2;;2;;2;;2;;2;;2;;52;12;52;192.92310248
6059145;1;2;1;90;2;;1;42;2;;2;;2;;2;;2;;2;;2;;2;;52;12;52;192.92310248
6059145;1;3;1;90;2;;1;7;2;;2;;2;;2;;2;;2;;2;;2;;52;12;52;192.92310248
6059146;1;1;1;90;2;;1;21;2;;2;;2;;2;;2;;2;;2;;2;;52;12;52;364.35138291
6059146;1;2;1;90;2;;1;42;2;;1;35;2;;2;;2;;2;;2;;2;;52;12;52;364.35138291
6059147;1;1;1;90;2;;2;;2;;2;;2;;2;;2;;2;;2;;2;;52;12;52;312.26932261
6059147;1;2;1;90;2;;1;25;2;;1;30;2;;2;;2;;2;;2;;2;;52;12;52;312.26932261
6059147;1;3;1;90;2;;1;10;2;;1;30;2;;2;;2;;2;;2;;2;;52;12;52;312.26932261
6059148;1;1;1;90;2;;1;20;2;;2;;2;;2;;2;;2;;2;;2;;52;12;52;207.43179424
6059149;1;1;1;90;2;;1;35;2;;2;;2;;2;;2;;2;;2;;2;;52;12;52;137.59494878
6059149;1;2;1;90;2;;1;28;2;;2;;2;;2;;2;;2;;2;;2;;52;12;52;137.59494878
6059149;1;3;1;90;2;;1;21;2;;2;;2;;2;;2;;2;;2;;2;;52;12;52;137.59494878
6059150;1;1;1;90;2;;1;7;2;;2;;2;;2;;2;;2;;2;;2;;52;12;52;292.05862195
6059151;1;1;1;90;2;;1;24;2;;2;;2;;2;;2;;2;;2;;2;;52;12;52;189.62970525
6059151;1;2;1;90;2;;2;;2;;2;;1;10;2;;2;;2;;2;;2;;52;12;52;189.62970525
6059152;1;1;1;90;2;;2;;2;;2;;2;;2;;2;;2;;2;;2;;54;12;54;504.08370555
6059152;1;2;1;90;2;;1;38;2;;1;24;2;;2;;2;;2;;2;;2;;54;12;54;504.08370555
6059152;1;5;1;90;2;;1;38;2;;2;;2;;2;;2;;2;;2;;2;;54;12;54;504.08370555
6059152;1;6;1;90;2;;2;;2;;2;;2;;2;;2;;2;;2;;2;;54;12;54;504.08370555
6059153;1;1;1;90;2;;1;4;2;;2;;2;;2;;2;;2;;2;;2;;54;12;54;417.08922736
6059153;1;2;1;90;2;;1;45;2;;2;;2;;2;;2;;2;;2;;2;;54;12;54;417.08922736
6059154;1;1;1;90;2;;1;30;2;;2;;2;;2;;2;;2;;2;;2;;54;12;54;445.51543913
6059154;1;2;1;90;2;;2;;2;;2;;2;;2;;2;;2;;2;;2;;54;12;54;445.51543913
6059154;1;3;1;90;2;;1;12;2;;2;;2;;2;;2;;2;;2;;2;;54;12;54;445.51543913
6059154;2;1;2;90;2;;1;7;2;;1;24;2;;2;;2;;2;;2;;2;;54;12;54;445.51543913
6059155;1;1;1;90;2;;1;24;2;;1;12;2;;2;;2;;2;;2;;2;;54;12;54;365.41541242
6059155;1;3;1;90;2;;1;38;2;;1;24;2;;2;;2;;2;;2;;2;;54;12;54;365.41541242
6059156;1;1;1;90;2;;1;8;2;;1;14;2;;2;;2;;2;;2;;2;;54;12;54;558.25618721
6059156;1;2;1;90;2;;1;21;2;;1;21;2;;2;;2;;2;;2;;2;;54;12;54;558.25618721
6059157;1;1;1;90;2;;1;42;2;;1;21;2;;2;;2;;2;;2;;2;;54;12;54;466.67993113
6059157;1;2;1;90;2;;2;;2;;1;12;2;;2;;2;;2;;2;;2;;54;12;54;466.67993113
6059158;1;1;1;90;2;;1;24;2;;2;;2;;2;;2;;2;;2;;2;;54;12;54;355.15524593
6059158;1;2;1;90;2;;2;;2;;2;;2;;2;;2;;2;;2;;2;;54;12;54;355.15524593
6059158;1;3;1;90;2;;2;;2;;2;;2;;2;;2;;2;;2;;2;;54;12;54;355.15524593
6059159;1;1;1;90;2;;1;12;2;;2;;2;;2;;2;;2;;2;;2;;54;12;54;417.08922736
6059159;1;2;1;90;2;;1;24;2;;2;;2;;2;;2;;2;;2;;2;;54;12;54;417.08922736
6059160;1;1;1;90;2;;1;24;2;;2;;2;;2;;2;;2;;2;;2;;54;12;54;376.31973793
6059161;1;1;1;90;2;;1;24;2;;2;;2;;2;;2;;2;;2;;2;;54;12;54;351.71869628
6059162;1;1;1;90;2;;1;38;2;;2;;2;;2;;2;;2;;2;;2;;54;12;54;467.00201065
6059162;1;2;1;90;2;;2;;2;;2;;2;;2;;2;;2;;2;;2;;54;12;54;467.00201065
6059163;1;1;1;90;2;;1;28;2;;2;;2;;2;;2;;2;;2;;2;;54;12;54;531.62099723
6059163;1;2;1;90;2;;1;4;2;;2;;2;;2;;2;;2;;2;;2;;54;12;54;531.62099723
6059164;1;1;1;90;2;;2;;2;;2;;2;;2;;2;;2;;2;;2;;54;12;54;377.96832084
6059164;1;2;1;90;2;;1;28;2;;2;;2;;2;;2;;2;;2;;1;20;54;12;54;377.96832084
6059164;1;3;1;90;2;;1;28;2;;2;;2;;2;;2;;2;;2;;2;;54;12;54;377.96832084
6059164;1;4;1;90;2;;2;;2;;2;;2;;2;;2;;2;;2;;2;;54;12;54;377.96832084
6059164;1;5;1;90;2;;2;;2;;2;;2;;2;;2;;2;;2;;2;;54;12;54;377.96832084
6059165;1;1;1;90;2;;2;;2;;2;;2;;2;;2;;2;;2;;2;;54;12;54;418.88024914
6059165;1;2;1;90;2;;1;14;2;;2;;2;;2;;2;;2;;2;;2;;54;12;54;418.88024914
6059165;1;3;1;90;2;;1;24;2;;1;28;2;;2;;2;;2;;2;;2;;54;12;54;418.88024914
6059165;1;4;1;90;2;;2;;2;;2;;2;;2;;2;;2;;2;;2;;54;12;54;418.88024914
6059166;1;1;1;90;2;;1;28;2;;2;;2;;2;;2;;2;;2;;2;;54;12;54;544.55947108
6059167;1;1;1;90;2;;1;18;2;;2;;2;;2;;2;;2;;2;;2;;54;12;54;442.40096899
6059167;1;2;1;90;2;;1;10;2;;2;;2;;2;;2;;2;;2;;2;;54;12;54;442.40096899
6059168;1;1;1;90;2;;1;14;2;;2;;2;;2;;2;;2;;2;;2;;54;12;54;417.08922736
6059168;1;2;1;90;2;;1;32;2;;2;;2;;2;;2;;2;;2;;2;;54;12;54;417.08922736
6059169;1;1;1;90;2;;1;14;2;;2;;2;;2;;2;;2;;2;;2;;54;12;54;495.89131811
6059169;1;2;1;90;2;;1;24;2;;2;;2;;2;;2;;2;;2;;2;;54;12;54;495.89131811
6059170;1;1;1;90;2;;2;;2;;2;;2;;2;;2;;2;;2;;2;;54;12;54;450.33763527
6059170;1;2;1;90;2;;1;4;2;;2;;2;;2;;2;;2;;2;;2;;54;12;54;450.33763527
6059170;1;3;1;90;2;;1;14;2;;1;35;2;;2;;2;;2;;2;;2;;54;12;54;450.33763527
6059170;1;5;1;90;2;;1;42;2;;1;28;2;;2;;2;;2;;2;;2;;54;12;54;450.33763527
6059170;1;6;1;90;2;;2;;2;;1;7;2;;2;;2;;2;;2;;2;;54;12;54;450.33763527
6059171;1;1;1;90;2;;2;;2;;2;;2;;2;;2;;2;;2;;2;;54;12;54;507.77150007
6059171;1;2;1;90;2;;1;35;2;;2;;2;;2;;2;;2;;2;;2;;54;12;54;507.77150007
6059171;1;3;1;90;2;;2;;2;;2;;2;;2;;2;;2;;2;;2;;54;12;54;507.77150007
6059172;1;1;1;90;2;;2;;2;;2;;2;;2;;2;;2;;2;;2;;54;12;54;444.62145576
6059172;1;2;1;90;2;;1;35;2;;2;;2;;2;;2;;2;;2;;2;;54;12;54;444.62145576
6059172;1;3;1;90;2;;2;;2;;2;;2;;2;;2;;2;;2;;2;;54;12;54;444.62145576
6059172;2;1;2;90;2;;1;40;2;;1;28;2;;2;;2;;2;;2;;2;;54;12;54;444.62145576
6059172;3;1;3;90;2;;1;10;2;;2;;2;;2;;2;;2;;2;;2;;54;12;54;444.62145576
6059173;1;1;1;90;2;;2;;2;;2;;2;;2;;2;;2;;2;;2;;54;12;54;431.81872299
6059173;1;2;1;90;2;;1;48;2;;2;;2;;2;;2;;2;;2;;2;;54;12;54;431.81872299
6059173;1;3;1;90;2;;2;;2;;2;;2;;2;;2;;2;;2;;2;;54;12;54;431.81872299
6059174;1;1;1;90;2;;1;30;2;;1;24;2;;2;;2;;2;;2;;2;;54;12;54;544.55947108
6059175;1;1;1;90;2;;2;;2;;2;;2;;2;;2;;2;;2;;2;;54;12;54;557.14458968
6059175;1;2;1;90;2;;1;35;2;;1;7;2;;2;;2;;2;;2;;2;;54;12;54;557.14458968
6059175;1;3;1;90;2;;1;5;2;;2;;2;;2;;2;;2;;2;;2;;54;12;54;557.14458968
6059176;1;1;1;90;2;;2;;2;;2;;2;;2;;2;;2;;2;;2;;54;12;54;532.86562754
6059176;1;2;1;90;2;;1;38;2;;1;20;2;;2;;2;;2;;2;;2;;54;12;54;532.86562754
6059176;1;3;1;90;2;;1;3;2;;2;;2;;2;;2;;2;;2;;2;;54;12;54;532.86562754
6059177;1;1;1;90;2;;1;28;2;;2;;2;;2;;2;;2;;2;;2;;54;12;54;417.08922736
6059177;1;2;1;90;2;;1;28;2;;2;;2;;2;;2;;2;;2;;2;;54;12;54;417.08922736
6059178;1;1;1;90;2;;1;14;2;;2;;2;;2;;2;;2;;2;;2;;54;12;54;431.81872299
6059178;1;2;1;90;2;;1;25;2;;2;;2;;2;;2;;2;;2;;2;;54;12;54;431.81872299
6059178;1;3;1;90;2;;1;14;2;;2;;2;;2;;2;;2;;2;;2;;54;12;54;431.81872299
6059179;1;1;1;90;2;;1;34;2;;2;;2;;2;;2;;2;;2;;2;;54;12;54;467.00201065
6059179;1;2;1;90;2;;1;8;2;;2;;2;;2;;2;;2;;2;;2;;54;12;54;467.00201065
6059180;1;1;1;90;2;;1;14;2;;2;;2;;2;;2;;2;;2;;2;;54;12;54;553.32389729
6059180;1;2;1;90;2;;1;10;2;;2;;2;;2;;2;;2;;2;;2;;54;12;54;553.32389729
6059180;1;3;1;90;2;;1;10;2;;2;;2;;2;;2;;2;;2;;2;;54;12;54;553.32389729
6059180;1;4;1;90;2;;2;;2;;2;;2;;2;;2;;2;;2;;2;;54;12;54;553.32389729
6059180;1;5;1;90;2;;2;;2;;2;;2;;2;;2;;2;;2;;2;;54;12;54;553.32389729
6059181;1;1;1;90;2;;2;;2;;2;;2;;2;;2;;2;;2;;2;;54;12;54;417.08922736
6059181;1;2;1;90;2;;1;14;2;;2;;1;20;2;;2;;2;;2;;2;;54;12;54;417.08922736
6059182;1;1;1;90;2;;1;40;2;;2;;2;;2;;2;;2;;2;;2;;54;12;54;415.08506914
6059182;1;2;1;90;2;;2;;2;;2;;2;;2;;2;;2;;2;;2;;54;12;54;415.08506914
6059182;1;3;1;90;2;;2;;2;;2;;2;;2;;2;;2;;2;;2;;54;12;54;415.08506914
6059182;1;4;1;90;2;;1;5;2;;2;;2;;2;;2;;2;;2;;2;;54;12;54;415.08506914
6059183;1;1;1;90;2;;1;12;2;;2;;2;;2;;2;;2;;2;;2;;54;12;54;351.71869628
6059184;1;1;1;90;2;;1;40;2;;2;;2;;2;;2;;2;;2;;2;;54;12;54;468.79303242
6059184;1;2;1;90;2;;2;;2;;2;;2;;2;;2;;2;;2;;2;;54;12;54;468.79303242
6059184;1;3;1;90;2;;1;15;2;;2;;2;;2;;2;;2;;2;;2;;54;12;54;468.79303242
6059184;1;4;1;90;2;;2;;2;;2;;2;;2;;2;;2;;2;;2;;54;12;54;468.79303242
6059185;1;1;1;90;2;;1;24;2;;2;;2;;2;;2;;2;;2;;2;;54;12;54;392.48818571
6059185;1;2;1;90;2;;2;;2;;2;;2;;2;;2;;2;;2;;2;;54;12;54;392.48818571
6059186;1;1;1;90;2;;1;14;2;;2;;2;;2;;2;;2;;2;;2;;54;12;54;431.81872299
6059186;1;2;1;90;2;;1;35;2;;2;;2;;2;;2;;2;;2;;2;;54;12;54;431.81872299
6059186;1;3;1;90;2;;2;;2;;2;;2;;2;;2;;2;;2;;2;;54;12;54;431.81872299
6059187;1;1;1;90;2;;2;;2;;2;;2;;2;;2;;2;;2;;2;;54;12;54;490.95889327
6059187;1;2;1;90;2;;1;35;2;;1;30;2;;2;;2;;2;;2;;2;;54;12;54;490.95889327
6059188;1;1;1;90;2;;1;10;2;;2;;2;;2;;2;;2;;2;;2;;54;12;54;494.64668779
6059189;1;1;1;90;2;;2;;2;;2;;2;;2;;2;;2;;2;;2;;54;12;54;274.16123585
6059189;1;2;1;90;2;;1;14;2;;2;;2;;2;;2;;2;;2;;2;;54;12;54;274.16123585
6059260;1;1;1;90;2;;1;5;2;;1;12;2;;2;;2;;2;;2;;2;;68;12;68;548.81408787
6059260;1;2;1;90;2;;1;20;2;;1;34;2;;2;;2;;2;;2;;2;;68;12;68;548.81408787
6059260;1;3;1;90;2;;1;12;2;;2;;2;;2;;2;;2;;2;;2;;68;12;68;548.81408787
6059260;1;5;1;90;2;;2;;2;;2;;2;;2;;2;;2;;2;;2;;68;12;68;548.81408787
6059261;1;1;1;90;2;;1;30;2;;2;;2;;2;;2;;2;;2;;2;;68;12;68;613.99763495
6059261;1;2;1;90;2;;1;6;2;;2;;2;;2;;2;;2;;2;;2;;68;12;68;613.99763495
6059262;1;1;1;90;2;;2;;2;;2;;2;;2;;2;;2;;2;;2;;68;12;68;542.96213703
6059263;1;1;1;90;2;;1;6;2;;2;;2;;2;;2;;2;;2;;2;;68;12;68;527.23623965
6059263;1;2;1;90;2;;1;11;2;;2;;2;;2;;2;;2;;2;;2;;68;12;68;527.23623965
6059263;1;3;1;90;2;;1;4;2;;2;;2;;2;;2;;2;;2;;2;;68;12;68;527.23623965
6059264;1;1;1;90;2;;1;39;2;;1;22;2;;2;;2;;2;;2;;2;;68;12;68;414.71644048
6059264;1;2;1;90;2;;2;;2;;2;;1;25;2;;2;;2;;2;;2;;68;12;68;414.71644048
6059264;1;3;1;90;2;;1;30;2;;2;;2;;2;;2;;2;;2;;2;;68;12;68;414.71644048
6059264;1;4;1;90;2;;1;3;2;;2;;2;;2;;2;;2;;2;;2;;68;12;68;414.71644048
6059264;1;5;1;90;2;;1;11;2;;2;;2;;2;;2;;2;;2;;2;;68;12;68;414.71644048
6059264;1;6;1;90;2;;1;12;2;;2;;2;;2;;2;;2;;2;;2;;68;12;68;414.71644048
6059265;1;1;1;90;2;;1;24;2;;1;45;2;;2;;2;;2;;2;;2;;68;12;68;558.19077842
6059265;1;2;1;90;2;;1;7;2;;2;;2;;2;;2;;2;;2;;2;;68;12;68;558.19077842
6059266;1;1;1;90;2;;2;;2;;2;;2;;2;;2;;2;;2;;2;;68;12;68;567.29580066
6059267;1;1;1;90;2;;1;6;2;;2;;2;;2;;2;;2;;2;;2;;68;12;68;463.79594459
6059267;1;2;1;90;2;;1;13;2;;2;;2;;2;;2;;2;;2;;2;;68;12;68;463.79594459
6059268;1;1;1;90;2;;1;7;2;;2;;2;;2;;2;;2;;2;;2;;68;12;68;460.64446171
6059268;1;2;1;90;2;;1;35;2;;2;;2;;2;;2;;2;;2;;2;;68;12;68;460.64446171
6059268;1;3;1;90;2;;1;7;2;;2;;2;;2;;2;;2;;2;;2;;68;12;68;460.64446171
6059269;1;1;1;90;2;;1;24;2;;2;;2;;2;;2;;2;;2;;2;;68;12;68;493.4923314
6059269;1;2;1;90;2;;1;2;2;;2;;2;;2;;2;;2;;2;;2;;68;12;68;493.4923314
6059270;1;1;1;90;2;;2;;2;;2;;2;;2;;2;;2;;2;;2;;68;12;68;452.522301
6059270;1;2;1;90;2;;1;36;2;;2;;2;;2;;2;;2;;2;;2;;68;12;68;452.522301
6059270;1;3;1;90;2;;1;7;2;;2;;2;;2;;2;;2;;2;;2;;68;12;68;452.522301
6059270;1;4;1;90;2;;1;14;2;;2;;2;;2;;2;;2;;2;;2;;68;12;68;452.522301
6059270;1;5;1;90;2;;2;;2;;2;;2;;2;;2;;2;;2;;2;;68;12;68;452.522301
6059271;1;1;1;90;2;;1;28;2;;2;;2;;2;;2;;2;;2;;2;;68;12;68;526.02584251
6059272;1;1;1;90;2;;1;24;2;;2;;2;;2;;2;;2;;2;;2;;68;12;68;291.84997648
6059272;1;2;1;90;2;;1;12;2;;2;;2;;2;;2;;2;;2;;2;;68;12;68;291.84997648
6059272;1;3;1;90;2;;1;2;2;;2;;2;;2;;2;;2;;2;;2;;68;12;68;291.84997648
6059272;1;4;1;90;2;;1;8;2;;2;;2;;2;;2;;2;;2;;2;;68;12;68;291.84997648
6059272;1;5;1;90;2;;2;;2;;2;;2;;2;;2;;2;;2;;2;;68;12;68;291.84997648
6059272;1;6;1;90;2;;1;20;2;;2;;2;;2;;2;;2;;2;;2;;68;12;68;291.84997648
6059272;1;7;1;90;2;;1;6;2;;2;;2;;2;;2;;2;;2;;2;;68;12;68;291.84997648
6059273;1;1;1;90;2;;1;6;2;;2;;2;;2;;2;;2;;2;;2;;68;12;68;627.25548872
6059273;1;2;1;90;2;;1;38;2;;2;;2;;2;;2;;2;;2;;2;;68;12;68;627.25548872
6059273;1;3;1;90;2;;1;12;2;;2;;2;;2;;2;;2;;2;;2;;68;12;68;627.25548872
6059273;1;4;1;90;2;;1;5;2;;2;;2;;2;;2;;2;;2;;2;;68;12;68;627.25548872
6059273;1;5;1;90;2;;2;;2;;2;;2;;2;;2;;2;;2;;2;;68;12;68;627.25548872
6059274;1;1;1;90;2;;1;4;2;;2;;2;;2;;2;;2;;2;;2;;68;12;68;474.81278487
6059274;1;2;1;90;2;;1;16;2;;2;;2;;2;;2;;2;;2;;2;;68;12;68;474.81278487
6059274;1;3;1;90;2;;1;29;2;;2;;2;;2;;2;;2;;2;;2;;68;12;68;474.81278487
6059274;1;4;1;90;2;;1;7;2;;2;;2;;2;;2;;2;;2;;2;;68;12;68;474.81278487
6059274;1;5;1;90;2;;1;6;2;;2;;2;;2;;2;;2;;2;;2;;68;12;68;474.81278487
6059275;1;1;1;90;2;;1;32;2;;2;;2;;2;;2;;2;;2;;2;;68;12;68;526.02584251
6059276;1;1;1;90;2;;1;20;2;;2;;2;;2;;2;;2;;2;;2;;68;12;68;568.49498305
6059276;1;2;1;90;2;;1;19;2;;1;25;2;;2;;2;;2;;2;;2;;68;12;68;568.49498305
6059276;1;3;1;90;2;;2;;2;;2;;2;;2;;2;;2;;2;;2;;68;12;68;568.49498305
6059276;1;5;1;90;2;;1;12;2;;1;19;2;;2;;2;;2;;2;;2;;68;12;68;568.49498305
6059276;1;6;1;90;2;;1;10;2;;2;;2;;2;;2;;2;;2;;2;;68;12;68;568.49498305
6059276;1;8;1;90;2;;1;24;2;;2;;2;;2;;2;;2;;2;;2;;68;12;68;568.49498305
6059277;1;1;1;90;2;;1;4;2;;1;10;2;;2;;2;;2;;2;;2;;68;12;68;710.63348227
6059277;1;2;1;90;2;;1;25;2;;1;40;2;;2;;2;;2;;2;;2;;68;12;68;710.63348227
6059278;1;1;1;90;2;;1;4;2;;2;;2;;2;;2;;2;;2;;2;;68;12;68;368.80492862
6059278;1;2;1;90;2;;1;35;2;;2;;2;;2;;2;;2;;2;;2;;68;12;68;368.80492862
6059278;1;3;1;90;2;;1;12;2;;2;;2;;2;;2;;2;;2;;2;;68;12;68;368.80492862
6059278;1;4;1;90;2;;1;2;2;;2;;2;;2;;2;;2;;2;;2;;68;12;68;368.80492862
6059278;1;5;1;90;2;;1;5;2;;2;;2;;2;;2;;2;;2;;2;;68;12;68;368.80492862
6059279;1;1;1;90;2;;1;4;2;;2;;2;;2;;2;;2;;2;;2;;68;12;68;516.99321241
6059279;1;2;1;90;2;;1;14;2;;1;7;2;;2;;2;;2;;2;;2;;68;12;68;516.99321241
6059279;1;3;1;90;2;;1;5;2;;2;;2;;2;;2;;2;;2;;2;;68;12;68;516.99321241
6059279;1;4;1;90;2;;1;5;2;;2;;2;;2;;2;;2;;2;;2;;68;12;68;516.99321241
6059280;1;1;1;90;2;;1;28;2;;2;;1;14;2;;2;;2;;2;;2;;68;12;68;525.11537313
6059280;1;2;1;90;2;;2;;2;;2;;2;;2;;2;;2;;2;;2;;68;12;68;525.11537313
6059281;1;1;1;90;2;;1;3;2;;2;;2;;2;;2;;2;;2;;2;;68;12;68;701.05895799
6059281;1;2;1;90;2;;1;29;2;;2;;2;;2;;2;;2;;2;;2;;68;12;68;701.05895799
6059281;1;3;1;90;2;;1;12;2;;2;;2;;2;;2;;2;;2;;2;;68;12;68;701.05895799
6059281;1;4;1;90;2;;2;;2;;2;;2;;2;;2;;2;;2;;2;;68;12;68;701.05895799
6059282;1;1;1;90;2;;1;24;2;;2;;2;;2;;2;;2;;2;;2;;68;12;68;428.11095059
6059282;1;2;1;90;2;;1;14;2;;2;;2;;2;;2;;2;;2;;2;;68;12;68;428.11095059
6059282;1;3;1;90;2;;1;4;2;;2;;2;;2;;2;;2;;2;;2;;68;12;68;428.11095059
6059282;1;4;1;90;2;;1;5;2;;2;;2;;2;;2;;2;;2;;2;;68;12;68;428.11095059
6059283;1;1;1;90;2;;1;5;2;;2;;2;;2;;2;;2;;2;;2;;68;12;68;452.64244796
6059283;1;2;1;90;2;;1;8;2;;2;;2;;2;;2;;2;;2;;2;;68;12;68;452.64244796
6059283;1;3;1;90;2;;1;7;2;;2;;2;;2;;2;;2;;2;;2;;68;12;68;452.64244796
6059283;1;4;1;90;2;;1;5;2;;2;;2;;2;;2;;2;;2;;2;;68;12;68;452.64244796
6059284;1;1;1;90;2;;2;;2;;2;;2;;2;;2;;2;;2;;2;;68;12;68;556.93262646
6059284;1;2;1;90;2;;1;36;2;;2;;2;;2;;2;;2;;2;;2;;68;12;68;556.93262646
6059284;1;3;1;90;2;;2;;2;;2;;2;;2;;2;;2;;2;;2;;68;12;68;556.93262646
6059285;1;1;1;90;2;;1;18;2;;1;10;2;;2;;2;;2;;2;;2;;68;12;68;403.77728696
6059285;1;2;1;90;2;;1;18;2;;2;;2;;2;;2;;2;;2;;2;;68;12;68;403.77728696
6059285;1;3;1;90;2;;1;3;2;;2;;2;;2;;2;;2;;2;;2;;68;12;68;403.77728696
6059285;1;4;1;90;2;;1;15;2;;1;20;2;;2;;2;;2;;2;;2;;68;12;68;403.77728696
6059286;1;1;1;90;2;;2;;2;;2;;2;;2;;2;;2;;2;;2;;68;12;68;499.8712401
6059286;1;2;1;90;2;;1;14;2;;2;;2;;2;;2;;2;;2;;2;;68;12;68;499.8712401
6059286;1;3;1;90;2;;1;14;2;;2;;2;;2;;2;;2;;2;;2;;68;12;68;499.8712401
6059287;1;1;1;90;2;;1;22;2;;2;;2;;2;;2;;2;;2;;2;;68;12;68;468.96083403
6059287;1;2;1;90;2;;1;9;2;;2;;2;;2;;2;;2;;2;;2;;68;12;68;468.96083403
6059288;1;1;1;90;2;;1;36;2;;2;;2;;2;;2;;2;;2;;2;;68;12;68;613.99763495
6059288;1;2;1;90;2;;1;3;2;;2;;2;;2;;2;;2;;2;;2;;68;12;68;613.99763495
6059289;1;1;1;90;2;;1;18;2;;2;;2;;2;;2;;2;;2;;2;;68;12;68;613.08716556
6059289;1;2;1;90;2;;1;6;2;;2;;2;;2;;2;;2;;2;;2;;68;12;68;613.08716556
6059289;2;1;2;90;2;;1;13;2;;2;;2;;2;;2;;2;;2;;2;;68;12;68;613.08716556
6059290;1;1;1;90;2;;1;6;2;;2;;2;;2;;2;;2;;2;;2;;68;12;68;564.04272926
6059290;1;2;1;90;2;;1;18;2;;2;;2;;2;;2;;2;;2;;2;;68;12;68;564.04272926
6059290;1;3;1;90;2;;1;12;2;;2;;2;;2;;1;72;2;;2;;2;;68;12;68;564.04272926
6059290;1;4;1;90;2;;1;4;2;;2;;2;;2;;2;;2;;2;;2;;68;12;68;564.04272926
6059290;1;6;1;90;2;;1;24;2;;2;;2;;2;;2;;2;;2;;2;;68;12;68;564.04272926
6059291;1;1;1;90;2;;1;28;2;;2;;2;;2;;2;;2;;2;;2;;68;12;68;613.08716556
6059291;1;2;1;90;2;;1;4;2;;2;;2;;2;;2;;2;;2;;2;;68;12;68;613.08716556
6059291;1;3;1;90;2;;1;3;2;;2;;2;;2;;2;;2;;2;;2;;68;12;68;613.08716556
6059292;1;1;1;90;2;;2;;2;;2;;2;;2;;2;;2;;2;;2;;68;12;68;613.08716556
6059292;1;2;1;90;2;;1;19;2;;2;;2;;2;;2;;2;;2;;2;;68;12;68;613.08716556
6059292;1;3;1;90;2;;1;16;2;;2;;2;;2;;2;;2;;2;;2;;68;12;68;613.08716556
6059293;1;1;1;90;2;;2;;2;;2;;2;;2;;2;;2;;2;;2;;68;12;68;616.23864844
6059293;1;2;1;90;2;;1;8;2;;2;;2;;2;;2;;2;;2;;2;;68;12;68;616.23864844
6059294;1;1;1;90;2;;2;;2;;2;;2;;2;;2;;2;;2;;2;;68;12;68;630.93392946
6059294;1;2;1;90;2;;1;18;2;;1;20;2;;2;;2;;2;;2;;2;;68;12;68;630.93392946
6059295;1;1;1;90;2;;1;6;2;;1;21;2;;2;;2;;2;;2;;2;;68;12;68;622.33448975
6059295;1;5;1;90;2;;1;3;2;;1;4;2;;2;;2;;2;;2;;2;;68;12;68;622.33448975
6059295;1;6;1;90;2;;1;27;2;;1;25;2;;2;;2;;2;;2;;2;;68;12;68;622.33448975
6059295;1;8;1;90;2;;2;;2;;2;;2;;2;;2;;2;;2;;2;;68;12;68;622.33448975
6059295;1;9;1;90;2;;1;3;2;;1;11;2;;2;;2;;2;;2;;2;;68;12;68;622.33448975
6059295;1;10;1;90;2;;2;;2;;2;;2;;2;;2;;2;;2;;2;;68;12;68;622.33448975
6059295;1;11;1;90;2;;2;;2;;2;;2;;2;;2;;2;;2;;2;;68;12;68;622.33448975
6059295;1;12;1;90;2;;2;;2;;2;;2;;2;;2;;2;;2;;2;;68;12;68;622.33448975
6059296;1;1;1;90;2;;1;20;2;;2;;2;;2;;2;;2;;2;;2;;68;12;68;533.43174545
6059297;1;1;1;90;2;;1;20;2;;2;;2;;2;;2;;2;;2;;2;;68;12;68;613.99763495
6059297;1;2;1;90;2;;1;3;2;;2;;2;;2;;2;;2;;2;;2;;68;12;68;613.99763495
6059298;1;1;1;90;2;;1;21;2;;2;;2;;2;;2;;2;;2;;2;;68;12;68;816.4079059
6059298;1;4;1;90;2;;1;7;2;;2;;2;;2;;2;;2;;2;;2;;68;12;68;816.4079059
6059298;1;5;1;90;2;;2;;2;;2;;2;;2;;2;;2;;2;;2;;68;12;68;816.4079059
6059298;1;6;1;90;2;;1;5;2;;2;;2;;2;;2;;2;;2;;2;;68;12;68;816.4079059
6059299;1;1;1;90;2;;1;5;2;;2;;2;;2;;2;;2;;2;;2;;68;12;68;680.2244598
6059299;1;2;1;90;2;;1;24;2;;2;;2;;2;;2;;2;;2;;2;;68;12;68;680.2244598
6059299;1;3;1;90;2;;1;4;2;;2;;2;;2;;2;;2;;2;;2;;68;12;68;680.2244598
6059300;1;1;1;90;2;;1;7;2;;2;;2;;2;;2;;2;;2;;2;;68;12;68;567.29580066
6059301;1;1;1;90;2;;2;;2;;1;10;2;;2;;2;;2;;2;;2;;68;12;68;590.81524012
6059301;1;2;1;90;2;;1;39;2;;1;18;2;;2;;2;;2;;2;;2;;68;12;68;590.81524012
6059301;1;3;1;90;2;;2;;2;;2;;2;;2;;2;;2;;2;;2;;68;12;68;590.81524012
6059301;1;4;1;90;2;;1;7;2;;2;;2;;2;;2;;2;;2;;2;;68;12;68;590.81524012
6059301;1;5;1;90;2;;1;10;2;;2;;2;;2;;2;;2;;2;;2;;68;12;68;590.81524012
6059302;1;1;1;90;2;;1;7;2;;2;;2;;2;;2;;2;;2;;2;;68;12;68;567.29580066
6059303;1;1;1;90;2;;1;2;2;;2;;2;;2;;2;;2;;2;;2;;68;12;68;799.86342665
6059303;1;2;1;90;2;;1;36;2;;2;;2;;2;;2;;2;;2;;2;;68;12;68;799.86342665
6059304;1;1;1;90;2;;1;28;2;;1;9;2;;2;;2;;2;;2;;1;10;68;12;68;556.93262646
6059304;1;2;1;90;2;;1;30;2;;2;;2;;2;;2;;2;;2;;2;;68;12;68;556.93262646
6059304;1;3;1;90;2;;1;30;2;;2;;2;;2;;2;;2;;2;;1;10;68;12;68;556.93262646
6059305;1;1;1;90;2;;1;10;2;;2;;2;;2;;2;;2;;2;;2;;68;12;68;463.79594459
6059305;1;2;1;90;2;;1;12;2;;2;;2;;2;;2;;2;;2;;2;;68;12;68;463.79594459
6059306;1;1;1;90;2;;1;21;2;;2;;2;;2;;1;10;2;;2;;2;;68;12;68;413.6135033
6059306;1;2;1;90;2;;1;3;2;;2;;2;;2;;2;;2;;2;;2;;68;12;68;413.6135033
6059306;1;3;1;90;2;;1;2;2;;2;;2;;2;;2;;2;;2;;2;;68;12;68;413.6135033
6059306;1;4;1;90;2;;1;4;2;;2;;2;;2;;2;;2;;2;;2;;68;12;68;413.6135033
6059307;1;1;1;90;2;;1;14;2;;2;;2;;2;;2;;2;;2;;2;;68;12;68;638.04403226
6059307;1;2;1;90;2;;1;7;2;;2;;2;;2;;2;;2;;2;;2;;68;12;68;638.04403226
6059307;1;5;1;90;2;;1;36;2;;2;;2;;2;;2;;2;;2;;2;;68;12;68;638.04403226
6059307;1;6;1;90;2;;2;;2;;2;;2;;2;;2;;2;;2;;2;;68;12;68;638.04403226
6059308;1;1;1;90;2;;2;;2;;2;;2;;2;;2;;2;;2;;2;;68;12;68;460.64446171
6059308;1;2;1;90;2;;1;24;2;;2;;2;;2;;2;;2;;2;;2;;68;12;68;460.64446171
6059308;1;3;1;90;2;;1;14;2;;2;;2;;2;;2;;2;;2;;2;;68;12;68;460.64446171
6059309;1;1;1;90;1;24;2;;2;;2;;2;;2;;2;;2;;2;;2;;68;12;68;486.08642847
6059309;1;2;1;90;2;;1;7;2;;2;;2;;2;;2;;2;;2;;2;;68;12;68;486.08642847
6059310;1;1;1;90;2;;1;24;2;;2;;2;;2;;2;;2;;2;;2;;68;12;68;556.93262646
6059310;1;2;1;90;2;;1;4;2;;2;;2;;2;;2;;2;;2;;2;;68;12;68;556.93262646
6059310;1;3;1;90;2;;1;5;2;;2;;2;;2;;2;;2;;2;;2;;68;12;68;556.93262646
6059311;1;1;1;90;2;;1;25;2;;2;;2;;2;;2;;2;;2;;2;;68;12;68;491.25131791
6059311;1;2;1;90;2;;1;14;2;;2;;2;;2;;2;;2;;2;;2;;68;12;68;491.25131791
6059312;1;1;1;90;2;;2;;2;;2;;2;;2;;2;;2;;2;;2;;68;12;68;403.57945323
6059312;1;2;1;90;2;;2;;2;;2;;2;;2;;2;;2;;2;;2;;68;12;68;403.57945323
6059312;1;3;1;90;2;;2;;2;;2;;2;;2;;2;;2;;2;;2;;68;12;68;403.57945323
6059312;1;4;1;90;2;;1;4;2;;2;;2;;2;;2;;2;;2;;2;;68;12;68;403.57945323
6059313;1;1;1;90;2;;1;24;2;;2;;2;;2;;2;;2;;2;;2;;68;12;68;526.02584251
6059314;1;1;1;90;2;;1;14;2;;1;7;2;;2;;2;;2;;2;;2;;68;12;68;590.99451541
6059314;1;2;1;90;2;;1;14;2;;1;7;2;;2;;2;;2;;2;;2;;68;12;68;590.99451541
6059314;1;4;1;90;2;;1;5;2;;2;;2;;2;;2;;2;;2;;2;;68;12;68;590.99451541
6059315;1;1;1;90;2;;1;5;2;;2;;2;;2;;2;;2;;2;;2;;68;12;68;655.2675931
6059315;1;2;1;90;2;;1;7;2;;2;;2;;2;;2;;2;;2;;2;;68;12;68;655.2675931
6059316;1;1;1;90;2;;1;7;2;;2;;2;;2;;2;;2;;2;;2;;68;12;68;527.35638662
6059316;1;2;1;90;2;;1;14;2;;2;;2;;2;;2;;2;;2;;2;;68;12;68;527.35638662
6059317;1;1;1;90;2;;1;4;2;;2;;2;;2;;2;;2;;2;;2;;68;12;68;365.05189217
6059317;1;2;1;90;2;;1;8;2;;2;;2;;2;;2;;2;;2;;2;;68;12;68;365.05189217
6059317;2;1;2;90;2;;1;14;2;;1;7;2;;2;;2;;2;;2;;2;;68;12;68;365.05189217
6059317;2;2;2;90;2;;1;5;2;;2;;2;;2;;2;;2;;2;;2;;68;12;68;365.05189217
6059317;3;1;3;90;2;;1;24;2;;2;;2;;2;;2;;2;;2;;2;;68;12;68;365.05189217
6059317;3;2;3;90;2;;1;2;2;;2;;2;;2;;2;;2;;2;;2;;68;12;68;365.05189217
6059318;1;1;1;90;2;;1;10;2;;2;;2;;2;;2;;2;;2;;2;;68;12;68;359.38561912
6059318;1;2;1;90;2;;1;11;2;;2;;2;;2;;2;;2;;2;;2;;68;12;68;359.38561912
6059318;1;3;1;90;2;;1;6;2;;2;;2;;2;;2;;2;;2;;2;;68;12;68;359.38561912
6059318;1;4;1;90;2;;1;26;2;;2;;2;;2;;2;;2;;2;;2;;68;12;68;359.38561912
6059319;1;1;1;90;2;;1;14;2;;2;;2;;2;;2;;2;;2;;2;;68;12;68;491.25131791
6059319;1;2;1;90;2;;1;7;2;;2;;2;;2;;2;;2;;2;;2;;68;12;68;491.25131791
6059320;1;1;1;90;2;;1;14;2;;2;;2;;2;;2;;2;;2;;2;;68;12;68;656.17806248
6059321;1;1;1;90;2;;1;4;2;;2;;2;;2;;2;;2;;2;;2;;68;12;68;567.29580066
6059322;1;1;1;90;2;;1;18;2;;2;;2;;2;;2;;2;;2;;2;;68;12;68;655.2675931
6059322;1;2;1;90;2;;1;12;2;;2;;2;;2;;2;;2;;2;;2;;68;12;68;655.2675931
6059323;1;1;1;90;2;;1;6;2;;2;;2;;2;;2;;2;;2;;2;;68;12;68;621.40353788
6059323;1;2;1;90;2;;1;12;2;;2;;2;;2;;2;;2;;2;;2;;68;12;68;621.40353788
6059324;1;1;1;90;2;;1;3;2;;2;;2;;2;;2;;2;;2;;2;;68;12;68;490.34084852
6059324;1;2;1;90;2;;1;7;2;;2;;2;;2;;2;;2;;2;;2;;68;12;68;490.34084852
6059324;1;3;1;90;2;;1;14;2;;2;;2;;2;;2;;2;;2;;2;;68;12;68;490.34084852
6059325;1;1;1;90;2;;2;;2;;2;;2;;2;;2;;2;;2;;2;;68;12;68;491.25131791
6059325;1;2;1;90;2;;1;8;2;;2;;2;;2;;2;;2;;2;;2;;68;12;68;491.25131791
6059326;1;1;1;90;2;;1;2;2;;2;;2;;2;;2;;2;;2;;2;;68;12;68;525.11537313
6059326;1;2;1;90;2;;1;24;2;;2;;2;;2;;2;;2;;2;;2;;68;12;68;525.11537313
6059327;1;1;1;90;2;;1;24;2;;2;;2;;2;;2;;2;;2;;2;;68;12;68;613.08716556
6059327;1;2;1;90;2;;2;;2;;2;;2;;2;;2;;2;;2;;2;;68;12;68;613.08716556
6059327;1;3;1;90;2;;1;2;2;;2;;2;;2;;2;;2;;2;;2;;68;12;68;613.08716556
6059328;1;1;1;90;2;;1;15;2;;2;;2;;2;;2;;2;;2;;2;;68;12;68;656.17806248
6059329;1;1;1;90;2;;1;4;2;;1;14;2;;2;;2;;2;;2;;2;;68;12;68;729.69426543
6059329;1;2;1;90;2;;1;24;2;;1;24;2;;2;;2;;2;;2;;2;;68;12;68;729.69426543
6059330;1;1;1;90;2;;1;10;2;;2;;2;;2;;2;;2;;2;;2;;68;12;68;511.82832297
6059330;1;2;1;90;2;;1;10;2;;2;;2;;2;;2;;2;;2;;2;;68;12;68;511.82832297
6059330;1;3;1;90;2;;1;20;2;;2;;2;;2;;1;19;2;;2;;2;;68;12;68;511.82832297
6059330;1;4;1;90;2;;1;17;2;;2;;2;;2;;2;;2;;2;;2;;68;12;68;511.82832297
6059331;1;1;1;90;2;;2;;1;30;2;;2;;2;;2;;2;;2;;2;;68;12;68;556.93262646
6059331;1;2;1;90;2;;1;12;2;;2;;2;;2;;2;;2;;2;;2;;68;12;68;556.93262646
6059331;1;3;1;90;2;;2;;1;12;2;;2;;2;;2;;2;;2;;2;;68;12;68;556.93262646
6059361;1;1;1;90;1;10;1;2;2;;2;;2;;2;;2;;2;;2;;2;;76;12;76;974.38029496
6059361;1;2;1;90;1;10;2;;2;;2;;2;;2;;2;;2;;2;;2;;76;12;76;974.38029496
6059361;1;3;1;90;2;;2;;1;3;2;;2;;2;;2;;2;;2;;2;;76;12;76;974.38029496
6059361;1;4;1;90;2;;1;8;2;;2;;2;;2;;2;;2;;2;;2;;76;12;76;974.38029496
6059375;1;1;1;90;2;;1;17;2;;2;;2;;2;;2;;2;;2;;2;;76;12;76;1323.2095426
6059375;2;1;2;90;2;;1;14;2;;1;24;2;;2;;2;;2;;2;;2;;76;12;76;1323.2095426
6059375;2;4;2;90;2;;2;;2;;2;;2;;2;;2;;2;;2;;2;;76;12;76;1323.2095426
6059375;3;1;3;90;2;;1;18;2;;1;4;2;;2;;2;;2;;2;;2;;76;12;76;1323.2095426
6059375;3;2;3;90;2;;2;;2;;2;;2;;2;;2;;2;;2;;2;;76;12;76;1323.2095426
6059375;3;3;3;90;2;;2;;1;1;2;;2;;2;;2;;2;;2;;2;;76;12;76;1323.2095426
6059378;1;1;1;90;2;;1;20;2;;2;;2;;2;;2;;2;;2;;2;;76;12;76;965.15938767
6059378;1;2;1;90;2;;1;5;2;;1;15;1;7;2;;2;;2;;2;;2;;76;12;76;965.15938767
6059380;1;1;1;90;2;;1;10;2;;2;;2;;2;;2;;2;;2;;2;;76;12;76;1330.0930073
6059380;1;2;1;90;2;;1;2;2;;2;;2;;2;;2;;2;;2;;2;;76;12;76;1330.0930073
6059381;1;1;1;90;2;;1;14;2;;2;;2;;2;;2;;2;;2;;2;;76;12;76;1425.2781216
6059381;1;2;1;90;2;;1;20;2;;2;;2;;2;;2;;2;;2;;2;;76;12;76;1425.2781216
6059381;1;3;1;90;2;;2;;2;;2;;2;;2;;1;4;2;;2;;2;;76;12;76;1425.2781216
6059382;1;1;1;90;2;;1;28;2;;2;;2;;2;;2;;2;;2;;2;;76;12;76;1017.5898122
6059383;1;1;1;90;2;;2;;2;;2;;2;;2;;2;;1;15;2;;2;;76;12;76;1067.9726714
6059383;1;2;1;90;2;;1;14;2;;1;20;2;;2;;2;;1;2;2;;2;;76;12;76;1067.9726714
6059384;1;1;1;90;2;;1;14;2;;1;40;2;;2;;2;;2;;2;;2;;76;12;76;1620.4222412
6059384;1;2;1;90;2;;2;;2;;2;;2;;2;;2;;2;;2;;2;;76;12;76;1620.4222412
6059385;1;1;1;90;2;;1;40;2;;1;25;2;;2;;2;;2;;2;;2;;76;12;76;1455.2375454
6059385;1;2;1;90;2;;1;1;2;;1;12;2;;2;;2;;2;;2;;2;;76;12;76;1455.2375454
6059385;1;3;1;90;2;;1;4;2;;1;18;2;;2;;2;;2;;2;;2;;76;12;76;1455.2375454
6059385;1;5;1;90;2;;1;1;2;;2;;2;;2;;2;;2;;2;;2;;76;12;76;1455.2375454
6059386;1;1;1;90;2;;1;14;2;;1;20;2;;2;;2;;2;;2;;2;;76;12;76;1883.0263366
6059386;1;2;1;90;2;;1;5;2;;2;;2;;2;;2;;2;;2;;2;;76;12;76;1883.0263366
6059386;1;4;1;90;2;;1;20;2;;1;30;2;;2;;2;;2;;2;;2;;76;12;76;1883.0263366
6059387;1;1;1;90;2;;1;10;2;;2;;2;;2;;2;;2;;2;;2;;76;12;76;1119.054514
6059387;1;2;1;90;2;;1;16;2;;2;;2;;2;;2;;2;;2;;2;;76;12;76;1119.054514
6059387;1;3;1;90;2;;1;15;2;;2;;2;;2;;2;;2;;2;;2;;76;12;76;1119.054514
6059388;1;1;1;90;2;;1;21;2;;1;10;2;;2;;1;44;2;;2;;2;;76;12;76;1441.9532944
6059389;1;1;1;90;2;;1;21;2;;2;;2;;2;;2;;2;;2;;2;;76;12;76;1112.7749265
6059389;1;2;1;90;2;;1;5;2;;2;;2;;2;;2;;2;;2;;2;;76;12;76;1112.7749265
6059390;1;1;1;90;2;;1;8;2;;2;;2;;2;;2;;2;;2;;1;8;76;12;76;1422.3368018
6059390;1;2;1;90;2;;1;8;2;;2;;2;;2;;2;;2;;2;;1;10;76;12;76;1422.3368018
6059391;1;1;1;90;2;;1;21;2;;2;;2;;2;;2;;2;;2;;2;;76;12;76;1001.398399
6059391;1;2;1;90;2;;1;7;2;;2;;2;;2;;2;;2;;2;;2;;76;12;76;1001.398399
6059391;1;3;1;90;2;;1;18;2;;2;;2;;2;;2;;2;;2;;2;;76;12;76;1001.398399
6059391;1;4;1;90;2;;1;7;2;;2;;2;;2;;2;;2;;2;;2;;76;12;76;1001.398399
6059392;1;1;1;90;2;;2;;2;;2;;2;;2;;2;;2;;2;;2;;76;12;76;1096.5835133
6059392;1;2;1;90;2;;2;;2;;2;;2;;2;;2;;2;;2;;2;;76;12;76;1096.5835133
6059392;1;3;1;90;2;;1;21;2;;1;35;2;;2;;2;;2;;2;;2;;76;12;76;1096.5835133
6059392;1;4;1;90;2;;2;;2;;1;28;2;;2;;2;;2;;2;;2;;76;12;76;1096.5835133
6059392;1;6;1;90;2;;2;;2;;2;;2;;2;;2;;2;;2;;2;;76;12;76;1096.5835133
6059393;1;1;1;90;2;;1;3;2;;2;;2;;2;;2;;2;;2;;2;;76;12;76;1067.9726714
6059393;1;2;1;90;2;;1;35;2;;2;;2;;2;;2;;2;;2;;2;;76;12;76;1067.9726714
6059988;1;1;1;90;2;;2;;2;;2;;2;;2;;2;;2;;2;;2;;05;12;05;1442.0918025
6059988;1;2;1;90;2;;1;30;2;;1;15;2;;2;;2;;2;;2;;2;;05;12;05;1442.0918025
6059988;1;3;1;90;2;;2;;2;;2;;2;;2;;2;;2;;2;;2;;05;12;05;1442.0918025
6059988;1;4;1;90;2;;1;15;2;;2;;2;;2;;2;;2;;2;;2;;05;12;05;1442.0918025
6059988;1;5;1;90;2;;1;16;2;;1;35;2;;2;;2;;2;;2;;2;;05;12;05;1442.0918025
6059988;1;7;1;90;2;;1;1;2;;2;;2;;2;;2;;2;;2;;2;;05;12;05;1442.0918025
6059989;1;1;1;90;2;;1;35;2;;1;40;2;;2;;2;;2;;2;;2;;05;12;05;1221.9524306
6059989;1;2;1;90;2;;1;20;2;;1;20;2;;2;;2;;2;;2;;2;;05;12;05;1221.9524306
6059989;1;3;1;90;2;;2;;2;;2;;2;;2;;2;;2;;2;;2;;05;12;05;1221.9524306
6059989;1;4;1;90;2;;2;;2;;2;;2;;2;;2;;2;;2;;2;;05;12;05;1221.9524306
6059989;1;5;1;90;2;;2;;2;;2;;2;;2;;2;;2;;2;;2;;05;12;05;1221.9524306
6059990;1;1;1;90;2;;1;7;2;;1;14;2;;2;;2;;2;;2;;2;;05;12;05;1471.3773889
6059990;1;2;1;90;2;;1;35;2;;1;40;2;;2;;2;;2;;2;;2;;05;12;05;1471.3773889
6059991;1;1;1;90;2;;1;21;2;;2;;2;;2;;2;;2;;2;;2;;05;12;05;1057.2416569
6059991;1;2;1;90;2;;1;10;2;;2;;2;;2;;2;;2;;2;;2;;05;12;05;1057.2416569
6059991;1;3;1;90;2;;1;14;2;;2;;2;;2;;2;;2;;2;;2;;05;12;05;1057.2416569
6059991;1;4;1;90;2;;1;21;2;;2;;2;;2;;2;;2;;2;;2;;05;12;05;1057.2416569
6059993;1;1;1;90;2;;1;21;2;;2;;2;;2;;2;;2;;2;;2;;05;12;05;1372.9049543
6059994;1;1;1;90;2;;1;21;2;;1;24;2;;2;;2;;2;;2;;2;;05;12;05;1375.6850256
6059994;1;2;1;90;2;;1;28;2;;1;48;2;;2;;2;;2;;2;;2;;05;12;05;1375.6850256
6059995;1;1;1;90;2;;1;21;2;;1;42;2;;2;;2;;2;;2;;2;;05;12;05;2693.1636601
6059995;1;2;1;90;2;;1;24;2;;1;70;2;;2;;2;;2;;2;;2;;05;12;05;2693.1636601
6059996;1;1;1;90;2;;1;14;2;;2;;2;;2;;2;;2;;2;;2;;05;12;05;1155.4021972
6059996;1;2;1;90;2;;1;24;2;;2;;2;;2;;2;;2;;2;;2;;05;12;05;1155.4021972
6059996;1;3;1;90;2;;1;8;2;;2;;2;;2;;2;;2;;2;;1;2;05;12;05;1155.4021972
6059997;1;1;1;90;2;;1;30;2;;1;7;2;;2;;2;;2;;2;;2;;05;12;05;2009.816673
6059997;1;2;1;90;2;;1;3;2;;1;7;2;;2;;2;;2;;2;;2;;05;12;05;2009.816673
6059997;1;3;1;90;2;;1;3;2;;2;;2;;2;;2;;2;;2;;2;;05;12;05;2009.816673
6059998;1;1;1;90;2;;2;;2;;2;;2;;2;;2;;2;;2;;2;;05;12;05;1272.4422035
6059998;1;2;1;90;2;;2;;2;;2;;2;;2;;2;;2;;2;;2;;05;12;05;1272.4422035
6059998;1;3;1;90;2;;2;;2;;2;;2;;2;;2;;2;;2;;2;;05;12;05;1272.4422035
6059999;1;1;1;90;2;;1;2;2;;2;;2;;2;;2;;2;;2;;2;;05;12;05;1471.3773889
6059999;1;2;1;90;2;;1;20;2;;2;;2;;2;;2;;2;;2;;2;;05;12;05;1471.3773889
6060000;1;1;1;90;2;;1;15;2;;2;;2;;2;;2;;1;50;2;;2;;05;12;05;1322.4151814
6060000;1;2;1;90;2;;1;30;2;;2;;1;30;2;;2;;2;;2;;2;;05;12;05;1322.4151814
6060000;1;3;1;90;2;;2;;2;;2;;2;;2;;2;;2;;2;;2;;05;12;05;1322.4151814
6060001;1;1;1;90;2;;1;3;2;;1;8;2;;2;;2;;2;;2;;2;;05;12;05;1432.1223282
6060001;1;2;1;90;2;;1;9;2;;1;70;2;;2;;2;;2;;2;;2;;05;12;05;1432.1223282
6060001;1;3;1;90;2;;1;3;2;;2;;2;;2;;2;;2;;2;;2;;05;12;05;1432.1223282
6060001;1;4;1;90;2;;1;4;2;;2;;2;;2;;2;;2;;2;;2;;05;12;05;1432.1223282
6060002;1;1;1;90;2;;1;5;2;;2;;2;;2;;2;;2;;2;;2;;05;12;05;1296.0920571
6060002;1;2;1;90;2;;2;;2;;2;;2;;2;;2;;2;;2;;2;;05;12;05;1296.0920571
6060003;1;1;1;90;2;;1;28;2;;2;;2;;2;;2;;2;;2;;2;;05;12;05;1041.985
6060003;1;2;1;90;2;;1;21;2;;2;;2;;2;;2;;2;;2;;2;;05;12;05;1041.985
6060003;1;3;1;90;2;;1;14;2;;2;;2;;2;;2;;2;;2;;2;;05;12;05;1041.985
6060003;1;4;1;90;2;;1;2;2;;2;;2;;2;;2;;2;;2;;2;;05;12;05;1041.985
6060003;1;5;1;90;2;;1;21;2;;2;;2;;2;;2;;2;;2;;2;;05;12;05;1041.985
6060003;1;6;1;90;2;;1;7;2;;2;;2;;2;;2;;2;;2;;2;;05;12;05;1041.985
6060004;1;1;1;90;2;;1;20;2;;2;;2;;2;;2;;2;;2;;2;;05;12;05;1253.5627375
6060004;1;2;1;90;2;;1;20;2;;2;;2;;2;;2;;2;;2;;2;;05;12;05;1253.5627375
6060005;1;1;1;90;2;;1;1;2;;1;89;2;;2;;2;;2;;2;;2;;05;12;05;1789.6773011
6060005;1;2;1;90;2;;1;7;2;;1;89;2;;2;;2;;2;;2;;2;;05;12;05;1789.6773011
6060006;1;1;1;90;2;;1;7;1;14;2;;1;35;2;;2;;2;;2;;2;;05;12;05;1043.5036387
6060006;1;2;1;90;2;;1;24;2;;2;;2;;2;;2;;2;;2;;2;;05;12;05;1043.5036387
6060006;1;3;1;90;2;;1;21;1;14;1;14;2;;2;;2;;2;;2;;2;;05;12;05;1043.5036387
6060006;1;4;1;90;2;;1;21;2;;2;;2;;2;;2;;2;;2;;2;;05;12;05;1043.5036387
6060008;1;1;1;90;2;;1;24;2;;2;;2;;2;;2;;2;;2;;2;;05;12;05;1234.6832715
6060009;1;1;1;90;2;;1;12;2;;2;;2;;2;;2;;2;;2;;2;;05;12;05;1305.0020488
6060011;1;1;1;90;2;;1;3;2;;1;20;2;;2;;2;;2;;2;;2;;05;12;05;1471.3773889
6060011;1;2;1;90;2;;1;20;2;;1;30;2;;2;;2;;2;;2;;2;;05;12;05;1471.3773889
6060012;1;1;1;90;2;;1;10;2;;2;;2;;2;;2;;2;;2;;2;;05;12;05;1206.8415085
6060012;1;2;1;90;2;;1;10;2;;2;;2;;2;;2;;2;;2;;2;;05;12;05;1206.8415085
6060014;1;1;1;90;2;;1;20;2;;2;;2;;2;;2;;2;;2;;2;;05;12;05;1269.7689328
6060015;1;1;1;90;2;;1;20;2;;1;20;2;;2;;2;;2;;2;;2;;05;12;05;1454.8226434
6060015;1;2;1;90;2;;1;20;2;;1;40;2;;2;;2;;2;;2;;2;;05;12;05;1454.8226434
6060016;1;1;1;90;2;;1;15;2;;2;;1;20;2;;2;;2;;2;;2;;05;12;05;1181.7253215
6060016;1;2;1;90;2;;1;8;2;;2;;2;;2;;2;;2;;2;;2;;05;12;05;1181.7253215
6060016;1;3;1;90;2;;1;30;2;;2;;2;;2;;2;;2;;2;;2;;05;12;05;1181.7253215
6060016;1;4;1;90;2;;1;20;2;;2;;2;;2;;2;;2;;2;;2;;05;12;05;1181.7253215
6060017;1;1;1;90;2;;1;20;2;;1;20;2;;2;;2;;2;;2;;2;;05;12;05;1452.4979229
6060018;1;1;1;90;2;;1;30;2;;1;30;2;;2;;2;;2;;2;;2;;05;12;05;1571.8626497
6060018;1;2;1;90;2;;1;10;2;;1;40;2;;2;;2;;2;;2;;2;;05;12;05;1571.8626497
6060019;1;1;1;90;2;;2;;2;;2;;2;;2;;2;;2;;2;;2;;05;12;05;1448.6770737
6060019;1;2;1;90;2;;2;;2;;2;;2;;2;;2;;2;;2;;2;;05;12;05;1448.6770737
6060019;1;3;1;90;2;;2;;2;;2;;2;;2;;2;;2;;2;;2;;05;12;05;1448.6770737
6060019;1;5;1;90;2;;2;;2;;2;;2;;2;;2;;2;;2;;2;;05;12;05;1448.6770737
6060021;1;1;1;90;2;;2;;2;;2;;2;;2;;2;;2;;2;;2;;05;12;05;1116.290593
6060021;1;2;1;90;2;;1;12;2;;2;;2;;2;;2;;2;;2;;2;;05;12;05;1116.290593
6060021;1;3;1;90;2;;2;;2;;2;;2;;2;;2;;2;;2;;2;;05;12;05;1116.290593
6060022;1;1;1;90;2;;1;12;1;10;1;89;2;;2;;2;;2;;2;;2;;05;12;05;1537.7265268
6060022;1;2;1;90;2;;1;10;2;;1;50;2;;2;;2;;2;;2;;2;;05;12;05;1537.7265268
6060022;1;3;1;90;2;;2;;2;;2;;2;;2;;2;;2;;2;;2;;05;12;05;1537.7265268
6060024;1;1;1;90;2;;1;28;2;;2;;2;;2;;2;;2;;2;;2;;05;12;05;1155.4021972
6060024;1;2;1;90;2;;1;28;2;;2;;2;;2;;2;;2;;2;;2;;05;12;05;1155.4021972
6060024;1;3;1;90;2;;1;28;2;;2;;2;;2;;2;;2;;2;;2;;05;12;05;1155.4021972
6060025;1;1;1;90;2;;1;15;2;;2;;2;;2;;2;;2;;2;;2;;05;12;05;1372.9049543
6060026;1;1;1;90;2;;2;;2;;2;;2;;2;;2;;2;;2;;2;;05;12;05;1206.8415085
6060026;1;2;1;90;2;;1;14;2;;2;;2;;2;;2;;2;;2;;2;;05;12;05;1206.8415085
6060027;1;1;1;90;2;;1;22;2;;2;;2;;2;;2;;2;;2;;2;;05;12;05;1062.3831047
6060027;1;2;1;90;2;;2;;2;;2;;2;;2;;2;;2;;2;;2;;05;12;05;1062.3831047
6060027;1;3;1;90;2;;1;5;2;;2;;2;;2;;2;;2;;2;;2;;05;12;05;1062.3831047
6060027;1;4;1;90;2;;1;2;2;;2;;2;;2;;2;;2;;2;;2;;05;12;05;1062.3831047
6060027;1;5;1;90;2;;2;;2;;2;;2;;2;;2;;2;;2;;2;;05;12;05;1062.3831047
6060028;1;1;1;90;2;;2;;2;;2;;1;12;2;;2;;2;;2;;2;;05;12;05;1170.403175
6060028;1;2;1;90;2;;1;20;2;;2;;1;28;2;;2;;2;;2;;2;;05;12;05;1170.403175
6060028;1;3;1;90;2;;2;;2;;2;;2;;2;;2;;2;;2;;2;;05;12;05;1170.403175
6060028;1;4;1;90;2;;2;;2;;2;;2;;2;;2;;2;;2;;2;;05;12;05;1170.403175
6060029;1;1;1;90;2;;1;3;2;;2;;2;;2;;2;;2;;2;;2;;05;12;05;1211.9829563
6060029;1;2;1;90;2;;1;10;2;;2;;2;;2;;2;;2;;2;;2;;05;12;05;1211.9829563
6060029;1;3;1;90;2;;1;2;2;;2;;2;;2;;2;;2;;2;;2;;05;12;05;1211.9829563
6060030;1;1;1;90;2;;1;14;2;;2;;2;;2;;2;;2;;2;;2;;05;12;05;1402.0081499
6060030;1;2;1;90;2;;1;42;2;;2;;2;;2;;2;;2;;2;;2;;05;12;05;1402.0081499
6060030;1;3;1;90;2;;1;14;2;;2;;2;;2;;2;;2;;2;;2;;05;12;05;1402.0081499
6060031;1;1;1;90;2;;1;16;2;;1;24;2;;2;;2;;2;;2;;2;;05;12;05;1471.3773889
6060031;1;2;1;90;2;;1;1;2;;1;5;2;;2;;2;;2;;2;;2;;05;12;05;1471.3773889
6060032;1;1;1;90;2;;1;28;2;;2;;2;;2;;2;;2;;2;;2;;05;12;05;1552.9831837
6060033;1;1;1;90;2;;1;30;2;;2;;2;;2;;2;;2;;2;;2;;05;12;05;1391.7844204
6060033;1;2;1;90;2;;1;20;2;;2;;1;20;2;;2;;2;;2;;2;;05;12;05;1391.7844204
6060034;1;1;1;90;2;;1;8;2;;2;;2;;2;;2;;2;;2;;2;;05;12;05;1274.7444141
6060034;1;2;1;90;2;;1;28;2;;2;;2;;2;;2;;2;;2;;2;;05;12;05;1274.7444141
6060035;1;1;1;90;2;;1;7;2;;2;;2;;2;;2;;2;;2;;2;;05;12;05;1314.9715231
6060035;1;2;1;90;2;;1;28;2;;2;;2;;2;;2;;2;;2;;2;;05;12;05;1314.9715231
6060035;1;3;1;90;2;;1;7;2;;2;;2;;2;;2;;2;;2;;2;;05;12;05;1314.9715231
6060036;1;1;1;90;2;;2;;2;;2;;2;;2;;2;;2;;2;;2;;05;12;05;1384.3407621
6060036;1;2;1;90;2;;1;14;2;;2;;2;;2;;2;;2;;2;;2;;05;12;05;1384.3407621
6060038;1;1;1;90;2;;2;;2;;2;;2;;2;;2;;2;;2;;2;;05;12;05;1305.0020488
6060039;1;1;1;90;2;;1;24;2;;2;;2;;2;;2;;2;;2;;2;;05;12;05;1253.5627375
6060039;1;2;1;90;2;;1;20;2;;2;;2;;2;;2;;2;;2;;2;;05;12;05;1253.5627375
6060040;1;1;1;90;2;;1;20;2;;2;;2;;2;;2;;2;;2;;2;;05;12;05;1410.6638864
6060040;1;2;1;90;2;;1;20;2;;2;;2;;2;;2;;2;;2;;2;;05;12;05;1410.6638864
6060040;1;3;1;90;2;;1;30;2;;2;;2;;2;;2;;2;;2;;2;;05;12;05;1410.6638864
6060041;1;1;1;90;2;;1;30;2;;2;;2;;2;;2;;2;;2;;2;;05;12;05;1113.822416
6060041;1;2;1;90;2;;1;10;2;;2;;2;;2;;2;;2;;2;;2;;05;12;05;1113.822416
6060041;1;3;1;90;2;;1;10;2;;2;;2;;2;;2;;2;;2;;2;;05;12;05;1113.822416
6060041;1;4;1;90;2;;1;15;2;;2;;2;;2;;2;;2;;2;;2;;05;12;05;1113.822416
6060042;1;1;1;90;2;;1;10;2;;2;;2;;2;;2;;2;;2;;2;;05;12;05;1057.2416569
6060042;1;2;1;90;2;;1;30;2;;2;;2;;2;;2;;2;;2;;2;;05;12;05;1057.2416569
6060042;1;3;1;90;2;;1;15;2;;2;;2;;2;;2;;2;;2;;2;;05;12;05;1057.2416569
6060042;1;4;1;90;2;;1;15;2;;2;;2;;2;;2;;2;;2;;2;;05;12;05;1057.2416569
6060043;1;1;1;90;2;;2;;2;;2;;2;;2;;2;;2;;2;;2;;05;12;05;1296.0920571
6060043;1;2;1;90;2;;1;20;2;;2;;2;;2;;2;;2;;2;;2;;05;12;05;1296.0920571
6060044;1;1;1;90;2;;1;4;2;;2;;2;;2;;2;;2;;2;;2;;05;12;05;1254.5122759
6060044;1;2;1;90;2;;1;28;2;;2;;2;;2;;2;;2;;2;;2;;05;12;05;1254.5122759
6060044;1;3;1;90;2;;2;;2;;2;;2;;2;;2;;2;;2;;2;;05;12;05;1254.5122759
6060045;1;1;1;90;2;;1;21;2;;2;;2;;2;;2;;2;;2;;2;;05;12;05;1253.5627375
6060045;1;2;1;90;2;;1;14;2;;2;;2;;2;;2;;2;;2;;2;;05;12;05;1253.5627375
6060046;1;1;1;90;2;;2;;2;;2;;2;;2;;2;;2;;2;;2;;05;12;05;1485.1154071
6060046;1;2;1;90;2;;1;14;2;;2;;2;;2;;2;;2;;2;;2;;05;12;05;1485.1154071
6060047;1;1;1;90;2;;1;21;1;21;2;;1;35;2;;2;;2;;2;;2;;05;12;05;1372.9049543
6060048;1;1;1;90;2;;2;;2;;2;;2;;2;;2;;2;;2;;2;;05;12;05;1314.9715231
6060048;1;2;1;90;2;;1;7;2;;2;;2;;2;;2;;2;;2;;2;;05;12;05;1314.9715231
6060048;1;3;1;90;2;;1;6;2;;2;;1;14;2;;2;;2;;2;;2;;05;12;05;1314.9715231
6060049;1;1;1;90;2;;2;;2;;2;;2;;2;;2;;2;;2;;2;;05;12;05;1253.5627375
6060049;1;2;1;90;2;;1;7;2;;2;;2;;2;;2;;2;;2;;2;;05;12;05;1253.5627375
6060051;1;1;1;90;2;;1;10;2;;2;;2;;2;;2;;2;;2;;2;;05;12;05;1078.5893
6060051;1;2;1;90;2;;1;30;2;;2;;2;;2;;2;;2;;2;;2;;05;12;05;1078.5893
6060051;1;3;1;90;2;;1;20;2;;2;;2;;2;;2;;2;;2;;2;;05;12;05;1078.5893
6060051;1;4;1;90;2;;1;20;2;;2;;2;;2;;2;;2;;2;;2;;05;12;05;1078.5893
6060052;1;1;1;90;2;;1;30;2;;2;;2;;2;;2;;2;;2;;2;;05;12;05;1253.5627375
6060052;1;2;1;90;2;;1;20;2;;2;;2;;2;;1;6;2;;2;;2;;05;12;05;1253.5627375
6060053;1;1;1;90;2;;1;20;2;;2;;2;;2;;2;;2;;2;;2;;05;12;05;1288.6483988
6060053;1;2;1;90;2;;1;14;2;;2;;2;;2;;2;;2;;2;;2;;05;12;05;1288.6483988
6060054;1;1;1;90;2;;1;4;2;;2;;2;;2;;2;;2;;2;;2;;05;12;05;1365.4612961
6060055;1;1;1;90;2;;1;20;2;;2;;2;;2;;2;;2;;2;;2;;05;12;05;1296.0920571
6060055;1;2;1;90;2;;1;30;2;;2;;2;;2;;2;;2;;2;;2;;05;12;05;1296.0920571
6060056;1;1;1;90;2;;1;5;2;;1;12;2;;2;;2;;2;;2;;2;;05;12;05;1647.612259
6060056;1;2;1;90;2;;1;21;2;;1;20;2;;2;;2;;2;;2;;2;;05;12;05;1647.612259
6060056;1;3;1;90;2;;1;2;2;;1;12;2;;2;;2;;2;;2;;2;;05;12;05;1647.612259
6060057;1;1;1;90;2;;1;14;2;;2;;2;;2;;2;;2;;2;;2;;05;12;05;1233.1646328
6060057;1;2;1;90;2;;1;4;2;;2;;2;;2;;2;;2;;2;;2;;05;12;05;1233.1646328
6060057;1;3;1;90;2;;1;6;2;;2;;2;;2;;2;;2;;2;;2;;05;12;05;1233.1646328
6060058;1;1;1;90;2;;1;12;2;;2;;2;;2;;2;;2;;2;;2;;05;12;05;1272.4422035
6060058;1;2;1;90;2;;1;4;2;;2;;2;;2;;2;;2;;2;;2;;05;12;05;1272.4422035
6060058;1;3;1;90;2;;1;3;2;;2;;2;;2;;2;;2;;2;;2;;05;12;05;1272.4422035
6060059;1;1;1;90;2;;1;10;2;;2;;2;;2;;2;;2;;2;;2;;05;12;05;1253.5627375
6060059;1;2;1;90;2;;1;2;2;;2;;2;;2;;2;;2;;2;;2;;05;12;05;1253.5627375
6060062;1;1;1;90;2;;1;30;2;;2;;1;30;2;;2;;2;;2;;2;;05;12;05;1211.9829563
6060062;1;2;1;90;2;;1;15;2;;2;;2;;2;;2;;2;;2;;2;;05;12;05;1211.9829563
6060062;1;3;1;90;2;;1;15;2;;2;;2;;2;;2;;2;;2;;2;;05;12;05;1211.9829563
6060064;1;1;1;90;2;;1;1;2;;2;;2;;2;;2;;2;;2;;2;;05;12;05;1181.7253215
6060064;1;2;1;90;2;;1;22;2;;2;;2;;2;;2;;2;;2;;2;;05;12;05;1181.7253215
6060064;1;3;1;90;2;;2;;2;;2;;2;;2;;2;;2;;2;;2;;05;12;05;1181.7253215
6060064;1;4;1;90;2;;1;3;2;;2;;2;;2;;2;;2;;2;;2;;05;12;05;1181.7253215
6060065;1;1;1;90;2;;1;3;2;;2;;2;;2;;2;;2;;2;;2;;05;12;05;1170.403175
6060065;1;2;1;90;2;;1;49;2;;2;;2;;2;;2;;2;;2;;2;;05;12;05;1170.403175
6060065;1;3;1;90;2;;1;4;2;;2;;2;;2;;2;;2;;2;;2;;05;12;05;1170.403175
6060065;1;4;1;90;2;;1;4;2;;2;;2;;2;;2;;2;;2;;2;;05;12;05;1170.403175
6060066;1;1;1;90;2;;2;;2;;2;;2;;2;;2;;2;;2;;2;;05;12;05;1170.403175
6060066;1;2;1;90;2;;1;13;2;;2;;2;;2;;2;;2;;2;;2;;05;12;05;1170.403175
6060066;1;3;1;90;2;;2;;2;;2;;2;;2;;2;;2;;2;;2;;05;12;05;1170.403175
6060066;1;4;1;90;2;;1;1;2;;2;;2;;2;;2;;2;;2;;2;;05;12;05;1170.403175
6060067;1;1;1;90;2;;1;15;2;;2;;2;;2;;2;;2;;2;;2;;05;12;05;1206.8415085
6060067;1;2;1;90;2;;1;10;2;;2;;2;;2;;2;;2;;2;;2;;05;12;05;1206.8415085
6060068;1;1;1;90;2;;2;;2;;2;;2;;2;;2;;2;;2;;2;;05;12;05;1603.616606
6060068;1;2;1;90;2;;1;21;2;;1;21;2;;2;;2;;2;;2;;2;;05;12;05;1603.616606
6060068;1;3;1;90;2;;1;21;2;;1;21;2;;2;;2;;2;;2;;2;;05;12;05;1603.616606
6060068;1;6;1;90;2;;1;14;2;;1;21;2;;2;;2;;2;;2;;2;;05;12;05;1603.616606
6060069;1;1;1;90;2;;1;21;2;;2;;2;;2;;2;;2;;2;;2;;05;12;05;1274.7444141
6060069;1;2;1;90;2;;1;14;2;;2;;2;;2;;2;;2;;2;;2;;05;12;05;1274.7444141
6060070;1;1;1;90;2;;1;15;2;;2;;2;;2;;2;;2;;2;;2;;05;12;05;1530.2828685
6060070;1;2;1;90;2;;1;15;2;;1;15;2;;2;;2;;2;;2;;2;;05;12;05;1530.2828685
6060070;1;3;1;90;2;;1;30;2;;1;30;2;;2;;2;;2;;2;;2;;05;12;05;1530.2828685
6060071;1;1;1;90;2;;1;24;2;;2;;2;;2;;2;;2;;2;;2;;05;12;05;1067.0077574
6060071;1;2;1;90;2;;2;;2;;2;;2;;2;;2;;2;;2;;2;;05;12;05;1067.0077574
6060071;1;3;1;90;2;;2;;2;;2;;2;;2;;2;;2;;2;;2;;05;12;05;1067.0077574
6060071;1;4;1;90;2;;1;7;2;;2;;2;;2;;2;;2;;2;;2;;05;12;05;1067.0077574
6060071;2;1;2;90;2;;1;10;2;;2;;2;;2;;2;;2;;2;;2;;05;12;05;1067.0077574
6060071;2;2;2;90;2;;1;35;2;;2;;2;;2;;2;;2;;2;;2;;05;12;05;1067.0077574
6060071;2;3;2;90;2;;1;7;2;;2;;2;;2;;2;;2;;2;;2;;05;12;05;1067.0077574
6060071;2;4;2;90;2;;1;14;2;;2;;2;;2;;2;;2;;2;;2;;05;12;05;1067.0077574
6060072;1;1;1;90;2;;1;14;1;5;1;21;1;3;2;;2;;2;;2;;2;;05;12;05;1715.5151646
6060072;1;2;1;90;2;;1;28;1;3;1;60;1;18;2;;2;;2;;2;;2;;05;12;05;1715.5151646
6060072;1;5;1;90;2;;1;21;2;;1;14;2;;2;;2;;2;;2;;2;;05;12;05;1715.5151646
6060073;1;1;1;90;2;;1;30;2;;2;;2;;2;;2;;2;;2;;2;;05;12;05;1293.6238801
6060073;1;2;1;90;2;;1;25;2;;2;;2;;2;;2;;2;;2;;2;;05;12;05;1293.6238801
6060073;1;3;1;90;2;;1;15;2;;2;;2;;2;;2;;2;;2;;2;;05;12;05;1293.6238801
6060074;1;1;1;90;2;;1;14;2;;2;;2;;2;;2;;2;;2;;2;;05;12;05;1269.7689328
6060076;1;1;1;90;2;;1;7;2;;2;;2;;2;;2;;2;;2;;2;;05;12;05;1365.4612961
6060077;1;1;1;90;2;;1;14;2;;1;20;2;;2;;2;;2;;2;;2;;05;12;05;1571.8626497
6060077;1;2;1;90;2;;2;;2;;2;;2;;2;;2;;2;;2;;2;;05;12;05;1571.8626497
6060078;1;1;1;90;2;;1;7;2;;1;7;2;;2;;2;;2;;2;;2;;05;12;05;2107.9772133
6060078;1;2;1;90;2;;1;28;2;;1;28;2;;2;;2;;2;;2;;2;;05;12;05;2107.9772133
6060079;1;1;1;90;2;;2;;2;;2;;2;;2;;2;;2;;2;;2;;05;12;05;1253.5627375
6060079;1;2;1;90;2;;2;;2;;2;;2;;2;;2;;2;;2;;2;;05;12;05;1253.5627375
6060080;1;1;1;90;2;;2;;2;;2;;2;;2;;2;;2;;2;;2;;05;12;05;1269.7689328
6060081;1;1;1;90;2;;1;8;2;;2;;2;;2;;2;;2;;2;;2;;05;12;05;1253.5627375
6060081;1;2;1;90;2;;1;12;2;;2;;2;;2;;2;;2;;2;;2;;05;12;05;1253.5627375
6060082;1;1;1;90;2;;2;;2;;2;;2;;2;;2;;2;;2;;2;;05;12;05;1269.7689328
6060083;1;1;1;90;2;;1;10;2;;2;;2;;2;;2;;2;;2;;2;;05;12;05;1228.1891516
6060083;1;2;1;90;2;;1;10;2;;2;;2;;2;;2;;2;;2;;2;;05;12;05;1228.1891516
6060084;1;1;1;90;2;;1;21;2;;1;14;2;;2;;2;;2;;2;;2;;05;12;05;1672.6372948
6060084;1;2;1;90;2;;1;14;2;;2;;2;;2;;2;;2;;2;;2;;05;12;05;1672.6372948
6060085;1;1;1;90;2;;2;;2;;2;;2;;2;;2;;2;;2;;2;;05;12;05;1471.3773889
6060085;1;2;1;90;2;;2;;2;;2;;2;;2;;2;;2;;2;;2;;05;12;05;1471.3773889
6060086;1;1;1;90;2;;2;;2;;2;;2;;2;;2;;2;;2;;2;;05;12;05;1269.7689328
6060087;1;1;1;90;2;;1;28;2;;2;;2;;2;;2;;2;;2;;2;;05;12;05;1136.5227312
6060087;1;2;1;90;2;;1;21;2;;2;;2;;2;;2;;2;;2;;2;;05;12;05;1136.5227312
6060088;1;1;1;90;2;;2;;1;28;2;;2;;2;;2;;2;;2;;1;7;05;12;05;1261.0063958
6060088;1;2;1;90;2;;1;8;2;;2;;2;;2;;2;;2;;2;;2;;05;12;05;1261.0063958
6060089;1;1;1;90;2;;1;12;2;;2;;2;;2;;2;;2;;2;;2;;05;12;05;1038.3621909
6060089;1;2;1;90;2;;2;;2;;2;;2;;2;;2;;2;;2;;2;;05;12;05;1038.3621909
6060089;1;3;1;90;2;;2;;2;;2;;2;;2;;2;;2;;2;;2;;05;12;05;1038.3621909
6060090;1;1;1;90;2;;2;;2;;2;;2;;2;;2;;2;;2;;2;;05;12;05;1314.9715231
6060090;1;2;1;90;2;;1;24;2;;2;;1;48;2;;2;;2;;2;;2;;05;12;05;1314.9715231
6060090;1;3;1;90;2;;1;14;2;;2;;2;;2;;2;;2;;2;;2;;05;12;05;1314.9715231
6060091;1;1;1;90;2;;1;28;1;4;2;;2;;2;;2;;2;;2;;2;;05;12;05;1193.1034902
6060091;1;2;1;90;2;;2;;2;;2;;2;;2;;2;;2;;2;;2;;05;12;05;1193.1034902
6060092;1;1;1;90;2;;1;14;2;;1;14;2;;2;;2;;2;;2;;2;;05;12;05;1698.9829291
6060092;1;2;1;90;2;;2;;2;;2;;2;;2;;2;;2;;2;;2;;05;12;05;1698.9829291
6060092;1;3;1;90;2;;1;7;2;;2;;2;;2;;2;;2;;2;;2;;05;12;05;1698.9829291
6060092;1;5;1;90;2;;2;;2;;1;14;2;;2;;2;;2;;2;;2;;05;12;05;1698.9829291
6060092;1;6;1;90;2;;1;35;2;;1;70;2;;2;;2;;2;;2;;2;;05;12;05;1698.9829291
6060094;1;1;1;90;2;;1;30;2;;2;;2;;2;;2;;2;;2;;2;;05;12;05;974.1343997
6060094;1;2;1;90;1;30;2;;2;;2;;2;;2;;2;;2;;2;;2;;05;12;05;974.1343997
6060094;1;3;1;90;2;;1;18;2;;2;;2;;2;;2;;2;;2;;2;;05;12;05;974.1343997
6060094;1;4;1;90;2;;1;12;2;;2;;2;;2;;2;;2;;2;;2;;05;12;05;974.1343997
6060094;1;5;1;90;1;30;1;14;2;;2;;2;;2;;2;;2;;2;;2;;05;12;05;974.1343997
6060095;1;1;1;90;2;;1;16;2;;2;;2;;2;;2;;2;;2;;2;;05;12;05;1478.8210472
6060095;1;3;1;90;2;;1;28;2;;2;;2;;2;;2;;2;;2;;2;;05;12;05;1478.8210472
6060096;1;1;1;90;2;;1;20;2;;2;;2;;2;;2;;2;;2;;2;;05;12;05;1136.5227312
6060096;1;2;1;90;2;;1;14;2;;2;;2;;2;;2;;2;;2;;2;;05;12;05;1136.5227312
6060097;1;1;1;90;2;;1;20;2;;2;;2;;2;;2;;2;;2;;2;;05;12;05;1279.8858618
6060097;1;2;1;90;2;;1;12;2;;2;;2;;2;;2;;2;;2;;2;;05;12;05;1279.8858618
6060097;1;3;1;90;2;;1;12;2;;2;;2;;2;;2;;2;;2;;2;;05;12;05;1279.8858618
6060098;1;1;1;90;2;;1;20;2;;2;;2;;2;;2;;2;;2;;2;;05;12;05;1269.7689328
6060099;1;1;1;90;2;;1;14;2;;2;;2;;2;;2;;2;;2;;2;;05;12;05;1253.5627375
6060099;1;2;1;90;2;;1;8;2;;2;;2;;2;;2;;2;;2;;2;;05;12;05;1253.5627375
6060101;1;1;1;90;2;;1;7;2;;2;;2;;2;;2;;1;8;2;;2;;05;12;05;1314.9715231
6060101;1;2;1;90;2;;1;14;2;;2;;2;;2;;2;;2;;2;;2;;05;12;05;1314.9715231
6060101;1;3;1;90;2;;2;;2;;2;;2;;2;;2;;2;;2;;2;;05;12;05;1314.9715231
6060102;1;1;1;90;2;;1;10;2;;1;20;2;;2;;2;;2;;2;;2;;05;12;05;1224.7325019
6060102;1;2;1;90;2;;1;20;2;;1;35;2;;2;;2;;2;;2;;2;;05;12;05;1224.7325019
6060102;1;3;1;90;2;;2;;2;;1;4;2;;2;;2;;2;;2;;2;;05;12;05;1224.7325019
6060102;1;4;1;90;2;;1;7;2;;1;30;2;;2;;2;;2;;2;;2;;05;12;05;1224.7325019
6060102;1;5;1;90;2;;1;7;2;;1;30;2;;2;;2;;2;;2;;2;;05;12;05;1224.7325019
6060102;1;7;1;90;2;;1;70;2;;2;;2;;2;;2;;2;;2;;2;;05;12;05;1224.7325019
6060103;1;1;1;90;2;;1;50;2;;2;;2;;2;;2;;2;;2;;2;;05;12;05;1253.5627375
6060103;1;2;1;90;2;;1;42;2;;2;;2;;2;;2;;2;;2;;2;;05;12;05;1253.5627375
6060104;1;1;1;90;2;;1;10;2;;2;;2;;2;;2;;2;;2;;2;;05;12;05;1184.1934986
6060104;1;2;1;90;2;;1;35;2;;2;;2;;2;;2;;2;;2;;2;;05;12;05;1184.1934986
6060104;1;3;1;90;2;;2;;2;;2;;2;;2;;2;;2;;2;;2;;05;12;05;1184.1934986
6060105;1;1;1;90;2;;1;30;2;;2;;2;;2;;2;;2;;2;;2;;05;12;05;1219.4266146
6060105;1;2;1;90;2;;1;4;2;;2;;2;;2;;2;;2;;2;;2;;05;12;05;1219.4266146
6060105;1;3;1;90;2;;1;24;2;;2;;2;;2;;2;;2;;2;;2;;05;12;05;1219.4266146
6060106;1;1;1;90;2;;1;7;2;;2;;2;;2;;2;;2;;2;;2;;05;12;05;1380.6605069
6060106;1;2;1;90;2;;1;35;2;;1;20;2;;2;;2;;2;;2;;2;;05;12;05;1380.6605069
6060106;1;3;1;90;2;;1;14;2;;2;;2;;2;;2;;2;;2;;2;;05;12;05;1380.6605069
6060108;1;1;1;90;2;;1;20;2;;2;;2;;2;;2;;2;;2;;2;;05;12;05;1571.8626497
6060108;1;2;1;90;2;;1;24;2;;2;;2;;2;;2;;2;;2;;2;;05;12;05;1571.8626497
6060109;1;1;1;90;2;;1;20;2;;2;;2;;2;;2;;2;;2;;2;;05;12;05;1269.7689328
6060110;1;1;1;90;2;;1;15;2;;2;;2;;2;;2;;2;;2;;2;;05;12;05;1192.9560355
6060110;1;2;1;90;2;;1;20;2;;2;;2;;2;;2;;2;;2;;2;;05;12;05;1192.9560355
6060111;1;1;1;90;2;;1;14;2;;2;;2;;2;;2;;2;;2;;2;;05;12;05;1365.4612961
6060113;1;1;1;90;2;;1;2;2;;2;;2;;2;;2;;2;;2;;2;;05;12;05;1296.0920571
6060113;1;2;1;90;2;;1;30;2;;2;;2;;2;;2;;2;;2;;2;;05;12;05;1296.0920571
6060114;1;1;1;90;2;;2;;2;;2;;2;;2;;2;;2;;2;;2;;05;12;05;1288.6483988
6060114;1;2;1;90;2;;1;14;2;;2;;2;;2;;2;;2;;2;;2;;05;12;05;1288.6483988
6060115;1;1;1;90;2;;1;20;2;;2;;2;;2;;2;;2;;2;;2;;05;12;05;1314.9715231
6060115;1;2;1;90;2;;1;4;2;;2;;2;;2;;2;;2;;2;;2;;05;12;05;1314.9715231
6060115;1;3;1;90;2;;2;;2;;2;;2;;2;;2;;2;;2;;2;;05;12;05;1314.9715231
6060116;1;1;1;90;2;;1;10;1;8;2;;2;;2;;2;;2;;2;;2;;05;12;05;1320.5131539
6060116;1;2;1;90;2;;1;2;1;3;2;;2;;2;;2;;2;;2;;2;;05;12;05;1320.5131539
6060116;1;3;1;90;2;;1;1;2;;2;;2;;2;;2;;2;;2;;2;;05;12;05;1320.5131539
6060116;1;4;1;90;2;;1;10;1;11;1;2;2;;2;;2;;2;;2;;2;;05;12;05;1320.5131539
6060116;1;6;1;90;2;;1;7;1;2;1;12;2;;2;;2;;2;;2;;2;;05;12;05;1320.5131539
6060117;1;1;1;90;2;;1;14;2;;1;10;2;;2;;2;;2;;2;;2;;05;12;05;1373.2168486
6060117;1;2;1;90;2;;1;21;2;;1;50;2;;2;;2;;2;;2;;2;;05;12;05;1373.2168486
6060117;1;3;1;90;2;;1;7;2;;1;25;2;;2;;2;;2;;2;;2;;05;12;05;1373.2168486
6060118;1;1;1;90;2;;1;40;2;;2;;2;;2;;2;;2;;2;;2;;05;12;05;1203.0729646
6060118;1;2;1;90;2;;2;;2;;2;;2;;2;;2;;2;;2;;2;;05;12;05;1203.0729646
6060118;1;3;1;90;2;;1;10;2;;2;;2;;2;;2;;2;;2;;2;;05;12;05;1203.0729646
6060118;1;4;1;90;2;;2;;2;;2;;2;;2;;2;;2;;2;;2;;05;12;05;1203.0729646
6060120;1;1;1;90;2;;1;21;2;;1;21;2;;2;;2;;2;;2;;2;;05;12;05;1696.6582086
6060120;1;2;1;90;2;;1;7;2;;2;;2;;2;;2;;2;;2;;2;;05;12;05;1696.6582086
6060120;1;3;1;90;2;;1;14;2;;1;14;2;;2;;2;;2;;2;;2;;05;12;05;1696.6582086
6060120;1;4;1;90;2;;1;21;2;;1;21;2;;2;;2;;2;;2;;2;;05;12;05;1696.6582086
6060122;1;1;1;90;2;;2;;2;;2;;2;;2;;2;;2;;2;;2;;05;12;05;1253.5627375
6060122;1;2;1;90;2;;1;20;1;20;2;;1;25;2;;2;;2;;2;;2;;05;12;05;1253.5627375
6060123;1;1;1;90;2;;2;;2;;2;;2;;2;;2;;2;;2;;2;;05;12;05;1238.3060806
6060123;1;2;1;90;2;;1;20;2;;2;;2;;2;;2;;2;;2;;2;;05;12;05;1238.3060806
6060123;1;3;1;90;2;;1;4;2;;2;;2;;2;;2;;2;;2;;2;;05;12;05;1238.3060806
6060123;1;4;1;90;2;;2;;2;;2;;2;;2;;2;;2;;2;;2;;05;12;05;1238.3060806
6060125;1;1;1;90;2;;1;4;2;;2;;2;;2;;2;;2;;2;;2;;05;12;05;1502.4934108
6060125;1;2;1;90;2;;1;21;2;;2;;1;8;2;;2;;2;;2;;2;;05;12;05;1502.4934108
6060125;1;3;1;90;2;;1;7;2;;1;7;2;;2;;2;;2;;2;;2;;05;12;05;1502.4934108
6060126;1;1;1;90;2;;1;20;2;;2;;2;;2;;2;;2;;2;;2;;05;12;05;1122.7847129
6060126;1;2;1;90;2;;1;30;2;;2;;2;;2;;2;;2;;2;;2;;05;12;05;1122.7847129
6060127;1;1;1;90;2;;1;20;2;;1;30;2;;2;;2;;2;;2;;2;;05;12;05;1647.612259
6060127;1;2;1;90;2;;1;20;2;;1;10;2;;2;;2;;2;;2;;2;;05;12;05;1647.612259
6060127;1;3;1;90;2;;1;20;2;;1;20;2;;2;;2;;2;;2;;2;;05;12;05;1647.612259
6060129;1;1;1;90;2;;1;5;2;;2;;2;;2;;2;;2;;2;;2;;05;12;05;1365.4612961
6060130;1;1;1;90;2;;1;14;2;;2;;2;;2;;2;;2;;2;;2;;05;12;05;1155.4021972
6060130;1;2;1;90;2;;1;9;2;;2;;2;;2;;2;;2;;2;;2;;05;12;05;1155.4021972
6060130;1;3;1;90;2;;1;10;2;;2;;2;;2;;2;;2;;2;;2;;05;12;05;1155.4021972
6060131;1;1;1;90;2;;1;28;2;;2;;2;;2;;2;;2;;2;;2;;05;12;05;1206.8415085
6060131;1;2;1;90;2;;1;10;2;;2;;2;;2;;2;;2;;2;;2;;05;12;05;1206.8415085
6060141;1;1;1;90;2;;1;5;2;;2;;2;;2;;2;;2;;2;;2;;08;12;08;659.80092518
6060141;1;2;1;90;2;;1;15;2;;2;;2;;2;;2;;2;;2;;2;;08;12;08;659.80092518
6060141;1;3;1;90;2;;1;5;2;;2;;2;;2;;2;;2;;2;;2;;08;12;08;659.80092518
6060141;1;4;1;90;2;;1;10;2;;2;;2;;2;;2;;2;;2;;2;;08;12;08;659.80092518
6060141;1;5;1;90;2;;1;15;2;;2;;2;;2;;2;;2;;2;;2;;08;12;08;659.80092518
6060142;1;1;1;90;2;;1;15;2;;2;;1;24;2;;2;;2;;2;;2;;08;12;08;585.23183644
6060142;1;2;1;90;2;;2;;2;;2;;2;;2;;2;;2;;2;;2;;08;12;08;585.23183644
6060143;1;1;1;90;2;;1;21;2;;2;;1;21;2;;2;;2;;2;;2;;08;12;08;501.42261816
6060143;1;2;1;90;2;;1;21;2;;2;;1;35;2;;2;;2;;2;;2;;08;12;08;501.42261816
6060143;1;3;1;90;2;;1;14;2;;2;;1;4;2;;2;;2;;2;;2;;08;12;08;501.42261816
6060143;1;4;1;90;2;;1;21;2;;2;;1;21;2;;2;;2;;2;;2;;08;12;08;501.42261816
6060143;1;5;1;90;2;;2;;2;;2;;2;;2;;2;;2;;2;;2;;08;12;08;501.42261816
6060144;1;1;1;90;2;;1;15;2;;1;20;2;;2;;2;;2;;2;;2;;08;12;08;649.22782259
6060144;1;2;1;90;2;;1;20;2;;1;25;2;;2;;2;;2;;2;;2;;08;12;08;649.22782259
6060145;1;1;1;90;2;;1;4;2;;2;;2;;2;;2;;2;;2;;2;;08;12;08;772.5602716
6060145;1;2;1;90;2;;1;40;2;;1;24;2;;2;;2;;2;;2;;2;;08;12;08;772.5602716
6060145;1;6;1;90;2;;1;3;2;;2;;2;;2;;2;;2;;2;;2;;08;12;08;772.5602716
6060146;1;1;1;90;2;;1;6;2;;2;;2;;2;;2;;2;;2;;2;;08;12;08;733.0458405
6060146;1;2;1;90;2;;1;10;2;;1;10;2;;2;;2;;2;;2;;2;;08;12;08;733.0458405
6060146;1;3;1;90;2;;1;3;2;;2;;2;;2;;2;;2;;2;;2;;08;12;08;733.0458405
6060146;1;5;1;90;2;;1;6;2;;2;;2;;2;;2;;2;;2;;2;;08;12;08;733.0458405
6060147;1;1;1;90;2;;1;7;2;;2;;1;12;2;;2;;2;;2;;2;;08;12;08;466.43796558
6060147;1;2;1;90;2;;1;12;2;;2;;2;;2;;2;;2;;2;;2;;08;12;08;466.43796558
6060147;1;3;1;90;2;;1;7;2;;2;;2;;2;;2;;2;;2;;2;;08;12;08;466.43796558
6060147;1;4;1;90;2;;2;;2;;2;;2;;2;;2;;2;;2;;2;;08;12;08;466.43796558
6060148;1;1;1;90;2;;1;25;2;;1;40;2;;2;;2;;2;;2;;2;;08;12;08;574.13013575
6060148;1;2;1;90;2;;1;7;2;;2;;2;;2;;2;;2;;2;;2;;08;12;08;574.13013575
6060149;1;1;1;90;2;;1;25;2;;2;;2;;2;;2;;2;;2;;2;;08;12;08;572.54153645
6060149;1;2;1;90;2;;2;;2;;2;;2;;2;;2;;2;;2;;2;;08;12;08;572.54153645
6060150;1;1;1;90;2;;1;2;2;;2;;2;;2;;2;;2;;2;;2;;08;12;08;580.47347381
6060150;1;2;1;90;2;;1;20;2;;2;;2;;2;;2;;2;;2;;2;;08;12;08;580.47347381
6060150;1;3;1;90;2;;2;;2;;2;;2;;2;;2;;2;;2;;2;;08;12;08;580.47347381
6060150;1;4;1;90;2;;1;10;2;;2;;2;;2;;2;;2;;2;;2;;08;12;08;580.47347381
6060150;1;5;1;90;2;;2;;2;;2;;2;;2;;2;;2;;2;;2;;08;12;08;580.47347381
6060150;1;6;1;90;2;;1;20;2;;1;20;2;;2;;2;;2;;2;;2;;08;12;08;580.47347381
6060150;1;8;1;90;2;;2;;2;;2;;2;;2;;2;;2;;2;;2;;08;12;08;580.47347381
6060151;1;1;1;90;2;;1;21;2;;2;;2;;2;;2;;2;;2;;2;;08;12;08;441.6253146
6060151;1;2;1;90;2;;2;;2;;2;;2;;2;;2;;2;;2;;2;;08;12;08;441.6253146
6060151;1;3;1;90;2;;1;6;2;;2;;2;;2;;2;;2;;2;;2;;08;12;08;441.6253146
6060151;1;5;1;90;2;;1;21;2;;2;;2;;2;;2;;2;;2;;2;;08;12;08;441.6253146
6060151;1;6;1;90;2;;1;21;2;;2;;2;;2;;2;;2;;2;;2;;08;12;08;441.6253146
6060151;1;7;1;90;2;;1;36;2;;1;40;2;;2;;2;;2;;2;;2;;08;12;08;441.6253146
6060152;1;1;1;90;2;;1;10;2;;1;15;2;;2;;2;;2;;2;;2;;08;12;08;740.1674665
6060152;1;2;1;90;2;;1;20;2;;1;20;2;;2;;2;;2;;2;;2;;08;12;08;740.1674665
6060152;1;5;1;90;2;;1;10;2;;1;5;2;;1;10;2;;2;;2;;2;;08;12;08;740.1674665
6060152;1;6;1;90;2;;1;10;2;;1;10;2;;2;;2;;2;;2;;2;;08;12;08;740.1674665
6060152;1;7;1;90;2;;1;15;2;;1;20;2;;2;;2;;2;;2;;2;;08;12;08;740.1674665
6060152;1;8;1;90;2;;1;10;2;;1;15;2;;2;;2;;2;;2;;2;;08;12;08;740.1674665
6060153;1;1;1;90;2;;1;17;2;;2;;2;;2;;2;;2;;2;;2;;08;12;08;704.22077233
6060154;1;1;1;90;2;;1;5;2;;2;;2;;2;;2;;2;;2;;2;;08;12;08;670.64413117
6060154;1;2;1;90;2;;1;10;2;;1;60;2;;2;;2;;2;;2;;2;;08;12;08;670.64413117
6060154;1;3;1;90;2;;1;10;2;;1;5;2;;2;;2;;2;;2;;2;;08;12;08;670.64413117
6060154;1;4;1;90;2;;1;15;2;;2;;2;;2;;2;;2;;2;;2;;08;12;08;670.64413117
6060155;1;1;1;90;2;;1;21;2;;1;35;2;;2;;2;;2;;2;;2;;08;12;08;583.94590181
6060155;1;2;1;90;2;;1;21;2;;1;21;2;;2;;2;;2;;2;;2;;08;12;08;583.94590181
6060156;1;1;1;90;2;;1;12;2;;2;;2;;2;;2;;2;;2;;2;;08;12;08;693.09611025
6060156;1;2;1;90;2;;1;7;2;;2;;2;;2;;2;;2;;2;;2;;08;12;08;693.09611025
6060156;1;3;1;90;2;;1;7;2;;2;;2;;2;;2;;2;;2;;2;;08;12;08;693.09611025
6060157;1;1;1;90;2;;1;12;2;;1;24;2;;2;;2;;2;;2;;2;;08;12;08;693.8077529
6060157;1;2;1;90;2;;1;7;2;;2;;2;;2;;2;;2;;2;;2;;08;12;08;693.8077529
6060158;1;1;1;90;2;;1;15;2;;1;10;2;;2;;2;;2;;2;;2;;08;12;08;599.39679313
6060158;1;2;1;90;2;;1;25;2;;1;25;2;;2;;2;;2;;2;;2;;08;12;08;599.39679313
6060158;1;3;1;90;2;;2;;2;;2;;2;;2;;2;;2;;2;;2;;08;12;08;599.39679313
6060158;1;5;1;90;2;;2;;2;;2;;2;;2;;2;;2;;2;;2;;08;12;08;599.39679313
6060160;1;1;1;90;2;;1;17;2;;1;40;2;;2;;2;;2;;2;;2;;08;12;08;589.46029482
6060160;1;2;1;90;2;;1;4;2;;2;;2;;2;;2;;2;;2;;2;;08;12;08;589.46029482
6060160;1;3;1;90;2;;2;;2;;2;;2;;2;;2;;2;;2;;2;;08;12;08;589.46029482
6060160;1;4;1;90;2;;1;3;2;;2;;2;;2;;2;;2;;2;;2;;08;12;08;589.46029482
6060160;1;5;1;90;2;;1;17;2;;2;;2;;2;;2;;2;;2;;2;;08;12;08;589.46029482
6060161;1;1;1;90;2;;1;3;2;;2;;2;;2;;2;;2;;2;;2;;08;12;08;647.94934305
6060161;1;2;1;90;2;;1;21;2;;2;;2;;2;;2;;2;;2;;2;;08;12;08;647.94934305
6060162;1;1;1;90;2;;1;14;2;;2;;2;;2;;2;;2;;2;;2;;08;12;08;545.80637132
6060162;1;2;1;90;2;;1;28;2;;2;;2;;2;;2;;2;;2;;2;;08;12;08;545.80637132
6060162;1;3;1;90;2;;1;21;2;;2;;2;;2;;2;;2;;2;;2;;08;12;08;545.80637132
6060163;1;1;1;90;2;;2;;2;;2;;2;;2;;2;;2;;2;;2;;08;12;08;528.2717259
6060163;1;2;1;90;2;;1;15;2;;2;;2;;2;;2;;2;;2;;2;;08;12;08;528.2717259
6060164;1;1;1;90;2;;2;;2;;2;;2;;2;;2;;2;;2;;2;;08;12;08;448.26866664
6060164;1;2;1;90;2;;1;20;2;;2;;2;;2;;2;;2;;2;;2;;08;12;08;448.26866664
6060164;1;3;1;90;2;;2;;2;;2;;2;;2;;2;;2;;2;;2;;08;12;08;448.26866664
6060164;1;4;1;90;2;;1;20;2;;2;;2;;2;;2;;2;;2;;2;;08;12;08;448.26866664
6060164;1;5;1;90;2;;1;20;2;;1;20;2;;2;;2;;2;;2;;2;;08;12;08;448.26866664
6060164;1;9;1;90;2;;2;;2;;2;;2;;2;;2;;2;;2;;2;;08;12;08;448.26866664
6060164;1;10;1;90;2;;1;15;2;;2;;2;;2;;2;;2;;2;;2;;08;12;08;448.26866664
6060164;1;11;1;90;2;;1;20;2;;1;20;1;20;2;;2;;2;;2;;2;;08;12;08;448.26866664
6060164;1;12;1;90;2;;2;;2;;2;;2;;2;;2;;2;;2;;2;;08;12;08;448.26866664
6060164;1;13;1;90;2;;2;;2;;2;;2;;2;;2;;2;;2;;2;;08;12;08;448.26866664
6060164;1;15;1;90;2;;2;;2;;2;;2;;2;;2;;2;;2;;2;;08;12;08;448.26866664
6060165;1;1;1;90;2;;1;10;2;;2;;2;;2;;2;;2;;2;;2;;08;12;08;681.68476123
6060165;1;2;1;90;2;;1;15;2;;2;;2;;2;;2;;2;;2;;2;;08;12;08;681.68476123
6060165;1;3;1;90;2;;2;;2;;2;;2;;2;;2;;2;;2;;2;;08;12;08;681.68476123
6060165;1;4;1;90;2;;1;2;2;;2;;2;;2;;2;;2;;2;;2;;08;12;08;681.68476123
6060165;1;5;1;90;2;;1;15;2;;1;90;2;;2;;2;;2;;2;;2;;08;12;08;681.68476123
6060165;1;6;1;90;2;;2;;2;;1;15;2;;2;;2;;2;;2;;2;;08;12;08;681.68476123
6060165;1;8;1;90;2;;2;;2;;1;5;2;;2;;2;;2;;2;;2;;08;12;08;681.68476123
6060165;1;9;1;90;2;;1;25;2;;1;60;2;;2;;2;;2;;2;;2;;08;12;08;681.68476123
6060166;1;1;1;90;2;;1;6;2;;2;;2;;2;;2;;2;;2;;2;;08;12;08;652.79368848
6060166;1;2;1;90;2;;1;30;2;;2;;2;;2;;2;;2;;2;;2;;08;12;08;652.79368848
6060166;1;3;1;90;2;;1;4;2;;2;;2;;2;;2;;2;;2;;2;;08;12;08;652.79368848
6060167;1;1;1;90;2;;2;;2;;2;;2;;2;;2;;2;;2;;2;;08;12;08;700.81498961
6060167;1;2;1;90;2;;1;15;2;;2;;2;;2;;2;;2;;2;;2;;08;12;08;700.81498961
6060167;1;3;1;90;2;;1;3;2;;2;;2;;2;;2;;2;;2;;2;;08;12;08;700.81498961
6060167;1;4;1;90;2;;2;;2;;2;;2;;2;;2;;2;;2;;2;;08;12;08;700.81498961
6060168;1;1;1;90;2;;1;4;2;;2;;2;;2;;2;;2;;2;;2;;08;12;08;636.82468096
6060168;1;2;1;90;2;;1;7;2;;2;;2;;2;;2;;2;;2;;2;;08;12;08;636.82468096
6060168;1;3;1;90;2;;2;;2;;2;;2;;2;;2;;2;;2;;2;;08;12;08;636.82468096
6060168;1;4;1;90;2;;2;;2;;2;;2;;2;;2;;2;;2;;2;;08;12;08;636.82468096
6060170;1;1;1;90;2;;1;10;2;;1;10;2;;2;;2;;2;;2;;2;;08;12;08;703.62351896
6060170;1;2;1;90;2;;1;18;2;;1;25;2;;2;;2;;2;;2;;2;;08;12;08;703.62351896
6060174;1;1;1;90;2;;2;;2;;2;;2;;2;;2;;2;;2;;2;;08;12;08;530.36162895
6060174;1;2;1;90;2;;2;;2;;2;;2;;2;;2;;2;;2;;2;;08;12;08;530.36162895
6060174;1;3;1;90;2;;1;25;2;;2;;1;42;2;;2;;2;;2;;2;;08;12;08;530.36162895
6060174;1;4;1;90;2;;1;10;2;;2;;2;;2;;2;;2;;2;;2;;08;12;08;530.36162895
6060174;1;5;1;90;2;;1;10;2;;2;;2;;2;;2;;2;;2;;2;;08;12;08;530.36162895
6060174;1;6;1;90;2;;2;;2;;2;;2;;2;;2;;2;;2;;2;;08;12;08;530.36162895
6060175;1;1;1;90;2;;1;21;2;;2;;2;;2;;2;;2;;2;;2;;08;12;08;579.6695054
6060175;1;2;1;90;2;;1;21;2;;2;;2;;2;;2;;2;;2;;2;;08;12;08;579.6695054
6060175;1;3;1;90;2;;1;14;2;;2;;2;;2;;2;;2;;2;;2;;08;12;08;579.6695054
6060177;1;1;1;90;2;;2;;2;;2;;2;;2;;2;;2;;2;;2;;08;12;08;685.49162017
6060177;1;2;1;90;2;;1;21;2;;1;30;2;;2;;2;;2;;2;;2;;08;12;08;685.49162017
6060179;1;1;1;90;2;;1;10;2;;1;10;2;;2;;2;;2;;2;;2;;08;12;08;693.8077529
6060179;1;2;1;90;2;;1;20;2;;1;15;2;;2;;2;;2;;2;;2;;08;12;08;693.8077529
6060180;1;1;1;90;2;;1;15;2;;2;;2;;2;;2;;2;;2;;2;;08;12;08;700.34790881
6060180;1;2;1;90;2;;1;8;2;;2;;2;;2;;2;;2;;2;;2;;08;12;08;700.34790881
6060180;1;3;1;90;2;;1;15;2;;2;;2;;2;;1;20;2;;2;;2;;08;12;08;700.34790881
6060180;1;4;1;90;2;;2;;2;;2;;2;;2;;2;;2;;2;;2;;08;12;08;700.34790881
6060180;1;5;1;90;2;;1;15;2;;2;;2;;2;;2;;2;;2;;2;;08;12;08;700.34790881
6060181;1;1;1;90;2;;2;;2;;2;;2;;2;;2;;2;;2;;2;;08;12;08;651.29405514
6060181;1;2;1;90;2;;1;24;2;;1;24;2;;2;;2;;2;;2;;2;;08;12;08;651.29405514
6060181;1;3;1;90;2;;1;4;2;;2;;2;;2;;2;;2;;2;;2;;08;12;08;651.29405514
6060182;1;1;1;90;2;;1;15;2;;1;15;2;;2;;2;;2;;2;;2;;08;12;08;629.69671201
6060182;1;2;1;90;2;;1;10;2;;1;15;2;;2;;2;;2;;2;;2;;08;12;08;629.69671201
6060182;1;4;1;90;2;;1;5;2;;2;;2;;2;;2;;2;;2;;2;;08;12;08;629.69671201
6060184;1;1;1;90;2;;1;15;2;;2;;2;;2;;2;;2;;2;;2;;08;12;08;608.52387793
6060184;1;2;1;90;2;;1;25;2;;2;;2;;2;;2;;2;;2;;2;;08;12;08;608.52387793
6060184;1;3;1;90;2;;1;2;2;;2;;2;;2;;2;;2;;2;;2;;08;12;08;608.52387793
6060186;1;1;1;90;2;;1;15;2;;1;10;2;;2;;2;;2;;2;;2;;08;12;08;634.66178968
6060186;1;2;1;90;2;;1;15;2;;1;15;2;;2;;2;;2;;2;;2;;08;12;08;634.66178968
6060186;1;3;1;90;2;;1;10;2;;1;5;2;;2;;2;;2;;2;;2;;08;12;08;634.66178968
6060187;1;1;1;90;2;;1;20;2;;2;;2;;2;;2;;2;;2;;2;;08;12;08;523.27734387
6060187;1;2;1;90;2;;2;;2;;2;;2;;2;;2;;2;;2;;2;;08;12;08;523.27734387
6060187;1;3;1;90;2;;1;20;2;;1;20;2;;2;;2;;2;;2;;2;;08;12;08;523.27734387
6060187;1;4;1;90;2;;2;;2;;2;;2;;2;;2;;2;;2;;2;;08;12;08;523.27734387
6060187;1;5;1;90;2;;1;10;2;;2;;2;;2;;2;;2;;2;;2;;08;12;08;523.27734387
6060189;1;1;1;90;2;;1;5;2;;2;;2;;2;;2;;2;;2;;2;;08;12;08;638.03083773
6060189;1;2;1;90;2;;1;15;2;;2;;2;;2;;2;;2;;2;;2;;08;12;08;638.03083773
6060189;1;3;1;90;2;;1;18;2;;2;;2;;2;;2;;2;;2;;2;;08;12;08;638.03083773
6060189;1;4;1;90;2;;1;10;2;;2;;2;;2;;2;;2;;2;;2;;08;12;08;638.03083773
6060189;1;5;1;90;2;;2;;2;;2;;2;;2;;2;;2;;2;;2;;08;12;08;638.03083773
6060189;1;6;1;90;2;;1;5;2;;2;;2;;2;;2;;2;;2;;2;;08;12;08;638.03083773
6060190;1;1;1;90;2;;2;;2;;2;;2;;2;;2;;2;;2;;2;;08;12;08;739.29006317
6060190;1;2;1;90;2;;1;10;2;;2;;2;;2;;2;;2;;2;;2;;08;12;08;739.29006317
6060190;1;3;1;90;2;;1;10;2;;2;;2;;2;;2;;2;;2;;2;;08;12;08;739.29006317
6060191;1;1;1;90;2;;2;;2;;2;;2;;2;;2;;2;;2;;2;;08;12;08;652.79368848
6060191;1;2;1;90;2;;1;21;2;;1;35;2;;2;;2;;2;;2;;2;;08;12;08;652.79368848
6060191;1;3;1;90;2;;1;12;2;;2;;2;;2;;2;;2;;2;;2;;08;12;08;652.79368848
6060192;1;1;1;90;2;;2;;2;;2;;2;;2;;2;;2;;2;;2;;08;12;08;706.37732065
6060192;1;2;1;90;2;;1;40;2;;1;24;2;;2;;2;;2;;2;;2;;08;12;08;706.37732065
6060192;1;3;1;90;2;;2;;2;;2;;2;;2;;2;;2;;2;;2;;08;12;08;706.37732065
6060193;1;1;1;90;2;;1;10;2;;2;;2;;2;;2;;2;;2;;2;;08;12;08;549.56529223
6060194;1;1;1;90;2;;1;10;2;;1;10;2;;2;;2;;2;;2;;2;;08;12;08;698.06118792
6060194;1;2;1;90;2;;1;15;2;;1;15;2;;2;;2;;2;;2;;2;;08;12;08;698.06118792
6060194;1;3;1;90;2;;1;2;2;;2;;2;;2;;2;;2;;2;;2;;08;12;08;698.06118792
6060195;1;1;1;90;2;;1;20;2;;2;;2;;2;;2;;2;;2;;2;;08;12;08;633.41255528
6060195;1;2;1;90;2;;2;;2;;2;;2;;2;;2;;2;;2;;2;;08;12;08;633.41255528
6060195;1;3;1;90;2;;2;;2;;2;;2;;2;;1;10;2;;2;;2;;08;12;08;633.41255528
6060195;1;4;1;90;2;;1;20;2;;2;;2;;2;;2;;2;;2;;2;;08;12;08;633.41255528
6060195;1;5;1;90;2;;2;;2;;2;;2;;2;;2;;2;;2;;2;;08;12;08;633.41255528
6060195;1;6;1;90;2;;2;;2;;2;;2;;2;;1;20;2;;2;;2;;08;12;08;633.41255528
6060195;1;7;1;90;2;;2;;2;;2;;2;;2;;1;10;2;;2;;2;;08;12;08;633.41255528
6060195;1;8;1;90;2;;1;20;2;;2;;2;;2;;2;;2;;2;;2;;08;12;08;633.41255528
6060196;1;1;1;90;2;;2;;2;;2;;2;;2;;2;;2;;2;;2;;08;12;08;655.66822241
6060196;1;2;1;90;2;;1;15;2;;2;;1;15;2;;2;;2;;2;;2;;08;12;08;655.66822241
6060196;1;4;1;90;2;;2;;2;;2;;2;;2;;2;;2;;2;;2;;08;12;08;655.66822241
6060197;1;1;1;90;2;;2;;2;;1;12;2;;2;;2;;2;;2;;2;;08;12;08;670.92558727
6060197;1;2;1;90;2;;1;17;2;;1;30;2;;2;;2;;2;;2;;2;;08;12;08;670.92558727
6060197;1;3;1;90;2;;1;7;2;;2;;2;;2;;2;;2;;2;;2;;08;12;08;670.92558727
6060198;1;1;1;90;2;;1;15;2;;2;;2;;2;;2;;2;;2;;2;;08;12;08;602.0778006
6060198;1;2;1;90;2;;1;15;2;;2;;2;;2;;2;;2;;2;;2;;08;12;08;602.0778006
6060200;1;1;1;90;2;;1;4;2;;2;;2;;2;;2;;2;;2;;2;;08;12;08;620.49619231
6060200;1;2;1;90;2;;1;21;2;;2;;2;;2;;2;;2;;2;;2;;08;12;08;620.49619231
6060200;1;3;1;90;2;;1;21;2;;2;;2;;2;;2;;2;;2;;2;;08;12;08;620.49619231
6060200;1;4;1;90;2;;1;36;2;;2;;2;;2;;2;;2;;2;;2;;08;12;08;620.49619231
6060200;1;5;1;90;2;;1;10;2;;2;;2;;2;;2;;2;;2;;2;;08;12;08;620.49619231
6060201;1;1;1;90;2;;1;15;2;;2;;2;;2;;2;;2;;2;;2;;08;12;08;545.80637132
6060201;1;2;1;90;2;;1;20;2;;2;;2;;2;;2;;2;;2;;2;;08;12;08;545.80637132
6060201;1;3;1;90;2;;1;10;2;;2;;2;;2;;2;;2;;2;;2;;08;12;08;545.80637132
6060202;1;1;1;90;2;;2;;2;;2;;2;;2;;2;;2;;2;;2;;08;12;08;685.49162017
6060202;1;2;1;90;2;;1;17;2;;1;30;2;;2;;2;;2;;2;;2;;08;12;08;685.49162017
6060203;1;1;1;90;2;;1;15;2;;2;;1;15;2;;2;;2;;2;;2;;08;12;08;641.78975864
6060203;1;2;1;90;2;;1;15;2;;2;;2;;2;;2;;2;;2;;2;;08;12;08;641.78975864
6060203;1;3;1;90;2;;1;10;2;;2;;1;15;2;;2;;2;;2;;2;;08;12;08;641.78975864
6060203;1;4;1;90;2;;2;;2;;2;;2;;2;;2;;2;;2;;2;;08;12;08;641.78975864
6060204;1;1;1;90;2;;1;5;2;;2;;2;;2;;2;;2;;2;;2;;08;12;08;633.77740271
6060204;1;2;1;90;2;;1;5;2;;2;;2;;2;;2;;2;;2;;2;;08;12;08;633.77740271
6060204;1;4;1;90;2;;1;25;2;;2;;2;;2;;2;;2;;2;;2;;08;12;08;633.77740271
6060204;1;5;1;90;2;;1;5;2;;2;;2;;2;;2;;2;;2;;2;;08;12;08;633.77740271
6060204;1;6;1;90;2;;1;15;2;;2;;2;;2;;2;;2;;2;;2;;08;12;08;633.77740271
6060207;1;1;1;90;2;;2;;2;;1;20;2;;2;;2;;2;;2;;2;;08;12;08;703.62351896
6060207;1;2;1;90;2;;1;15;2;;1;20;2;;2;;2;;2;;2;;2;;08;12;08;703.62351896
6060211;1;1;1;90;2;;1;21;2;;2;;2;;2;;2;;2;;2;;2;;08;12;08;708.53386897
6060211;1;2;1;90;2;;1;35;2;;1;35;2;;2;;2;;2;;2;;2;;08;12;08;708.53386897
6060211;1;3;1;90;2;;2;;2;;2;;2;;2;;2;;2;;2;;2;;08;12;08;708.53386897
6060211;1;4;1;90;2;;1;21;2;;2;;2;;2;;2;;2;;2;;2;;08;12;08;708.53386897
6060211;1;5;1;90;2;;1;21;2;;1;28;2;;2;;2;;2;;2;;2;;08;12;08;708.53386897
6060212;1;1;1;90;2;;1;25;2;;2;;2;;2;;2;;2;;2;;2;;08;12;08;483.45144322
6060212;1;2;1;90;2;;2;;2;;2;;2;;2;;2;;2;;2;;2;;08;12;08;483.45144322
6060212;1;3;1;90;2;;1;18;2;;2;;2;;2;;2;;2;;2;;2;;08;12;08;483.45144322
6060212;1;4;1;90;2;;1;12;2;;2;;2;;2;;2;;2;;2;;2;;08;12;08;483.45144322
6060212;1;5;1;90;2;;1;10;2;;2;;2;;2;;2;;2;;2;;2;;08;12;08;483.45144322
6060213;1;1;1;90;2;;1;21;2;;2;;2;;2;;2;;2;;2;;2;;08;12;08;585.23183644
6060213;1;2;1;90;2;;1;7;2;;2;;2;;2;;2;;2;;2;;2;;08;12;08;585.23183644
6060214;1;1;1;90;2;;1;15;2;;2;;1;40;2;;2;;2;;2;;2;;08;12;08;608.52387793
6060214;1;2;1;90;2;;1;18;2;;2;;1;45;2;;2;;2;;2;;2;;08;12;08;608.52387793
6060214;1;3;1;90;2;;2;;2;;2;;2;;2;;2;;2;;2;;2;;08;12;08;608.52387793
6060215;1;1;1;90;2;;1;12;2;;2;;2;;2;;2;;2;;2;;2;;08;12;08;703.62351896
6060215;1;2;1;90;2;;1;24;2;;2;;2;;2;;2;;2;;2;;2;;08;12;08;703.62351896
6060216;1;1;1;90;2;;2;;2;;2;;2;;2;;2;;2;;2;;2;;08;12;08;679.92928913
6060216;1;2;1;90;2;;1;18;2;;1;45;2;;2;;2;;2;;2;;2;;08;12;08;679.92928913
6060216;1;3;1;90;2;;1;14;2;;2;;2;;2;;2;;2;;2;;2;;08;12;08;679.92928913
6060217;1;1;1;90;2;;1;4;2;;2;;2;;2;;2;;2;;2;;2;;08;12;08;545.68563907
6060217;1;2;1;90;2;;1;30;2;;2;;2;;2;;2;;2;;2;;2;;08;12;08;545.68563907
6060217;1;3;1;90;2;;2;;2;;2;;2;;2;;2;;2;;2;;2;;08;12;08;545.68563907
6060217;1;4;1;90;2;;1;12;2;;2;;2;;2;;2;;2;;2;;2;;08;12;08;545.68563907
6060218;1;1;1;90;2;;1;8;2;;2;;2;;2;;2;;2;;2;;2;;08;12;08;733.72773213
6060218;1;2;1;90;2;;1;21;2;;2;;2;;2;;2;;2;;2;;2;;08;12;08;733.72773213
6060218;1;3;1;90;2;;1;12;2;;2;;2;;2;;2;;2;;2;;2;;08;12;08;733.72773213
6060218;1;4;1;90;2;;1;10;2;;2;;2;;2;;2;;2;;2;;2;;08;12;08;733.72773213
6060219;1;1;1;90;2;;1;14;2;;1;21;2;;2;;2;;2;;2;;2;;08;12;08;645.13447073
6060219;1;2;1;90;2;;1;42;2;;1;42;2;;2;;2;;2;;2;;2;;08;12;08;645.13447073
6060219;1;5;1;90;2;;1;21;2;;1;35;2;;2;;2;;2;;2;;2;;08;12;08;645.13447073
6060219;1;6;1;90;2;;1;21;2;;1;21;2;;2;;2;;2;;2;;2;;08;12;08;645.13447073
6060219;1;7;1;90;2;;1;21;2;;2;;2;;2;;2;;2;;2;;2;;08;12;08;645.13447073
6060220;1;1;1;90;2;;1;7;2;;2;;2;;2;;2;;2;;2;;2;;08;12;08;563.22707413
6060220;1;2;1;90;2;;1;25;2;;2;;2;;2;;2;;2;;2;;2;;08;12;08;563.22707413
6060220;1;3;1;90;2;;1;12;2;;2;;2;;2;;2;;2;;2;;2;;08;12;08;563.22707413
6060220;1;4;1;90;2;;1;24;2;;2;;2;;2;;2;;2;;2;;2;;08;12;08;563.22707413
6060220;1;5;1;90;2;;1;15;2;;1;20;2;;2;;2;;2;;2;;2;;08;12;08;563.22707413
6060220;1;6;1;90;2;;2;;2;;2;;2;;2;;2;;2;;2;;2;;08;12;08;563.22707413
6060221;1;1;1;90;2;;2;;2;;2;;2;;2;;2;;2;;2;;2;;08;12;08;668.82870057
6060221;1;2;1;90;2;;1;8;2;;2;;2;;2;;2;;2;;2;;2;;08;12;08;668.82870057
6060221;1;3;1;90;2;;1;8;2;;2;;2;;2;;2;;2;;2;;2;;08;12;08;668.82870057
6060221;1;6;1;90;2;;1;24;2;;1;24;2;;2;;2;;2;;2;;2;;08;12;08;668.82870057
6060222;1;1;1;90;2;;1;18;2;;2;;2;;2;;2;;2;;2;;2;;08;12;08;516.86736054
6060222;1;2;1;90;2;;1;18;2;;2;;2;;2;;2;;2;;2;;2;;08;12;08;516.86736054
6060223;1;1;1;90;2;;2;;2;;2;;2;;2;;2;;2;;2;;2;;08;12;08;528.2717259
6060223;1;2;1;90;2;;1;21;2;;2;;2;;2;;2;;2;;2;;2;;08;12;08;528.2717259
6060224;1;1;1;90;2;;1;10;2;;2;;2;;2;;2;;2;;2;;2;;08;12;08;626.05852335
6060224;1;2;1;90;2;;1;12;2;;2;;2;;2;;2;;2;;2;;2;;08;12;08;626.05852335
6060224;1;3;1;90;2;;2;;2;;2;;2;;2;;2;;2;;2;;2;;08;12;08;626.05852335
6060224;1;4;1;90;2;;1;21;2;;2;;1;10;2;;2;;2;;2;;2;;08;12;08;626.05852335
6060226;1;1;1;90;2;;1;18;2;;1;18;2;;2;;2;;2;;2;;2;;08;12;08;631.68749966
6060227;1;1;1;90;2;;1;28;2;;1;35;2;;2;;2;;2;;2;;2;;08;12;08;587.10756935
6060228;1;1;1;90;2;;1;12;2;;2;;2;;2;;2;;2;;2;;2;;08;12;08;796.44523874
6060228;1;2;1;90;2;;1;5;2;;2;;2;;2;;2;;2;;2;;2;;08;12;08;796.44523874
6060228;1;3;1;90;2;;2;;2;;2;;2;;2;;2;;2;;2;;2;;08;12;08;796.44523874
6060228;1;4;1;90;2;;1;16;2;;2;;2;;2;;2;;2;;2;;2;;08;12;08;796.44523874
6060229;1;1;1;90;2;;1;8;2;;2;;2;;2;;2;;2;;2;;2;;08;12;08;601.96385799
6060229;1;2;1;90;2;;1;28;2;;2;;2;;2;;2;;2;;2;;2;;08;12;08;601.96385799
6060229;1;3;1;90;2;;1;24;2;;2;;2;;2;;2;;2;;2;;2;;08;12;08;601.96385799
6060229;1;4;1;90;2;;1;12;2;;2;;2;;2;;2;;2;;2;;2;;08;12;08;601.96385799
6060230;1;1;1;90;2;;1;35;2;;2;;2;;2;;2;;2;;2;;2;;08;12;08;716.19308671
6060230;1;2;1;90;2;;1;14;2;;2;;2;;2;;2;;2;;2;;2;;08;12;08;716.19308671
6060230;1;3;1;90;2;;1;21;2;;2;;2;;2;;2;;2;;2;;2;;08;12;08;716.19308671
6060231;1;1;1;90;2;;1;21;2;;1;42;2;;2;;2;;2;;2;;2;;08;12;08;637.41559137
6060231;1;2;1;90;2;;1;7;2;;2;;2;;2;;2;;2;;2;;2;;08;12;08;637.41559137
6060231;1;3;1;90;2;;1;28;2;;1;35;2;;2;;2;;2;;2;;2;;08;12;08;637.41559137
6060231;1;4;1;90;2;;1;14;2;;2;;2;;2;;2;;2;;2;;2;;08;12;08;637.41559137
6060232;1;1;1;90;2;;2;;2;;2;;2;;2;;2;;2;;2;;2;;08;12;08;715.59583334
6060232;1;2;1;90;2;;1;21;2;;1;24;2;;2;;2;;2;;2;;2;;08;12;08;715.59583334
6060232;1;3;1;90;2;;2;;2;;2;;2;;2;;2;;2;;2;;2;;08;12;08;715.59583334
6060232;1;5;1;90;2;;1;10;2;;2;;2;;2;;2;;2;;2;;2;;08;12;08;715.59583334
6060233;1;1;1;90;2;;1;10;2;;2;;2;;2;;2;;2;;2;;2;;08;12;08;620.09575678
6060233;1;2;1;90;2;;1;15;2;;2;;2;;2;;2;;2;;2;;2;;08;12;08;620.09575678
6060233;1;3;1;90;2;;2;;2;;2;;2;;2;;2;;2;;2;;2;;08;12;08;620.09575678
6060233;1;4;1;90;2;;1;5;2;;2;;2;;2;;2;;2;;2;;2;;08;12;08;620.09575678
6060234;1;1;1;90;2;;1;17;2;;2;;2;;2;;2;;2;;2;;2;;08;12;08;567.69719102
6060235;1;1;1;90;2;;1;14;2;;1;21;2;;2;;2;;2;;2;;2;;08;12;08;559.45016023
6060235;1;2;1;90;2;;1;21;2;;1;21;2;;2;;2;;2;;2;;2;;08;12;08;559.45016023
6060235;1;3;1;90;2;;1;14;2;;2;;2;;2;;2;;2;;2;;2;;08;12;08;559.45016023
6060235;1;4;1;90;2;;1;14;2;;2;;2;;2;;2;;2;;2;;2;;08;12;08;559.45016023
6060235;1;5;1;90;2;;1;7;2;;2;;2;;2;;2;;2;;2;;2;;08;12;08;559.45016023
6060236;1;1;1;90;2;;2;;2;;2;;2;;2;;2;;2;;2;;2;;08;12;08;625.9377911
6060236;1;2;1;90;2;;1;14;2;;2;;2;;2;;2;;2;;2;;2;;08;12;08;625.9377911
6060236;1;3;1;90;2;;1;4;2;;2;;2;;2;;2;;2;;2;;2;;08;12;08;625.9377911
6060236;1;4;1;90;2;;1;14;2;;2;;2;;2;;2;;2;;2;;2;;08;12;08;625.9377911
6060236;1;5;1;90;2;;1;3;2;;2;;2;;2;;2;;2;;2;;2;;08;12;08;625.9377911
6060237;1;1;1;90;2;;2;;2;;2;;2;;2;;2;;2;;2;;2;;08;12;08;665.36325622
6060237;1;2;1;90;2;;1;21;2;;1;16;2;;2;;2;;2;;2;;2;;08;12;08;665.36325622
6060237;1;3;1;90;2;;2;;2;;2;;2;;2;;2;;2;;2;;2;;08;12;08;665.36325622
6060237;1;4;1;90;2;;2;;2;;2;;2;;2;;2;;2;;2;;2;;08;12;08;665.36325622
6060238;1;1;1;90;2;;2;;2;;2;;2;;2;;2;;2;;2;;2;;08;12;08;596.51546956
6060238;1;2;1;90;2;;1;12;2;;2;;2;;2;;2;;2;;2;;2;;08;12;08;596.51546956
6060238;1;3;1;90;2;;2;;2;;2;;2;;2;;2;;2;;2;;2;;08;12;08;596.51546956
6060239;1;1;1;90;2;;2;;2;;2;;2;;2;;2;;2;;2;;2;;08;12;08;569.0984128
6060239;1;2;1;90;2;;2;;2;;2;;2;;2;;2;;2;;2;;2;;08;12;08;569.0984128
6060239;1;3;1;90;2;;1;21;2;;2;;1;21;2;;2;;2;;2;;2;;08;12;08;569.0984128
6060239;1;4;1;90;2;;1;21;2;;2;;1;21;2;;2;;2;;2;;2;;08;12;08;569.0984128
6060240;1;1;1;90;2;;1;14;2;;2;;2;;2;;2;;2;;2;;2;;08;12;08;602.0778006
6060240;1;2;1;90;2;;1;20;2;;2;;2;;2;;2;;2;;2;;2;;08;12;08;602.0778006
6060241;1;1;1;90;2;;1;21;2;;1;24;2;;2;;2;;2;;2;;2;;08;12;08;617.80903589
6060241;1;2;1;90;2;;2;;2;;2;;2;;2;;2;;2;;2;;2;;08;12;08;617.80903589
6060242;1;1;1;90;2;;1;5;2;;1;15;2;;2;;2;;2;;2;;2;;08;12;08;637.53632362
6060242;1;2;1;90;2;;1;15;2;;1;25;2;;2;;2;;2;;2;;2;;08;12;08;637.53632362
6060242;1;5;1;90;2;;1;10;2;;1;10;2;;2;;2;;2;;2;;2;;08;12;08;637.53632362
6060243;1;1;1;90;2;;1;14;2;;2;;2;;2;;2;;2;;2;;2;;08;12;08;647.94934305
6060243;1;2;1;90;2;;1;7;2;;2;;2;;2;;2;;2;;2;;2;;08;12;08;647.94934305
6060244;1;1;1;90;2;;2;;2;;2;;2;;2;;2;;2;;2;;2;;08;12;08;652.79368848
6060244;1;2;1;90;2;;1;24;2;;2;;2;;2;;2;;2;;2;;2;;08;12;08;652.79368848
6060244;1;4;1;90;2;;1;12;2;;2;;2;;2;;2;;2;;2;;2;;08;12;08;652.79368848
6060245;1;1;1;90;2;;1;18;2;;1;20;2;;2;;2;;2;;2;;2;;08;12;08;647.94934305
6060245;1;2;1;90;2;;1;5;2;;2;;2;;2;;2;;2;;2;;2;;08;12;08;647.94934305
6060246;1;1;1;90;2;;2;;2;;2;;2;;2;;2;;2;;2;;2;;08;12;08;483.16998712
6060246;1;2;1;90;2;;1;21;2;;1;30;2;;2;;2;;2;;2;;2;;08;12;08;483.16998712
6060246;1;3;1;90;2;;1;14;2;;2;;2;;2;;2;;2;;2;;2;;08;12;08;483.16998712
6060246;1;4;1;90;2;;2;;2;;2;;2;;2;;2;;2;;2;;2;;08;12;08;483.16998712
6060246;1;5;1;90;2;;2;;2;;2;;2;;2;;2;;2;;2;;2;;08;12;08;483.16998712
6060246;1;6;1;90;2;;2;;2;;1;21;2;;2;;2;;2;;2;;2;;08;12;08;483.16998712
6060247;1;1;1;90;2;;2;;2;;2;;2;;2;;2;;2;;2;;2;;08;12;08;616.24275729
6060247;1;2;1;90;2;;1;10;2;;1;7;2;;2;;2;;2;;2;;2;;08;12;08;616.24275729
6060247;1;3;1;90;2;;2;;2;;1;12;2;;2;;2;;2;;2;;2;;08;12;08;616.24275729
6060247;1;4;1;90;2;;1;14;2;;1;21;2;;2;;2;;2;;2;;2;;08;12;08;616.24275729
6060249;1;1;1;90;2;;1;10;2;;1;15;2;;2;;2;;2;;2;;2;;08;12;08;693.8077529
6060249;1;2;1;90;2;;1;15;2;;1;15;2;;2;;2;;2;;2;;2;;08;12;08;693.8077529
6060250;1;1;1;90;2;;1;8;2;;1;15;2;;2;;2;;2;;2;;2;;08;12;08;693.8077529
6060250;1;2;1;90;2;;1;21;2;;1;40;2;;2;;2;;2;;2;;2;;08;12;08;693.8077529
6060252;1;1;1;90;2;;1;21;2;;2;;2;;2;;2;;2;;2;;2;;08;12;08;591.67791377
6060252;1;2;1;90;2;;1;28;2;;2;;1;35;2;;2;;2;;2;;2;;08;12;08;591.67791377
6060252;1;3;1;90;2;;1;14;2;;2;;1;21;2;;2;;2;;2;;2;;08;12;08;591.67791377
6060253;1;1;1;90;2;;1;3;2;;2;;2;;2;;2;;2;;2;;2;;08;12;08;769.02818199
6060253;1;2;1;90;2;;1;15;2;;2;;2;;2;;2;;2;;2;;2;;08;12;08;769.02818199
6060253;1;3;1;90;2;;1;15;2;;2;;2;;2;;2;;2;;2;;2;;08;12;08;769.02818199
6060253;1;4;1;90;2;;2;;2;;2;;2;;2;;2;;2;;2;;2;;08;12;08;769.02818199
6060253;1;5;1;90;2;;2;;2;;2;;2;;2;;2;;2;;2;;2;;08;12;08;769.02818199
6060255;1;1;1;90;2;;1;21;2;;1;30;2;;2;;2;;2;;2;;2;;08;12;08;580.85766918
6060255;1;2;1;90;2;;1;14;2;;2;;2;;2;;2;;2;;2;;2;;08;12;08;580.85766918
6060256;1;1;1;90;2;;1;12;2;;2;;1;12;2;;2;;2;;2;;2;;08;12;08;613.96547672
6060256;1;2;1;90;2;;1;10;2;;2;;2;;2;;2;;2;;2;;2;;08;12;08;613.96547672
6060256;1;3;1;90;2;;2;;2;;2;;2;;2;;2;;2;;2;;2;;08;12;08;613.96547672
6060257;1;1;1;90;2;;1;28;2;;1;4;2;;2;;2;;2;;2;;2;;08;12;08;607.92662456
6060257;1;2;1;90;2;;1;35;2;;1;35;2;;2;;2;;2;;2;;2;;08;12;08;607.92662456
6060257;1;3;1;90;2;;1;14;2;;1;21;2;;2;;2;;2;;2;;2;;08;12;08;607.92662456
6060257;1;4;1;90;2;;1;21;2;;1;28;2;;2;;2;;2;;2;;2;;08;12;08;607.92662456
6060259;1;1;1;90;2;;1;15;2;;1;20;2;;2;;2;;2;;2;;2;;08;12;08;575.41607038
6060259;1;3;1;90;2;;1;25;2;;1;30;2;;2;;2;;2;;2;;2;;08;12;08;575.41607038
6060260;1;1;1;90;2;;1;21;2;;1;30;2;;2;;2;;2;;2;;2;;08;12;08;711.93965169
6060260;1;2;1;90;2;;2;;2;;2;;2;;2;;2;;2;;2;;2;;08;12;08;711.93965169
6060261;1;1;1;90;2;;1;15;2;;2;;2;;2;;2;;2;;2;;2;;08;12;08;716.19308671
6060261;1;2;1;90;2;;2;;2;;2;;2;;2;;2;;2;;2;;2;;08;12;08;716.19308671
6060261;1;3;1;90;2;;2;;2;;2;;2;;2;;2;;2;;2;;2;;08;12;08;716.19308671
6060262;1;1;1;90;2;;1;8;2;;2;;2;;2;;2;;2;;2;;2;;08;12;08;647.8286108
6060262;1;2;1;90;2;;1;10;2;;2;;2;;2;;2;;2;;2;;2;;08;12;08;647.8286108
6060262;1;3;1;90;2;;1;15;2;;2;;2;;2;;2;;2;;2;;2;;08;12;08;647.8286108
6060263;1;1;1;90;2;;1;5;2;;2;;2;;2;;2;;2;;2;;2;;08;12;08;610.09630548
6060263;1;2;1;90;2;;1;15;2;;2;;1;40;2;;2;;2;;2;;2;;08;12;08;610.09630548
6060263;1;3;1;90;2;;1;14;2;;2;;2;;2;;2;;2;;2;;2;;08;12;08;610.09630548
6060263;1;4;1;90;2;;2;;2;;2;;2;;2;;2;;2;;2;;2;;08;12;08;610.09630548
6060263;1;5;1;90;2;;2;;2;;2;;2;;2;;2;;2;;2;;2;;08;12;08;610.09630548
6060263;1;6;1;90;2;;1;12;2;;2;;2;;2;;2;;2;;2;;2;;08;12;08;610.09630548
6060264;1;1;1;90;2;;1;12;2;;2;;2;;2;;2;;2;;2;;2;;08;12;08;528.2717259
6060264;1;2;1;90;2;;1;24;2;;2;;2;;2;;2;;2;;2;;2;;08;12;08;528.2717259
6060265;1;1;1;90;2;;1;10;2;;2;;2;;2;;2;;2;;2;;2;;08;12;08;528.2717259
6060265;1;2;1;90;2;;1;15;2;;1;10;2;;2;;2;;2;;2;;2;;08;12;08;528.2717259
6060266;1;1;1;90;2;;2;;2;;2;;2;;2;;2;;2;;2;;2;;08;12;08;706.37732065
6060266;1;2;1;90;2;;1;21;2;;1;40;2;;2;;2;;2;;2;;2;;08;12;08;706.37732065
6060266;1;3;1;90;2;;1;4;2;;2;;2;;2;;2;;2;;2;;2;;08;12;08;706.37732065
6060267;1;1;1;90;2;;2;;2;;2;;2;;2;;2;;2;;2;;2;;08;12;08;676.76762159
6060267;1;2;1;90;2;;1;20;2;;2;;2;;2;;2;;2;;2;;2;;08;12;08;676.76762159
6060267;1;3;1;90;2;;2;;2;;2;;2;;2;;2;;2;;2;;2;;08;12;08;676.76762159
6060267;1;4;1;90;2;;1;10;2;;2;;2;;2;;2;;2;;2;;2;;08;12;08;676.76762159
6060268;1;1;1;90;2;;1;5;2;;2;;2;;2;;2;;2;;2;;2;;08;12;08;665.36325622
6060268;1;2;1;90;2;;1;15;2;;2;;2;;2;;2;;2;;2;;2;;08;12;08;665.36325622
6060268;1;3;1;90;2;;1;15;2;;2;;2;;2;;2;;2;;2;;2;;08;12;08;665.36325622
6060268;1;4;1;90;2;;1;2;2;;2;;2;;2;;2;;2;;2;;2;;08;12;08;665.36325622
6060269;1;1;1;90;2;;1;14;2;;2;;2;;2;;2;;2;;2;;2;;08;12;08;698.65844129
6060269;1;2;1;90;2;;1;14;2;;2;;2;;2;;2;;2;;2;;2;;08;12;08;698.65844129
6060270;1;1;1;90;2;;1;14;2;;2;;2;;2;;2;;2;;2;;2;;08;12;08;659.03791114
6060270;1;2;1;90;2;;1;21;2;;2;;2;;2;;2;;2;;2;;2;;08;12;08;659.03791114
6060273;1;1;1;90;2;;1;2;2;;2;;2;;2;;2;;2;;2;;2;;08;12;08;685.49162017
6060273;1;2;1;90;2;;1;21;2;;2;;2;;2;;2;;2;;2;;2;;08;12;08;685.49162017
6060274;1;1;1;90;2;;1;8;2;;2;;2;;2;;2;;2;;2;;2;;08;12;08;584.54315518
6060275;1;1;1;90;2;;1;10;2;;2;;2;;2;;2;;2;;2;;2;;08;12;08;528.2717259
6060275;1;2;1;90;2;;1;15;2;;2;;2;;2;;2;;2;;2;;2;;08;12;08;528.2717259
6060276;1;1;1;90;2;;1;14;2;;2;;2;;2;;2;;2;;2;;2;;08;12;08;594.11480606
6060276;1;2;1;90;2;;2;;2;;2;;2;;2;;2;;2;;2;;2;;08;12;08;594.11480606
6060276;1;3;1;90;2;;1;12;2;;2;;2;;2;;2;;2;;2;;2;;08;12;08;594.11480606
6060277;1;1;1;90;2;;1;17;2;;1;21;2;;2;;2;;2;;2;;2;;08;12;08;654.35932639
6060277;1;2;1;90;2;;1;7;2;;2;;2;;2;;2;;2;;2;;2;;08;12;08;654.35932639
6060277;1;3;1;90;2;;2;;2;;2;;2;;2;;2;;2;;2;;2;;08;12;08;654.35932639
6060277;1;4;1;90;2;;2;;2;;2;;2;;2;;2;;2;;2;;2;;08;12;08;654.35932639
6060277;1;5;1;90;2;;1;14;2;;2;;2;;2;;2;;2;;2;;2;;08;12;08;654.35932639
6060279;1;1;1;90;2;;1;5;2;;2;;2;;2;;2;;2;;2;;2;;08;12;08;528.2717259
6060279;1;2;1;90;2;;1;10;2;;2;;2;;2;;2;;2;;2;;2;;08;12;08;528.2717259
6060280;1;1;1;90;2;;1;20;2;;2;;2;;2;;2;;2;;2;;2;;08;12;08;641.50326572
6060281;1;1;1;90;2;;2;;2;;2;;2;;2;;2;;2;;2;;2;;08;12;08;703.62351896
6060281;1;2;1;90;2;;1;25;2;;1;30;2;;2;;2;;2;;2;;2;;08;12;08;703.62351896
6060282;1;1;1;90;2;;1;20;2;;2;;2;;2;;2;;2;;2;;2;;08;12;08;704.22077233
6060284;1;1;1;90;2;;1;10;2;;1;20;2;;2;;2;;2;;2;;2;;08;12;08;623.37136693
6060285;1;1;1;90;2;;1;5;2;;2;;2;;2;;2;;2;;2;;2;;08;12;08;608.52387793
6060285;1;2;1;90;2;;1;25;2;;2;;2;;2;;2;;2;;2;;2;;08;12;08;608.52387793
6060285;1;3;1;90;2;;1;10;2;;2;;2;;2;;2;;2;;2;;2;;08;12;08;608.52387793
6060286;1;1;1;90;2;;2;;2;;2;;2;;2;;2;;2;;2;;2;;08;12;08;711.93965169
6060286;1;2;1;90;2;;1;70;2;;1;84;2;;2;;2;;2;;2;;2;;08;12;08;711.93965169
6060287;1;1;1;90;2;;1;2;2;;2;;2;;2;;2;;2;;2;;2;;08;12;08;796.44523874
6060287;1;2;1;90;2;;1;30;2;;2;;2;;2;;2;;2;;2;;2;;08;12;08;796.44523874
6060287;1;3;1;90;2;;2;;2;;2;;2;;2;;2;;2;;2;;2;;08;12;08;796.44523874
6060287;1;4;1;90;2;;2;;2;;2;;2;;2;;2;;2;;2;;2;;08;12;08;796.44523874
6060288;1;1;1;90;2;;1;17;2;;1;25;2;;2;;2;;2;;2;;2;;08;12;08;621.68435608
6060288;1;2;1;90;2;;1;17;2;;1;14;2;;2;;2;;2;;2;;2;;08;12;08;621.68435608
6060288;1;3;1;90;2;;1;4;2;;1;14;2;;2;;2;;2;;2;;2;;08;12;08;621.68435608
6060288;1;4;1;90;2;;1;17;2;;1;25;2;;2;;2;;2;;2;;2;;08;12;08;621.68435608
6060289;1;1;1;90;2;;1;15;2;;2;;2;;2;;2;;2;;2;;2;;08;12;08;529.84415345
6060289;1;2;1;90;2;;1;10;2;;2;;2;;2;;2;;2;;2;;2;;08;12;08;529.84415345
6060289;1;3;1;90;2;;1;10;2;;2;;2;;2;;2;;2;;2;;2;;08;12;08;529.84415345
6060289;1;4;1;90;2;;1;15;2;;2;;2;;2;;2;;2;;2;;2;;08;12;08;529.84415345
6060289;1;5;1;90;2;;2;;2;;2;;2;;2;;2;;2;;2;;2;;08;12;08;529.84415345
6060290;1;1;1;90;2;;2;;2;;2;;2;;2;;2;;2;;2;;2;;08;12;08;614.53342574
6060290;1;2;1;90;2;;1;30;2;;2;;2;;2;;2;;2;;2;;2;;08;12;08;614.53342574
6060290;1;3;1;90;2;;1;6;2;;2;;2;;2;;2;;2;;2;;2;;08;12;08;614.53342574
6060290;1;4;1;90;2;;1;6;2;;2;;2;;2;;2;;2;;2;;2;;08;12;08;614.53342574
6060290;1;5;1;90;2;;1;4;2;;2;;2;;2;;2;;2;;2;;2;;08;12;08;614.53342574
6060291;1;1;1;90;2;;1;6;2;;2;;2;;2;;2;;2;;2;;2;;08;12;08;693.8077529
6060291;1;2;1;90;2;;1;21;2;;1;35;2;;2;;2;;2;;2;;2;;08;12;08;693.8077529
6060292;1;1;1;90;2;;1;21;2;;1;40;2;;2;;2;;2;;2;;2;;08;12;08;631.68749966
6060293;1;1;1;90;2;;2;;2;;2;;2;;2;;2;;2;;2;;2;;08;12;08;710.63075567
6060293;1;2;1;90;2;;1;17;2;;2;;2;;2;;2;;2;;2;;2;;08;12;08;710.63075567
6060293;1;3;1;90;2;;1;4;2;;2;;2;;2;;2;;2;;2;;2;;08;12;08;710.63075567
6060293;1;4;1;90;2;;2;;2;;2;;2;;2;;2;;2;;2;;2;;08;12;08;710.63075567
6060294;1;1;1;90;2;;1;24;2;;2;;2;;2;;2;;2;;2;;2;;08;12;08;635.94093468
6060294;1;2;1;90;2;;1;8;2;;2;;2;;2;;2;;2;;2;;2;;08;12;08;635.94093468
6060296;1;1;1;90;2;;1;18;2;;2;;2;;2;;2;;2;;2;;2;;08;12;08;721.75541775
6060296;1;2;1;90;2;;1;15;2;;2;;2;;2;;2;;2;;2;;2;;08;12;08;721.75541775
6060297;1;1;1;90;2;;1;14;2;;2;;2;;2;;2;;2;;2;;2;;08;12;08;682.32995263
6060297;1;2;1;90;2;;1;14;2;;2;;2;;2;;2;;2;;2;;2;;08;12;08;682.32995263
6060297;1;3;1;90;2;;1;21;2;;2;;2;;2;;2;;2;;2;;2;;08;12;08;682.32995263
6060298;1;1;1;90;2;;1;6;2;;2;;2;;2;;2;;2;;2;;2;;08;12;08;652.79368848
6060298;1;2;1;90;2;;1;28;2;;2;;2;;2;;2;;2;;2;;2;;08;12;08;652.79368848
6060298;1;3;1;90;2;;1;12;2;;2;;2;;2;;2;;2;;2;;2;;08;12;08;652.79368848
6060300;1;1;1;90;2;;1;18;2;;1;20;2;;2;;2;;2;;2;;2;;08;12;08;617.80903589
6060300;1;2;1;90;2;;1;6;2;;2;;2;;2;;2;;2;;2;;2;;08;12;08;617.80903589
6060301;1;1;1;90;2;;1;12;2;;2;;2;;2;;2;;2;;2;;2;;08;12;08;630.37860364
6060301;1;2;1;90;2;;1;10;2;;2;;2;;2;;2;;2;;2;;2;;08;12;08;630.37860364
6060301;1;3;1;90;2;;1;6;2;;2;;2;;2;;2;;2;;2;;2;;08;12;08;630.37860364
6060302;1;1;1;90;2;;1;21;2;;1;7;2;;2;;2;;2;;2;;2;;08;12;08;603.5294959
6060302;1;2;1;90;2;;2;;2;;2;;2;;2;;2;;2;;2;;2;;08;12;08;603.5294959
6060302;1;3;1;90;2;;1;7;2;;2;;2;;2;;2;;2;;2;;2;;08;12;08;603.5294959
6060302;1;4;1;90;2;;2;;2;;2;;2;;2;;2;;2;;2;;2;;08;12;08;603.5294959
6060302;1;5;1;90;2;;1;4;2;;2;;2;;2;;2;;2;;2;;2;;08;12;08;603.5294959
6060302;1;6;1;90;2;;1;21;2;;2;;2;;2;;2;;2;;2;;2;;08;12;08;603.5294959
6060303;1;1;1;90;2;;2;;2;;2;;2;;2;;2;;2;;2;;2;;08;12;08;702.12388563
6060303;1;2;1;90;2;;1;24;2;;2;;2;;2;;2;;2;;2;;2;;08;12;08;702.12388563
6060304;1;1;1;90;2;;2;;2;;2;;2;;2;;2;;2;;2;;2;;08;12;08;642.97792241
6060304;1;2;1;90;2;;1;21;2;;1;40;2;;2;;2;;2;;2;;2;;08;12;08;642.97792241
6060304;1;3;1;90;2;;1;3;2;;2;;2;;2;;2;;2;;2;;2;;08;12;08;642.97792241
6060305;1;1;1;90;2;;2;;2;;2;;2;;2;;2;;2;;2;;2;;08;12;08;792.19180372
6060305;1;2;1;90;2;;1;21;2;;1;40;2;;2;;2;;2;;2;;2;;08;12;08;792.19180372
6060305;1;4;1;90;2;;2;;2;;2;;2;;2;;2;;2;;2;;2;;08;12;08;792.19180372
6060307;1;1;1;90;2;;1;6;2;;1;15;2;;2;;2;;2;;2;;2;;08;12;08;688.84267523
6060307;1;2;1;90;2;;2;;2;;2;;2;;2;;2;;2;;2;;2;;08;12;08;688.84267523
6060308;1;1;1;90;2;;1;2;2;;2;;2;;2;;2;;2;;2;;2;;08;12;08;716.19308671
6060308;1;2;1;90;2;;1;21;2;;1;20;2;;2;;2;;2;;2;;2;;08;12;08;716.19308671
6060308;1;3;1;90;2;;2;;2;;2;;2;;2;;2;;2;;2;;2;;08;12;08;716.19308671
6060309;1;1;1;90;2;;1;5;2;;2;;2;;2;;2;;2;;2;;2;;11;12;11;3777.9708625
6060309;1;2;1;90;2;;1;35;2;;2;;2;;2;;2;;2;;2;;2;;11;12;11;3777.9708625
6060309;1;3;1;90;2;;2;;2;;2;;2;;2;;2;;2;;2;;2;;11;12;11;3777.9708625
6060310;1;1;1;90;2;;1;13;2;;2;;2;;2;;2;;2;;2;;2;;11;12;11;4240.2283435
6060310;1;2;1;90;2;;1;32;2;;2;;2;;2;;2;;2;;2;;2;;11;12;11;4240.2283435
6060311;1;1;1;90;2;;2;;2;;2;;2;;2;;2;;2;;2;;2;;11;12;11;3782.8606746
6060311;1;2;1;90;2;;1;40;2;;2;;2;;2;;2;;2;;2;;2;;11;12;11;3782.8606746
6060311;1;3;1;90;2;;1;4;2;;2;;2;;2;;2;;2;;2;;2;;11;12;11;3782.8606746
6060312;1;1;1;90;2;;1;16;2;;2;;1;15;2;;2;;2;;2;;2;;11;12;11;2410.6177029
6060312;1;2;1;90;2;;2;;2;;2;;2;;2;;2;;2;;2;;2;;11;12;11;2410.6177029
6060312;1;3;1;90;2;;1;7;2;;2;;2;;2;;2;;2;;2;;2;;11;12;11;2410.6177029
6060312;1;4;1;90;2;;1;7;2;;2;;2;;2;;2;;2;;2;;2;;11;12;11;2410.6177029
6060312;1;5;1;90;2;;2;;2;;2;;2;;2;;2;;2;;2;;2;;11;12;11;2410.6177029
6060312;1;6;1;90;2;;1;5;2;;2;;2;;2;;2;;2;;2;;2;;11;12;11;2410.6177029
6060313;1;1;1;90;2;;1;10;2;;2;;2;;2;;2;;2;;2;;2;;11;12;11;3762.5953324
6060313;1;2;1;90;2;;1;10;2;;2;;2;;2;;2;;2;;2;;2;;11;12;11;3762.5953324
6060313;1;3;1;90;2;;1;5;2;;2;;2;;2;;2;;2;;2;;2;;11;12;11;3762.5953324
6060313;1;4;1;90;2;;1;5;2;;2;;2;;2;;2;;2;;2;;2;;11;12;11;3762.5953324
6060314;1;1;1;90;2;;1;10;2;;2;;1;10;2;;2;;2;;2;;2;;11;12;11;3848.5781779
6060314;1;2;1;90;2;;1;9;2;;2;;2;;2;;2;;2;;2;;2;;11;12;11;3848.5781779
6060314;1;3;1;90;2;;1;5;2;;2;;2;;2;;2;;2;;2;;2;;11;12;11;3848.5781779
6060314;1;4;1;90;2;;2;;2;;2;;2;;2;;2;;2;;2;;2;;11;12;11;3848.5781779
6060315;1;1;1;90;2;;1;30;2;;2;;2;;2;;2;;2;;2;;2;;11;12;11;3965.6758544
6060315;1;2;1;90;2;;1;4;2;;2;;1;5;2;;2;;2;;2;;2;;11;12;11;3965.6758544
6060315;1;3;1;90;2;;2;;2;;2;;2;;2;;2;;2;;2;;2;;11;12;11;3965.6758544
6060316;1;1;1;90;2;;2;;2;;2;;2;;2;;2;;2;;2;;2;;11;12;11;4240.2283435
6060316;1;2;1;90;2;;1;30;2;;2;;1;10;2;;2;;2;;2;;2;;11;12;11;4240.2283435
6060317;1;1;1;90;2;;1;2;2;;2;;2;;2;;2;;2;;2;;2;;11;12;11;3386.3206969
6060317;1;2;1;90;2;;1;40;2;;2;;2;;2;;2;;2;;2;;2;;11;12;11;3386.3206969
6060317;1;3;1;90;2;;1;12;2;;2;;2;;2;;2;;2;;2;;2;;11;12;11;3386.3206969
6060317;1;4;1;90;2;;1;4;2;;2;;2;;2;;2;;2;;2;;2;;11;12;11;3386.3206969
6060317;1;5;1;90;2;;2;;2;;2;;2;;2;;2;;2;;2;;2;;11;12;11;3386.3206969
6060318;1;1;1;90;2;;1;6;2;;1;6;2;;2;;2;;2;;2;;2;;11;12;11;5786.9795633
6060318;1;2;1;90;2;;1;6;2;;1;18;2;;2;;2;;2;;2;;2;;11;12;11;5786.9795633
6060318;1;3;1;90;2;;1;3;2;;2;;2;;2;;2;;2;;2;;2;;11;12;11;5786.9795633
6060321;1;1;1;90;2;;2;;2;;1;6;2;;2;;2;;2;;2;;2;;11;12;11;4578.5423286
6060321;1;2;1;90;2;;2;;2;;1;12;2;;2;;2;;2;;2;;2;;11;12;11;4578.5423286
6060323;1;1;1;90;2;;1;3;2;;2;;2;;2;;2;;2;;2;;2;;11;12;11;5321.9804185
6060325;1;1;1;90;2;;1;5;2;;2;;2;;2;;2;;2;;2;;2;;11;12;11;3996.4455073
6060326;1;1;1;90;2;;2;;2;;2;;2;;2;;2;;2;;2;;2;;11;12;11;3899.9583511
6060326;1;2;1;90;2;;1;30;2;;2;;2;;2;;2;;2;;2;;2;;11;12;11;3899.9583511
6060327;1;1;1;90;2;;2;;2;;2;;2;;2;;2;;2;;2;;2;;11;12;11;3691.1233654
6060327;1;2;1;90;2;;1;35;2;;2;;2;;2;;2;;2;;2;;2;;11;12;11;3691.1233654
6060327;1;3;1;90;2;;1;7;2;;2;;2;;2;;2;;2;;2;;2;;11;12;11;3691.1233654
6060327;1;4;1;90;2;;1;22;2;;2;;2;;2;;2;;2;;2;;2;;11;12;11;3691.1233654
6060328;1;1;1;90;2;;1;6;2;;2;;2;;2;;2;;2;;2;;2;;11;12;11;2477.3734061
6060328;1;2;1;90;2;;1;6;2;;2;;2;;2;;2;;2;;2;;2;;11;12;11;2477.3734061
6060328;1;3;1;90;2;;1;6;2;;2;;2;;2;;2;;2;;2;;2;;11;12;11;2477.3734061
6060331;1;1;1;90;2;;2;;2;;2;;2;;2;;2;;2;;2;;2;;11;12;11;4199.6976592
6060331;1;2;1;90;2;;1;5;2;;2;;2;;2;;2;;2;;2;;2;;11;12;11;4199.6976592
6060331;1;3;1;90;2;;1;5;2;;2;;2;;2;;2;;2;;2;;2;;11;12;11;4199.6976592
6060331;1;4;1;90;2;;1;10;2;;2;;2;;2;;2;;2;;2;;2;;11;12;11;4199.6976592
6060332;1;1;1;90;2;;1;7;2;;2;;2;;2;;2;;2;;2;;2;;11;12;11;3996.4455073
6060334;1;1;1;90;2;;1;10;2;;2;;2;;2;;2;;2;;2;;2;;11;12;11;3879.693009
6060334;1;2;1;90;2;;1;5;2;;2;;2;;2;;2;;2;;2;;2;;11;12;11;3879.693009
6060334;1;3;1;90;2;;1;5;2;;2;;2;;2;;2;;2;;2;;2;;11;12;11;3879.693009
6060335;1;1;1;90;2;;2;;2;;2;;2;;2;;2;;2;;2;;2;;11;12;11;4244.9004562
6060335;1;2;1;90;2;;1;7;2;;2;;2;;2;;2;;2;;2;;2;;11;12;11;4244.9004562
6060335;1;3;1;90;2;;1;5;2;;2;;2;;2;;2;;2;;2;;2;;11;12;11;4244.9004562
6060336;1;1;1;90;2;;1;15;2;;1;2;2;;2;;2;;2;;2;;2;;11;12;11;3963.7198472
6060336;1;2;1;90;2;;1;2;2;;2;;2;;2;;2;;2;;2;;2;;11;12;11;3963.7198472
6060336;1;3;1;90;2;;2;;2;;1;18;2;;2;;2;;2;;2;;2;;11;12;11;3963.7198472
6060337;1;1;1;90;2;;1;15;2;;2;;2;;2;;2;;2;;2;;2;;11;12;11;2919.3655449
6060337;1;2;1;90;2;;1;15;2;;2;;2;;2;;2;;2;;2;;2;;11;12;11;2919.3655449
6060337;1;3;1;90;2;;1;5;2;;2;;2;;2;;2;;2;;2;;2;;11;12;11;2919.3655449
6060338;1;1;1;90;2;;1;15;2;;2;;2;;2;;2;;2;;2;;2;;11;12;11;3381.6230259
6060338;1;2;1;90;2;;1;5;2;;2;;2;;2;;2;;2;;2;;2;;11;12;11;3381.6230259
6060339;1;1;1;90;2;;1;5;2;;2;;2;;2;;2;;2;;2;;2;;11;12;11;3742.1583604
6060343;1;1;1;90;2;;1;10;2;;2;;2;;2;;2;;2;;2;;2;;11;12;11;3127.335879
6060343;1;2;1;90;2;;1;18;2;;2;;2;;2;;2;;2;;2;;2;;11;12;11;3127.335879
6060344;1;1;1;90;2;;2;;2;;2;;2;;2;;2;;2;;2;;2;;11;12;11;4578.5423286
6060344;1;2;1;90;2;;1;7;2;;1;21;2;;2;;2;;2;;2;;2;;11;12;11;4578.5423286
6060345;1;1;1;90;2;;1;14;2;;2;;2;;2;;2;;2;;2;;2;;11;12;11;3742.1583604
6060346;1;1;1;90;2;;1;6;2;;2;;2;;2;;2;;2;;2;;2;;11;12;11;3996.4455073
6060347;1;1;1;90;2;;1;6;2;;2;;2;;2;;2;;2;;2;;2;;11;12;11;3534.1880263
6060347;1;2;1;90;2;;1;6;2;;2;;2;;2;;2;;2;;2;;2;;11;12;11;3534.1880263
6060348;1;1;1;90;2;;1;8;2;;2;;2;;2;;2;;2;;2;;2;;11;12;11;3996.4455073
6060350;1;1;1;90;2;;1;12;2;;2;;2;;2;;2;;2;;2;;2;;11;12;11;3996.4455073
6060351;1;1;1;90;2;;1;5;2;;2;;2;;2;;2;;2;;2;;2;;11;12;11;5012.8508155
6060351;1;2;1;90;2;;1;1;2;;2;;2;;2;;2;;2;;2;;2;;11;12;11;5012.8508155
6060352;1;1;1;90;2;;1;13;2;;2;;2;;2;;2;;2;;2;;2;;11;12;11;3401.8883681
6060353;1;1;1;90;2;;1;2;2;;2;;2;;2;;2;;2;;2;;2;;11;12;11;3701.6276761
6060353;1;2;1;90;2;;1;6;2;;2;;2;;2;;2;;2;;2;;2;;11;12;11;3701.6276761
6060353;1;3;1;90;2;;1;6;2;;2;;2;;2;;2;;2;;2;;2;;11;12;11;3701.6276761
6060354;1;1;1;90;2;;1;16;2;;2;;2;;2;;2;;2;;2;;2;;11;12;11;3437.355692
6060354;1;2;1;90;2;;1;10;2;;2;;2;;2;;2;;2;;2;;2;;11;12;11;3437.355692
6060355;1;1;1;90;2;;1;2;2;;2;;2;;2;;2;;2;;2;;2;;11;12;11;4514.7808325
6060356;1;1;1;90;2;;1;10;2;;2;;2;;2;;2;;2;;2;;2;;11;12;11;3381.6230259
6060356;1;2;1;90;2;;1;5;2;;2;;2;;2;;2;;2;;2;;2;;11;12;11;3381.6230259
6060357;1;1;1;90;2;;1;16;2;;2;;2;;2;;2;;2;;2;;2;;11;12;11;3742.1583604
6060358;1;1;1;90;2;;1;10;2;;2;;2;;2;;2;;2;;2;;2;;11;12;11;3244.2600073
6060358;1;2;1;90;2;;1;40;2;;2;;2;;2;;2;;2;;2;;2;;11;12;11;3244.2600073
6060358;1;3;1;90;2;;1;8;2;;2;;2;;2;;2;;2;;2;;2;;11;12;11;3244.2600073
6060358;1;4;1;90;2;;1;17;2;;2;;2;;2;;2;;2;;2;;2;;11;12;11;3244.2600073
6060359;1;1;1;90;2;;1;5;2;;2;;2;;2;;2;;2;;2;;2;;11;12;11;3381.6230259
6060359;1;2;1;90;2;;1;14;2;;2;;2;;2;;2;;2;;2;;2;;11;12;11;3381.6230259
6060363;1;1;1;90;2;;1;30;2;;1;10;2;;2;;2;;2;;2;;1;5;11;12;11;3742.1583604
6060364;1;1;1;90;2;;1;32;2;;2;;2;;2;;2;;2;;2;;2;;11;12;11;3127.335879
6060364;1;2;1;90;2;;1;10;2;;2;;2;;2;;2;;2;;2;;2;;11;12;11;3127.335879
6060365;1;1;1;90;2;;1;2;2;;2;;2;;2;;2;;2;;2;;2;;11;12;11;4514.7808325
6060366;1;1;1;90;2;;1;5;2;;2;;2;;2;;2;;2;;2;;2;;11;12;11;3625.4058621
6060366;1;2;1;90;2;;1;10;2;;2;;2;;2;;2;;2;;2;;2;;11;12;11;3625.4058621
6060366;1;3;1;90;2;;1;10;2;;2;;2;;2;;2;;2;;2;;2;;11;12;11;3625.4058621
6060367;1;1;1;90;2;;1;2;2;;2;;2;;2;;2;;2;;2;;2;;11;12;11;3381.6230259
6060367;1;2;1;90;2;;1;5;2;;2;;2;;2;;2;;2;;2;;2;;11;12;11;3381.6230259
6060368;1;1;1;90;2;;2;;2;;2;;2;;2;;2;;2;;2;;2;;11;12;11;2919.3655449
6060368;1;2;1;90;2;;1;5;2;;2;;2;;2;;2;;2;;2;;2;;11;12;11;2919.3655449
6060368;1;3;1;90;2;;1;5;2;;2;;2;;2;;2;;2;;2;;2;;11;12;11;2919.3655449
6060369;1;1;1;90;2;;1;15;2;;2;;2;;2;;2;;2;;2;;2;;11;12;11;3381.6230259
6060369;1;2;1;90;2;;1;5;2;;2;;2;;2;;2;;2;;2;;2;;11;12;11;3381.6230259
6060370;1;1;1;90;2;;1;3;2;;2;;2;;2;;2;;2;;2;;2;;11;12;11;4494.5154904
6060370;1;2;1;90;2;;1;4;2;;2;;2;;2;;2;;2;;2;;2;;11;12;11;4494.5154904
6060371;1;1;1;90;2;;1;30;2;;2;;2;;2;;2;;2;;2;;2;;11;12;11;3963.7198472
6060371;1;2;1;90;2;;2;;2;;2;;2;;2;;2;;2;;2;;2;;11;12;11;3963.7198472
6060371;1;3;1;90;2;;2;;2;;2;;2;;2;;2;;2;;2;;2;;11;12;11;3963.7198472
6060372;1;1;1;90;2;;1;30;2;;2;;2;;2;;2;;2;;2;;2;;11;12;11;4219.9630013
6060372;1;2;1;90;2;;1;6;2;;2;;2;;2;;2;;2;;2;;2;;11;12;11;4219.9630013
6060372;1;3;1;90;2;;2;;2;;2;;2;;2;;2;;2;;2;;2;;11;12;11;4219.9630013
6060373;1;1;1;90;2;;1;3;2;;2;;2;;2;;2;;2;;2;;2;;11;12;11;4219.9630013
6060373;1;2;1;90;2;;1;6;2;;2;;2;;2;;2;;2;;2;;2;;11;12;11;4219.9630013
6060373;1;3;1;90;2;;1;9;2;;2;;2;;2;;2;;2;;2;;2;;11;12;11;4219.9630013
6060375;1;1;1;90;2;;1;5;2;;2;;2;;2;;2;;2;;2;;2;;11;12;11;2664.9048498
6060375;1;2;1;90;2;;1;40;2;;2;;2;;2;;2;;2;;2;;2;;11;12;11;2664.9048498
6060375;1;3;1;90;2;;1;3;2;;2;;2;;2;;2;;2;;2;;2;;11;12;11;2664.9048498
6060375;1;4;1;90;2;;1;2;2;;2;;2;;2;;2;;2;;2;;2;;11;12;11;2664.9048498
6060375;1;5;1;90;2;;1;1;2;;2;;2;;2;;2;;2;;2;;2;;11;12;11;2664.9048498
6060375;1;6;1;90;2;;1;4;2;;2;;2;;2;;2;;2;;2;;2;;11;12;11;2664.9048498
6060377;1;1;1;90;2;;2;;2;;2;;2;;2;;2;;2;;2;;2;;11;12;11;4590.0602606
6060377;1;2;1;90;2;;1;12;2;;2;;2;;2;;2;;2;;2;;2;;11;12;11;4590.0602606
6060377;1;3;1;90;2;;2;;2;;2;;2;;2;;2;;2;;2;;2;;11;12;11;4590.0602606
6060378;1;1;1;90;2;;1;2;2;;2;;2;;2;;2;;2;;2;;2;;11;12;11;3625.0606839
6060378;1;2;1;90;2;;1;10;2;;2;;2;;2;;2;;2;;2;;2;;11;12;11;3625.0606839
6060382;1;1;1;90;2;;1;14;2;;2;;2;;2;;2;;2;;2;;2;;11;12;11;3279.9008794
6060382;1;2;1;90;2;;1;7;2;;2;;2;;2;;2;;2;;2;;2;;11;12;11;3279.9008794
6060383;1;1;1;90;2;;1;5;2;;2;;2;;2;;2;;2;;2;;2;;11;12;11;3341.0923416
6060383;1;2;1;90;2;;1;3;2;;2;;2;;2;;2;;2;;2;;2;;11;12;11;3341.0923416
6060383;1;3;1;90;2;;1;3;2;;2;;2;;2;;2;;2;;2;;2;;11;12;11;3341.0923416
6060383;1;4;1;90;2;;1;7;2;;2;;2;;2;;2;;2;;2;;2;;11;12;11;3341.0923416
6060384;1;1;1;90;2;;1;30;2;;2;;2;;2;;2;;2;;2;;2;;11;12;11;4240.2283435
6060384;1;2;1;90;2;;2;;2;;2;;2;;2;;2;;2;;2;;2;;11;12;11;4240.2283435
6060385;1;1;1;90;2;;1;10;2;;2;;2;;2;;2;;2;;2;;2;;11;12;11;3330.5880309
6060385;1;2;1;90;2;;2;;2;;2;;2;;2;;2;;2;;2;;2;;11;12;11;3330.5880309
6060385;1;3;1;90;2;;1;5;2;;2;;2;;2;;2;;2;;2;;2;;11;12;11;3330.5880309
6060385;1;4;1;90;2;;1;10;2;;1;10;2;;2;;2;;2;;2;;2;;11;12;11;3330.5880309
6060385;1;5;1;90;2;;1;30;2;;2;;2;;2;;2;;2;;2;;2;;11;12;11;3330.5880309
6060386;1;1;1;90;2;;1;14;2;;1;10;2;;2;;2;;2;;2;;2;;11;12;11;4136.5501898
6060386;1;2;1;90;2;;1;5;2;;2;;2;;2;;2;;2;;2;;2;;11;12;11;4136.5501898
6060387;1;1;1;90;2;;1;7;2;;2;;2;;2;;2;;2;;2;;2;;11;12;11;3721.8930183
6060387;1;2;1;90;2;;1;10;2;;2;;2;;2;;2;;2;;2;;2;;11;12;11;3721.8930183
6060388;1;1;1;90;2;;1;32;2;;1;20;2;;2;;2;;2;;2;;2;;11;12;11;4707.1579371
6060388;1;2;1;90;2;;1;10;2;;1;10;2;;2;;2;;2;;2;;2;;11;12;11;4707.1579371
6060389;1;1;1;90;2;;1;5;2;;2;;2;;2;;2;;2;;2;;2;;11;12;11;3665.7629981
6060389;1;2;1;90;2;;1;35;2;;2;;2;;2;;2;;2;;2;;2;;11;12;11;3665.7629981
6060389;1;3;1;90;2;;1;5;2;;2;;2;;2;;2;;2;;2;;2;;11;12;11;3665.7629981
6060389;1;4;1;90;2;;2;;2;;2;;2;;2;;2;;2;;2;;2;;11;12;11;3665.7629981
6060390;1;1;1;90;2;;1;30;2;;2;;2;;2;;2;;2;;2;;2;;11;12;11;4738.2983265
6060390;1;2;1;90;2;;1;2;2;;2;;2;;2;;2;;2;;2;;2;;11;12;11;4738.2983265
6060390;1;3;1;90;2;;2;;2;;2;;2;;2;;2;;2;;2;;2;;11;12;11;4738.2983265
6060391;1;1;1;90;2;;1;5;2;;2;;2;;2;;2;;2;;2;;2;;11;12;11;4244.9004562
6060391;1;2;1;90;2;;1;35;2;;1;15;2;;2;;2;;2;;2;;2;;11;12;11;4244.9004562
6060391;1;3;1;90;2;;1;10;2;;2;;2;;2;;2;;2;;2;;2;;11;12;11;4244.9004562
6060392;1;1;1;90;2;;1;15;2;;2;;2;;2;;2;;2;;2;;2;;11;12;11;4240.2283435
6060392;1;2;1;90;2;;1;32;2;;2;;2;;2;;2;;2;;2;;1;5;11;12;11;4240.2283435
6060394;1;1;1;90;2;;1;20;2;;2;;2;;2;;2;;2;;2;;2;;11;12;11;3401.8883681
6060395;1;1;1;90;2;;1;7;2;;2;;2;;2;;2;;2;;2;;2;;11;12;11;3996.4455073
6060397;1;1;1;90;2;;1;8;2;;1;10;2;;2;;2;;2;;2;;2;;11;12;11;5775.4616313
6060397;1;2;1;90;2;;1;32;2;;1;23;2;;2;;2;;2;;2;;2;;11;12;11;5775.4616313
6060403;1;1;1;90;2;;1;30;2;;2;;2;;2;;2;;2;;2;;2;;11;12;11;3721.8930183
6060403;1;2;1;90;2;;1;10;2;;2;;2;;2;;2;;2;;2;;2;;11;12;11;3721.8930183
6060404;1;1;1;90;2;;2;;2;;2;;2;;2;;2;;2;;2;;2;;11;12;11;4240.2283435
6060404;1;2;1;90;2;;1;30;2;;2;;2;;2;;2;;2;;2;;2;;11;12;11;4240.2283435
6060405;1;1;1;90;2;;1;5;2;;2;;2;;2;;2;;2;;2;;2;;11;12;11;4219.9630013
6060405;1;2;1;90;2;;1;15;2;;2;;2;;2;;2;;2;;2;;2;;11;12;11;4219.9630013
6060405;1;3;1;90;2;;2;;2;;2;;2;;2;;2;;2;;2;;2;;11;12;11;4219.9630013
6060406;1;1;1;90;2;;1;15;2;;2;;2;;2;;2;;2;;2;;2;;11;12;11;3437.7008701
6060406;1;2;1;90;2;;1;10;2;;2;;2;;2;;2;;2;;2;;2;;11;12;11;3437.7008701
6060406;1;3;1;90;2;;2;;2;;2;;2;;2;;2;;2;;2;;2;;11;12;11;3437.7008701
6060407;1;1;1;90;2;;1;5;2;;2;;2;;2;;2;;2;;2;;2;;11;12;11;2649.702868
6060407;1;2;1;90;2;;1;10;2;;2;;2;;2;;2;;2;;2;;2;;11;12;11;2649.702868
6060407;1;3;1;90;2;;1;5;2;;2;;2;;2;;2;;2;;2;;2;;11;12;11;2649.702868
6060407;1;4;1;90;2;;2;;2;;2;;2;;2;;2;;2;;2;;2;;11;12;11;2649.702868
6060408;1;1;1;90;2;;1;35;2;;2;;2;;2;;2;;2;;2;;2;;11;12;11;3284.7906915
6060408;1;2;1;90;2;;1;5;2;;2;;2;;2;;2;;2;;2;;2;;11;12;11;3284.7906915
6060409;1;1;1;90;2;;1;32;2;;2;;2;;2;;2;;2;;2;;2;;11;12;11;2669.9682101
6060409;1;2;1;90;2;;1;12;2;;2;;2;;2;;2;;2;;2;;2;;11;12;11;2669.9682101
6060409;1;3;1;90;2;;1;32;2;;2;;2;;2;;2;;2;;2;;2;;11;12;11;2669.9682101
6060412;1;1;1;90;2;;2;;2;;2;;2;;2;;2;;2;;2;;2;;11;12;11;4514.7808325
6060417;1;1;1;90;2;;1;10;2;;2;;1;10;2;;2;;2;;2;;2;;11;12;11;2324.8084057
6060417;1;2;1;90;2;;1;10;2;;2;;1;15;2;;2;;2;;2;;2;;11;12;11;2324.8084057
6060417;1;3;1;90;2;;1;10;2;;2;;1;5;2;;2;;2;;2;;2;;11;12;11;2324.8084057
6060418;1;1;1;90;2;;1;5;2;;2;;2;;2;;2;;2;;2;;2;;11;12;11;5180.9044921
6060418;1;2;1;90;2;;1;12;2;;1;20;2;;2;;2;;2;;2;;2;;11;12;11;5180.9044921
6060419;1;1;1;90;2;;1;30;2;;2;;2;;2;;2;;2;;2;;2;;11;12;11;3381.6230259
6060419;1;2;1;90;2;;2;;2;;2;;2;;2;;2;;2;;2;;2;;11;12;11;3381.6230259
6060420;1;1;1;90;2;;1;30;2;;1;10;2;;2;;2;;2;;2;;2;;11;12;11;3978.921829
6060420;1;2;1;90;2;;2;;2;;2;;2;;2;;2;;2;;2;;2;;11;12;11;3978.921829
6060420;1;3;1;90;2;;1;5;2;;2;;2;;2;;2;;2;;2;;2;;11;12;11;3978.921829
6060420;1;4;1;90;2;;2;;2;;2;;2;;2;;2;;2;;2;;2;;11;12;11;3978.921829
6060420;1;5;1;90;2;;1;20;2;;1;20;2;;2;;2;;2;;2;;2;;11;12;11;3978.921829
6060421;1;1;1;90;2;;1;30;2;;2;;2;;2;;2;;2;;2;;2;;11;12;11;3742.1583604
6060422;1;1;1;90;2;;1;7;2;;2;;2;;2;;2;;2;;2;;2;;11;12;11;2802.2678684
6060422;1;2;1;90;2;;1;12;2;;2;;2;;2;;2;;2;;2;;2;;11;12;11;2802.2678684
6060422;1;3;1;90;2;;1;2;2;;2;;2;;2;;2;;2;;2;;2;;11;12;11;2802.2678684
6060422;1;4;1;90;2;;2;;2;;2;;2;;2;;2;;2;;2;;2;;11;12;11;2802.2678684
6060423;1;1;1;90;2;;1;40;2;;2;;2;;2;;2;;2;;2;;2;;11;12;11;4822.3251648
6060423;1;2;1;90;2;;2;;2;;2;;2;;2;;2;;2;;2;;2;;11;12;11;4822.3251648
6060423;1;3;1;90;2;;1;10;2;;2;;2;;2;;2;;2;;2;;2;;11;12;11;4822.3251648
6060424;1;1;1;90;2;;1;10;2;;1;10;2;;2;;2;;2;;2;;2;;11;12;11;4707.1579371
6060424;1;2;1;90;2;;1;5;2;;2;;2;;2;;2;;2;;2;;2;;11;12;11;4707.1579371
6060426;1;1;1;90;2;;2;;2;;2;;2;;2;;2;;2;;2;;2;;11;12;11;4219.9630013
6060426;1;2;1;90;2;;1;35;2;;2;;2;;2;;2;;2;;2;;2;;11;12;11;4219.9630013
6060426;1;3;1;90;2;;2;;2;;2;;2;;2;;2;;2;;2;;2;;11;12;11;4219.9630013
6060427;1;1;1;90;2;;1;5;2;;1;10;2;;2;;2;;2;;2;;2;;11;12;11;4116.2848477
6060427;1;2;1;90;2;;1;30;2;;1;20;2;;2;;2;;2;;2;;2;;11;12;11;4116.2848477
6060427;1;3;1;90;2;;1;5;2;;2;;2;;2;;2;;2;;2;;2;;11;12;11;4116.2848477
6060428;1;1;1;90;2;;2;;2;;2;;2;;2;;2;;2;;2;;2;;11;12;11;3534.1880263
6060428;1;2;1;90;2;;1;20;2;;2;;2;;2;;2;;2;;2;;2;;11;12;11;3534.1880263
6060429;1;1;1;90;2;;1;7;2;;2;;2;;2;;2;;2;;2;;2;;11;12;11;3437.7008701
6060429;1;2;1;90;2;;1;20;2;;2;;2;;2;;2;;2;;2;;2;;11;12;11;3437.7008701
6060429;1;3;1;90;2;;1;10;2;;2;;2;;2;;2;;2;;2;;2;;11;12;11;3437.7008701
6060430;1;1;1;90;2;;1;7;2;;1;14;2;;2;;1;4;2;;2;;2;;11;12;11;4707.1579371
6060430;1;2;1;90;2;;2;;2;;1;14;2;;2;;2;;2;;2;;2;;11;12;11;4707.1579371
6060431;1;1;1;90;2;;1;7;2;;1;30;2;;2;;2;;2;;2;;2;;11;12;11;4265.1657983
6060431;1;2;1;90;2;;2;;2;;2;;2;;2;;2;;2;;2;;2;;11;12;11;4265.1657983
6060432;1;1;1;90;2;;1;7;2;;2;;2;;2;;2;;2;;2;;2;;11;12;11;4727.4232793
6060434;1;1;1;90;2;;1;10;2;;2;;2;;2;;2;;2;;2;;2;;11;12;11;3162.8032029
6060434;1;2;1;90;2;;1;5;2;;2;;2;;2;;2;;2;;2;;2;;11;12;11;3162.8032029
6060434;1;3;1;90;2;;1;7;2;;2;;2;;2;;2;;2;;2;;2;;11;12;11;3162.8032029
6060435;1;1;1;90;2;;1;10;2;;2;;2;;2;;2;;2;;2;;2;;11;12;11;3625.4058621
6060435;1;2;1;90;2;;1;8;2;;2;;2;;2;;2;;2;;2;;2;;11;12;11;3625.4058621
6060435;1;3;1;90;2;;1;3;2;;2;;2;;2;;2;;2;;2;;2;;11;12;11;3625.4058621
6060436;1;1;1;90;2;;1;10;2;;2;;2;;2;;2;;2;;2;;2;;11;12;11;4265.1657983
6060436;1;2;1;90;2;;1;7;2;;1;7;2;;2;;2;;2;;2;;2;;11;12;11;4265.1657983
6060437;1;1;1;90;2;;2;;2;;2;;2;;2;;2;;2;;2;;2;;11;12;11;3630.0779748
6060437;1;2;1;90;2;;1;40;2;;2;;2;;2;;2;;2;;2;;2;;11;12;11;3630.0779748
6060437;1;3;1;90;2;;1;8;2;;2;;2;;2;;2;;2;;2;;2;;11;12;11;3630.0779748
6060437;1;5;1;90;2;;1;1;2;;2;;2;;2;;2;;2;;2;;2;;11;12;11;3630.0779748
6060438;1;1;1;90;2;;2;;2;;2;;2;;2;;2;;2;;2;;2;;11;12;11;4514.7808325
6060442;1;1;1;90;2;;1;6;2;;2;;2;;2;;2;;2;;2;;2;;11;12;11;3999.1871711
6060442;1;2;1;90;2;;1;14;2;;1;14;2;;2;;2;;2;;2;;2;;11;12;11;3999.1871711
6060442;1;3;1;90;2;;1;6;2;;2;;2;;2;;2;;2;;2;;2;;11;12;11;3999.1871711
6060442;1;4;1;90;2;;1;6;2;;2;;2;;2;;2;;2;;2;;2;;11;12;11;3999.1871711
6060443;1;1;1;90;2;;1;49;2;;2;;2;;2;;2;;2;;2;;2;;11;12;11;4432.6054481
6060443;1;2;1;90;2;;1;7;2;;2;;2;;2;;2;;2;;2;;2;;11;12;11;4432.6054481
6060443;1;3;1;90;2;;1;21;2;;2;;2;;2;;2;;2;;2;;2;;11;12;11;4432.6054481
6060444;1;1;1;90;2;;1;2;2;;2;;2;;2;;2;;2;;2;;2;;11;12;11;3534.1880263
6060444;1;2;1;90;2;;1;49;2;;2;;2;;2;;2;;2;;2;;2;;11;12;11;3534.1880263
6060447;1;1;1;90;2;;1;3;2;;2;;2;;2;;2;;2;;2;;2;;11;12;11;5570.4353674
6060447;1;2;1;90;2;;1;21;2;;1;7;2;;2;;2;;2;;2;;2;;11;12;11;5570.4353674
6060447;1;3;1;90;2;;2;;2;;2;;2;;2;;2;;2;;2;;2;;11;12;11;5570.4353674
6060448;1;1;1;90;2;;2;;2;;2;;2;;2;;2;;2;;2;;2;;11;12;11;2899.1002028
6060448;1;2;1;90;2;;1;5;2;;2;;2;;2;;2;;2;;2;;2;;11;12;11;2899.1002028
6060448;1;3;1;90;2;;1;3;2;;2;;2;;2;;2;;2;;2;;2;;11;12;11;2899.1002028
6060448;1;4;1;90;2;;1;7;2;;2;;2;;2;;2;;2;;2;;2;;11;12;11;2899.1002028
6060449;1;1;1;90;2;;1;7;2;;2;;2;;2;;2;;2;;2;;2;;11;12;11;3025.7853624
6060449;1;2;1;90;2;;1;6;2;;2;;2;;2;;2;;2;;2;;2;;11;12;11;3025.7853624
6060449;1;3;1;90;2;;1;3;2;;2;;2;;2;;2;;2;;2;;2;;11;12;11;3025.7853624
6060449;1;4;1;90;2;;1;3;2;;2;;2;;2;;2;;2;;2;;2;;11;12;11;3025.7853624
6060449;1;5;1;90;2;;1;3;2;;2;;2;;2;;2;;2;;2;;2;;11;12;11;3025.7853624
6060449;1;6;1;90;2;;1;7;2;;2;;2;;2;;2;;2;;2;;2;;11;12;11;3025.7853624
6060450;1;1;1;90;2;;1;6;2;;2;;2;;2;;2;;2;;2;;2;;11;12;11;4240.2283435
6060450;1;2;1;90;2;;1;6;2;;2;;2;;2;;2;;2;;2;;1;3;11;12;11;4240.2283435
6060451;1;1;1;90;2;;1;6;2;;2;;2;;2;;2;;2;;2;;2;;11;12;11;4731.1073291
6060451;1;2;1;90;2;;1;6;2;;2;;2;;2;;2;;2;;2;;2;;11;12;11;4731.1073291
6060455;1;1;1;90;2;;1;14;2;;2;;2;;2;;2;;2;;2;;2;;11;12;11;3899.9583511
6060455;1;2;1;90;2;;2;;2;;2;;2;;2;;2;;2;;2;;2;;11;12;11;3899.9583511
6060456;1;1;1;90;2;;1;21;2;;2;;2;;2;;2;;2;;2;;2;;11;12;11;3381.6230259
6060456;1;2;1;90;2;;2;;2;;2;;2;;2;;2;;2;;2;;2;;11;12;11;3381.6230259
6060457;1;1;1;90;2;;2;;2;;2;;2;;2;;2;;2;;2;;2;;11;12;11;2919.3655449
6060457;1;2;1;90;2;;1;40;2;;2;;2;;2;;2;;2;;2;;2;;11;12;11;2919.3655449
6060457;1;3;1;90;2;;1;2;2;;2;;2;;2;;2;;2;;2;;2;;11;12;11;2919.3655449
6060458;1;1;1;90;2;;1;19;2;;2;;2;;2;;2;;2;;2;;2;;11;12;11;4514.7808325
6060463;1;1;1;90;2;;1;40;2;;2;;2;;2;;2;;2;;2;;2;;11;12;11;3742.1583604
6060464;1;1;1;90;2;;2;;2;;2;;2;;2;;2;;2;;2;;2;;11;12;11;3899.6131729
6060465;1;1;1;90;2;;2;;2;;2;;2;;2;;2;;2;;2;;2;;11;12;11;4901.2886426
6060465;1;2;1;90;2;;2;;2;;2;;2;;2;;2;;2;;2;;2;;11;12;11;4901.2886426
6060465;1;3;1;90;2;;1;20;2;;2;;2;;2;;2;;2;;2;;2;;11;12;11;4901.2886426
6060465;1;4;1;90;2;;1;10;2;;2;;2;;2;;2;;2;;2;;2;;11;12;11;4901.2886426
6060465;1;5;1;90;2;;1;30;2;;1;20;2;;2;;2;;2;;2;;2;;11;12;11;4901.2886426
6060465;1;6;1;90;2;;2;;2;;2;;2;;2;;2;;2;;2;;2;;11;12;11;4901.2886426
6060466;1;1;1;90;2;;1;10;2;;2;;2;;2;;2;;2;;2;;2;;11;12;11;4315.5077716
6060466;1;2;1;90;2;;2;;2;;2;;2;;2;;2;;2;;2;;2;;11;12;11;4315.5077716
6060466;1;3;1;90;2;;1;10;2;;2;;2;;2;;2;;2;;2;;2;;11;12;11;4315.5077716
6060466;1;5;1;90;2;;1;35;2;;1;10;2;;2;;2;;2;;2;;2;;11;12;11;4315.5077716
6060467;1;1;1;90;2;;1;25;2;;1;15;2;;2;;2;;2;;2;;2;;11;12;11;2705.435534
6060467;1;2;1;90;2;;1;20;2;;1;5;2;;2;;2;;2;;2;;2;;11;12;11;2705.435534
6060467;1;3;1;90;2;;1;5;2;;2;;2;;2;;2;;2;;2;;2;;11;12;11;2705.435534
6060467;1;4;1;90;2;;1;5;2;;2;;2;;2;;2;;2;;2;;2;;11;12;11;2705.435534
6060468;1;1;1;90;2;;1;25;2;;2;;2;;2;;2;;2;;2;;2;;11;12;11;3742.1583604
6060469;1;1;1;90;2;;2;;2;;2;;2;;2;;2;;2;;2;;2;;11;12;11;2513.1859082
6060469;1;2;1;90;2;;1;40;2;;2;;2;;2;;2;;2;;2;;2;;11;12;11;2513.1859082
6060469;1;3;1;90;2;;1;10;2;;2;;2;;2;;2;;2;;2;;2;;11;12;11;2513.1859082
6060469;1;4;1;90;2;;1;8;2;;2;;2;;2;;2;;2;;2;;2;;11;12;11;2513.1859082
6060469;1;5;1;90;2;;2;;2;;2;;2;;2;;2;;2;;2;;2;;11;12;11;2513.1859082
6060470;1;1;1;90;2;;2;;2;;2;;2;;2;;2;;2;;2;;2;;13;12;13;496.54638065
6060470;1;2;1;90;2;;1;10;2;;2;;2;;2;;2;;2;;2;;2;;13;12;13;496.54638065
6060470;1;3;1;90;2;;2;;2;;2;;2;;2;;2;;2;;2;;2;;13;12;13;496.54638065
6060470;1;4;1;90;2;;1;10;2;;2;;2;;2;;2;;2;;2;;2;;13;12;13;496.54638065
6060470;1;5;1;90;2;;1;15;2;;2;;2;;2;;2;;2;;2;;2;;13;12;13;496.54638065
6060470;1;6;1;90;2;;1;20;2;;2;;2;;2;;2;;2;;2;;2;;13;12;13;496.54638065
6060471;1;1;1;90;2;;1;16;2;;1;10;2;;2;;2;;2;;2;;2;;13;12;13;448.90803748
6060471;1;2;1;90;2;;1;3;2;;2;;2;;2;;2;;2;;2;;2;;13;12;13;448.90803748
6060471;1;3;1;90;2;;1;4;2;;2;;2;;2;;2;;2;;2;;2;;13;12;13;448.90803748
6060471;1;4;1;90;2;;1;6;2;;2;;2;;2;;2;;2;;2;;2;;13;12;13;448.90803748
6060472;1;1;1;90;2;;2;;2;;2;;2;;2;;2;;2;;2;;2;;13;12;13;344.18439091
6060472;1;2;1;90;2;;1;20;2;;2;;2;;2;;2;;2;;2;;2;;13;12;13;344.18439091
6060475;1;1;1;90;2;;1;20;2;;2;;2;;2;;2;;2;;2;;2;;13;12;13;498.72331343
6060475;1;2;1;90;2;;1;30;2;;2;;2;;2;;2;;2;;2;;2;;13;12;13;498.72331343
6060475;1;3;1;90;2;;1;20;2;;2;;2;;2;;2;;2;;2;;2;;13;12;13;498.72331343
6060476;1;1;1;90;2;;1;10;2;;1;20;2;;2;;2;;2;;2;;2;;13;12;13;350.56547702
6060476;1;2;1;90;2;;1;30;2;;1;30;2;;2;;2;;2;;2;;2;;13;12;13;350.56547702
6060476;1;3;1;90;2;;1;10;2;;2;;2;;2;;2;;2;;2;;2;;13;12;13;350.56547702
6060477;1;1;1;90;2;;1;20;2;;2;;2;;2;;2;;2;;2;;2;;13;12;13;491.20632785
6060477;1;2;1;90;2;;2;;2;;2;;2;;2;;2;;2;;2;;2;;13;12;13;491.20632785
6060477;1;3;1;90;2;;2;;2;;2;;2;;2;;2;;2;;2;;2;;13;12;13;491.20632785
6060478;1;1;1;90;2;;1;30;2;;2;;2;;2;;2;;2;;2;;2;;13;12;13;552.64787657
6060478;1;2;1;90;2;;1;10;2;;2;;2;;2;;2;;2;;2;;2;;13;12;13;552.64787657
6060478;1;3;1;90;2;;1;10;2;;2;;2;;2;;2;;2;;2;;2;;13;12;13;552.64787657
6060478;1;4;1;90;2;;1;10;2;;2;;2;;2;;2;;2;;2;;2;;13;12;13;552.64787657
6060478;1;5;1;90;2;;1;10;2;;2;;2;;2;;2;;2;;2;;2;;13;12;13;552.64787657
6060480;1;1;1;90;2;;2;;2;;2;;2;;2;;2;;2;;2;;2;;13;12;13;436.14586525
6060480;1;2;1;90;2;;1;30;2;;2;;2;;2;;2;;2;;2;;2;;13;12;13;436.14586525
6060481;1;1;1;90;2;;1;15;2;;2;;2;;2;;2;;2;;2;;2;;13;12;13;357.72339387
6060482;1;1;1;90;2;;1;15;2;;2;;2;;2;;2;;2;;2;;2;;13;12;13;346.38051896
6060482;1;2;1;90;2;;1;15;2;;2;;2;;2;;2;;2;;2;;2;;13;12;13;346.38051896
6060482;1;3;1;90;2;;1;15;2;;2;;2;;2;;2;;2;;2;;2;;13;12;13;346.38051896
6060483;1;1;1;90;2;;1;30;2;;1;20;2;;2;;2;;2;;2;;2;;13;12;13;452.74257626
6060483;1;2;1;90;2;;1;10;2;;2;;2;;2;;2;;2;;2;;2;;13;12;13;452.74257626
6060483;1;3;1;90;2;;1;20;2;;1;20;2;;2;;2;;2;;2;;2;;13;12;13;452.74257626
6060484;1;1;1;90;2;;1;20;2;;2;;2;;2;;2;;2;;2;;2;;13;12;13;588.48865971
6060484;1;2;1;90;2;;1;20;2;;2;;2;;2;;2;;2;;2;;2;;13;12;13;588.48865971
6060487;1;1;1;90;2;;1;15;2;;2;;2;;2;;2;;2;;2;;2;;13;12;13;411.74282316
6060487;1;2;1;90;2;;1;20;2;;2;;2;;2;;2;;2;;2;;2;;13;12;13;411.74282316
6060487;1;3;1;90;2;;2;;2;;2;;2;;2;;2;;2;;2;;2;;13;12;13;411.74282316
6060487;1;4;1;90;2;;1;10;2;;2;;2;;2;;2;;2;;2;;2;;13;12;13;411.74282316
6060488;1;1;1;90;2;;1;15;2;;2;;2;;2;;2;;2;;2;;2;;13;12;13;412.78385648
6060488;1;2;1;90;2;;1;15;2;;2;;2;;2;;2;;2;;2;;2;;13;12;13;412.78385648
6060489;1;1;1;90;2;;1;4;2;;1;5;2;;2;;2;;2;;2;;2;;13;12;13;445.22559068
6060489;1;2;1;90;2;;1;18;2;;1;18;2;;2;;2;;2;;2;;2;;13;12;13;445.22559068
6060489;1;3;1;90;2;;1;1;2;;2;;2;;2;;2;;2;;2;;2;;13;12;13;445.22559068
6060494;1;1;1;90;2;;1;10;2;;2;;2;;2;;2;;2;;2;;2;;13;12;13;490.86395378
6060494;1;2;1;90;2;;1;20;2;;2;;2;;2;;2;;2;;2;;2;;13;12;13;490.86395378
6060494;1;3;1;90;2;;1;10;2;;1;20;2;;2;;2;;2;;2;;2;;13;12;13;490.86395378
6060494;1;4;1;90;2;;1;30;2;;1;30;2;;2;;2;;2;;2;;2;;13;12;13;490.86395378
6060495;1;1;1;90;2;;1;20;2;;2;;2;;2;;2;;2;;2;;2;;13;12;13;561.20589546
6060495;1;2;1;90;2;;1;10;2;;2;;2;;2;;2;;2;;2;;2;;13;12;13;561.20589546
6060495;1;3;1;90;2;;1;30;2;;2;;2;;2;;2;;2;;2;;2;;13;12;13;561.20589546
6060496;1;1;1;90;2;;1;7;2;;1;10;2;;2;;2;;2;;2;;2;;13;12;13;374.06394752
6060496;1;2;1;90;2;;1;10;2;;1;15;2;;2;;2;;2;;2;;2;;13;12;13;374.06394752
6060496;1;4;1;90;2;;1;18;2;;1;30;2;;2;;2;;2;;2;;2;;13;12;13;374.06394752
6060497;1;1;1;90;2;;1;16;2;;1;18;1;8;2;;2;;2;;2;;2;;13;12;13;334.65237968
6060497;1;3;1;90;2;;2;;2;;2;;2;;2;;2;;2;;2;;2;;13;12;13;334.65237968
6060498;1;1;1;90;2;;2;;2;;2;;2;;2;;2;;2;;2;;2;;13;12;13;408.863101
6060498;1;2;1;90;2;;1;20;2;;2;;2;;2;;2;;2;;2;;2;;13;12;13;408.863101
6060498;1;3;1;90;2;;1;10;2;;2;;2;;2;;2;;2;;2;;2;;13;12;13;408.863101
6060499;1;1;1;90;2;;1;30;2;;2;;2;;2;;2;;2;;2;;2;;13;12;13;308.00298407
6060499;1;2;1;90;2;;1;30;2;;2;;2;;2;;2;;2;;2;;2;;13;12;13;308.00298407
6060499;1;3;1;90;2;;1;10;2;;2;;2;;2;;2;;2;;2;;2;;13;12;13;308.00298407
6060500;1;1;1;90;2;;2;;2;;2;;2;;2;;2;;2;;2;;2;;13;12;13;318.88621847
6060500;1;2;1;90;2;;1;20;2;;2;;2;;2;;2;;2;;2;;2;;13;12;13;318.88621847
6060500;1;3;1;90;2;;1;14;2;;2;;2;;2;;2;;2;;2;;2;;13;12;13;318.88621847
6060500;1;4;1;90;2;;1;14;2;;2;;2;;2;;2;;2;;2;;2;;13;12;13;318.88621847
6060500;1;5;1;90;2;;2;;2;;2;;2;;2;;2;;2;;2;;2;;13;12;13;318.88621847
6060500;1;6;1;90;2;;1;18;2;;2;;2;;2;;2;;2;;2;;2;;13;12;13;318.88621847
6060501;1;1;1;90;2;;2;;2;;2;;2;;2;;2;;2;;2;;2;;13;12;13;420.30084205
6060501;1;2;1;90;2;;1;20;2;;2;;2;;2;;2;;2;;2;;2;;13;12;13;420.30084205
6060503;1;1;1;90;2;;1;10;2;;1;10;2;;2;;2;;2;;2;;2;;13;12;13;469.17634697
6060503;1;2;1;90;2;;1;18;2;;1;24;2;;2;;2;;2;;2;;2;;13;12;13;469.17634697
6060504;1;1;1;90;2;;2;;2;;2;;2;;2;;2;;2;;2;;2;;13;12;13;503.49701901
6060504;1;2;1;90;2;;1;15;2;;1;30;2;;2;;2;;2;;2;;2;;13;12;13;503.49701901
6060505;1;1;1;90;2;;1;20;2;;2;;2;;2;;2;;2;;2;;2;;13;12;13;453.96469242
6060505;1;2;1;90;2;;2;;2;;2;;2;;2;;2;;2;;2;;2;;13;12;13;453.96469242
6060506;1;1;1;90;2;;2;;2;;2;;2;;2;;2;;2;;2;;2;;13;12;13;417.28600476
6060506;1;2;1;90;2;;1;40;2;;2;;2;;2;;2;;2;;2;;2;;13;12;13;417.28600476
6060506;1;3;1;90;2;;1;20;2;;2;;2;;2;;2;;2;;2;;2;;13;12;13;417.28600476
6060506;1;4;1;90;2;;1;20;2;;2;;2;;2;;2;;2;;2;;2;;13;12;13;417.28600476
6060507;1;1;1;90;2;;1;6;2;;2;;2;;2;;2;;2;;2;;2;;13;12;13;495.07510749
6060507;1;2;1;90;2;;2;;2;;2;;2;;2;;2;;2;;2;;2;;13;12;13;495.07510749
6060507;1;3;1;90;2;;2;;2;;2;;2;;2;;2;;2;;2;;2;;13;12;13;495.07510749
6060507;1;4;1;90;2;;1;18;2;;1;30;2;;2;;2;;2;;2;;2;;13;12;13;495.07510749
6060507;1;5;1;90;2;;2;;2;;1;5;2;;2;;2;;2;;2;;2;;13;12;13;495.07510749
6060508;1;1;1;90;2;;1;15;2;;2;;2;;2;;2;;2;;2;;2;;13;12;13;357.72339387
6060509;1;1;1;90;2;;1;40;2;;2;;2;;2;;2;;2;;2;;2;;13;12;13;474.22540519
6060509;1;2;1;90;2;;1;10;2;;2;;2;;2;;2;;2;;2;;2;;13;12;13;474.22540519
6060509;1;3;1;90;2;;1;30;2;;2;;2;;2;;2;;2;;2;;2;;13;12;13;474.22540519
6060509;1;4;1;90;2;;1;10;2;;2;;2;;2;;2;;2;;2;;2;;13;12;13;474.22540519
6060510;1;1;1;90;2;;2;;2;;2;;2;;2;;2;;2;;2;;2;;13;12;13;420.30084205
6060510;1;2;1;90;2;;1;30;2;;2;;2;;2;;2;;2;;2;;2;;13;12;13;420.30084205
6060511;1;1;1;90;2;;2;;2;;2;;2;;2;;2;;2;;2;;2;;13;12;13;223.24229733
6060511;1;2;1;90;2;;1;16;2;;2;;2;;2;;2;;2;;2;;2;;13;12;13;223.24229733
6060511;1;3;1;90;2;;1;10;2;;2;;2;;2;;2;;2;;2;;2;;13;12;13;223.24229733
6060511;1;4;1;90;2;;2;;2;;2;;2;;2;;2;;2;;2;;2;;13;12;13;223.24229733
6060511;1;5;1;90;2;;1;20;2;;1;20;2;;2;;2;;2;;2;;2;;13;12;13;223.24229733
6060512;1;1;1;90;2;;2;;2;;2;;2;;2;;2;;2;;2;;2;;13;12;13;375.54222105
6060513;1;1;1;90;2;;1;6;2;;2;;2;;2;;2;;2;;2;;2;;13;12;13;460.34577854
6060513;1;2;1;90;2;;1;4;2;;2;;2;;2;;2;;2;;2;;2;;13;12;13;460.34577854
6060513;1;3;1;90;2;;1;5;2;;2;;2;;2;;2;;2;;2;;2;;13;12;13;460.34577854
6060514;1;1;1;90;2;;1;6;2;;2;;1;26;2;;2;;2;;2;;2;;13;12;13;319.44072513
6060514;1;2;1;90;2;;2;;2;;2;;2;;2;;2;;2;;2;;2;;13;12;13;319.44072513
6060515;1;1;1;90;2;;1;10;2;;2;;2;;2;;2;;2;;2;;2;;13;12;13;364.19934613
6060515;1;2;1;90;2;;1;20;2;;2;;2;;2;;2;;2;;2;;2;;13;12;13;364.19934613
6060515;1;3;1;90;2;;2;;2;;2;;2;;2;;2;;2;;2;;2;;13;12;13;364.19934613
6060516;1;1;1;90;2;;1;5;2;;2;;2;;2;;2;;2;;2;;2;;13;12;13;420.30084205
6060516;1;2;1;90;2;;2;;2;;2;;2;;2;;2;;2;;2;;2;;13;12;13;420.30084205
6060517;1;1;1;90;2;;1;10;2;;2;;2;;2;;2;;2;;2;;2;;13;12;13;301.62189796
6060517;1;2;1;90;2;;1;10;2;;2;;2;;2;;2;;2;;2;;2;;13;12;13;301.62189796
6060518;1;1;1;90;2;;2;;2;;2;;1;15;2;;2;;2;;2;;2;;13;12;13;319.44072513
6060518;1;2;1;90;2;;2;;2;;2;;2;;2;;2;;2;;2;;2;;13;12;13;319.44072513
6060520;1;1;1;90;2;;2;;2;;2;;2;;2;;2;;2;;2;;2;;13;12;13;498.72331343
6060520;1;2;1;90;2;;1;30;2;;2;;2;;2;;2;;2;;2;;2;;13;12;13;498.72331343
6060520;1;3;1;90;2;;2;;2;;2;;2;;2;;2;;2;;2;;2;;13;12;13;498.72331343
6060522;1;1;1;90;2;;2;;2;;2;;2;;2;;2;;2;;2;;2;;13;12;13;420.30084205
6060522;1;2;1;90;2;;1;15;2;;2;;2;;2;;2;;2;;2;;2;;13;12;13;420.30084205
6060523;1;1;1;90;2;;1;20;2;;1;30;2;;2;;2;;2;;2;;2;;13;12;13;334.65237968
6060523;1;3;1;90;2;;1;30;2;;1;30;2;;2;;2;;2;;2;;2;;13;12;13;334.65237968
6060524;1;1;1;90;2;;1;10;2;;2;;2;;2;;2;;2;;2;;2;;13;12;13;408.863101
6060524;1;2;1;90;2;;1;30;2;;2;;2;;2;;2;;2;;2;;2;;13;12;13;408.863101
6060524;1;3;1;90;2;;1;10;2;;2;;2;;2;;2;;2;;2;;2;;13;12;13;408.863101
6060525;1;1;1;90;2;;1;20;2;;2;;2;;2;;2;;2;;2;;2;;13;12;13;436.14586525
6060525;1;2;1;90;2;;1;20;2;;2;;2;;2;;2;;2;;2;;2;;13;12;13;436.14586525
6060526;1;1;1;90;2;;1;21;2;;1;21;2;;2;;2;;2;;2;;2;;13;12;13;451.6066768
6060526;1;2;1;90;2;;2;;2;;1;5;2;;2;;2;;2;;2;;2;;13;12;13;451.6066768
6060526;1;3;1;90;2;;1;2;2;;2;;2;;2;;2;;2;;2;;2;;13;12;13;451.6066768
6060526;1;4;1;90;2;;1;3;2;;2;;2;;2;;2;;2;;2;;2;;13;12;13;451.6066768
6060527;1;1;1;90;2;;2;;2;;2;;2;;2;;2;;2;;2;;2;;13;12;13;529.39577953
6060527;1;2;1;90;2;;1;20;2;;2;;2;;2;;2;;2;;2;;2;;13;12;13;529.39577953
6060527;1;3;1;90;2;;2;;2;;2;;2;;2;;2;;2;;2;;2;;13;12;13;529.39577953
6060527;1;4;1;90;2;;1;8;2;;1;10;2;;2;;2;;2;;2;;2;;13;12;13;529.39577953
6060527;1;7;1;90;2;;2;;2;;2;;2;;2;;2;;2;;2;;2;;13;12;13;529.39577953
6060528;1;1;1;90;2;;1;20;2;;2;;2;;2;;2;;2;;2;;2;;13;12;13;516.44727445
6060528;1;2;1;90;2;;2;;2;;2;;2;;2;;2;;2;;2;;2;;13;12;13;516.44727445
6060529;1;1;1;90;2;;2;;2;;2;;2;;2;;2;;2;;2;;2;;13;12;13;524.23680957
6060529;1;2;1;90;2;;1;8;2;;1;8;2;;2;;2;;2;;2;;2;;13;12;13;524.23680957
6060529;1;3;1;90;2;;2;;2;;2;;2;;2;;2;;2;;2;;2;;13;12;13;524.23680957
6060585;1;1;1;90;2;;1;40;2;;2;;2;;2;;2;;2;;2;;2;;17;12;17;202.75480947
6060586;1;1;1;90;2;;2;;2;;2;;2;;2;;2;;2;;2;;2;;17;12;17;210.30813664
6060586;1;2;1;90;2;;1;38;2;;2;;2;;2;;2;;2;;2;;2;;17;12;17;210.30813664
6060586;1;3;1;90;2;;1;10;2;;2;;2;;2;;2;;2;;2;;2;;17;12;17;210.30813664
6060587;1;1;1;90;2;;2;;1;15;2;;2;;2;;2;;2;;2;;2;;17;12;17;202.75480947
6060592;1;1;1;90;2;;2;;2;;2;;2;;2;;2;;2;;2;;2;;17;12;17;187.51816749
6060592;1;2;1;90;2;;1;18;2;;2;;2;;2;;2;;2;;2;;2;;17;12;17;187.51816749
6060593;1;1;1;90;2;;1;30;2;;2;;2;;2;;2;;2;;2;;2;;17;12;17;230.05297214
6060593;1;2;1;90;2;;2;;2;;2;;2;;2;;2;;2;;2;;2;;17;12;17;230.05297214
6060593;1;3;1;90;2;;2;;2;;2;;2;;2;;2;;2;;2;;2;;17;12;17;230.05297214
6060595;1;1;1;90;2;;2;;2;;2;;2;;2;;1;3;2;;1;1;1;2;17;12;17;223.77945984
6060595;1;2;1;90;2;;2;;1;5;1;10;2;;2;;2;;2;;2;;2;;17;12;17;223.77945984
6060596;1;1;1;90;2;;1;10;2;;2;;1;4;2;;2;;2;;2;;2;;17;12;17;187.51816749
6060596;1;2;1;90;2;;1;6;2;;2;;1;4;2;;2;;2;;2;;2;;17;12;17;187.51816749
6060597;1;1;1;90;2;;1;36;2;;2;;2;;2;;2;;2;;2;;2;;17;12;17;215.87568182
6060597;1;2;1;90;2;;2;;2;;2;;2;;2;;2;;2;;2;;2;;17;12;17;215.87568182
6060598;1;1;1;90;2;;2;;2;;2;;2;;2;;2;;2;;2;;2;;17;12;17;222.60394213
6060598;1;2;1;90;2;;1;50;2;;2;;2;;2;;2;;2;;2;;2;;17;12;17;222.60394213
6060598;1;3;1;90;2;;1;30;2;;2;;2;;2;;2;;2;;2;;2;;17;12;17;222.60394213
6060598;1;4;1;90;2;;1;3;2;;2;;2;;2;;2;;2;;2;;2;;17;12;17;222.60394213
6060599;1;1;1;90;2;;1;20;2;;1;10;2;;2;;2;;2;;2;;2;;17;12;17;270.78926877
6060599;1;3;1;90;2;;1;20;2;;2;;2;;2;;2;;2;;2;;2;;17;12;17;270.78926877
6060599;1;4;1;90;2;;1;10;2;;2;;2;;2;;2;;2;;2;;2;;17;12;17;270.78926877
6060601;1;1;1;90;2;;1;10;2;;2;;2;;2;;2;;2;;2;;2;;17;12;17;171.08593967
6060601;1;2;1;90;2;;1;10;2;;2;;2;;2;;2;;2;;2;;2;;17;12;17;171.08593967
6060602;1;1;1;90;2;;2;;2;;2;;2;;2;;2;;2;;2;;2;;17;12;17;163.54179273
6060602;1;2;1;90;2;;1;30;2;;2;;2;;2;;2;;2;;2;;2;;17;12;17;163.54179273
6060602;1;3;1;90;2;;2;;2;;2;;2;;2;;2;;2;;2;;2;;17;12;17;163.54179273
6060602;1;4;1;90;2;;2;;2;;2;;2;;2;;2;;2;;2;;2;;17;12;17;163.54179273
6060602;1;5;1;90;2;;2;;2;;2;;2;;2;;2;;2;;2;;2;;17;12;17;163.54179273
6060602;1;6;1;90;2;;2;;2;;2;;2;;2;;2;;2;;2;;2;;17;12;17;163.54179273
6060603;1;1;1;90;2;;1;4;2;;2;;2;;2;;2;;2;;2;;2;;17;12;17;249.65738756
6060604;1;1;1;90;2;;2;;2;;2;;2;;2;;2;;2;;2;;2;;17;12;17;338.17520423
6060604;1;2;1;90;2;;1;7;2;;2;;2;;2;;2;;2;;2;;2;;17;12;17;338.17520423
6060604;1;3;1;90;2;;2;;2;;2;;2;;2;;2;;2;;2;;2;;17;12;17;338.17520423
6060604;1;4;1;90;2;;2;;2;;2;;2;;2;;2;;2;;2;;2;;17;12;17;338.17520423
6060604;1;5;1;90;2;;1;5;2;;1;18;2;;2;;2;;2;;2;;2;;17;12;17;338.17520423
6060604;1;7;1;90;2;;2;;2;;2;;2;;2;;2;;2;;2;;2;;17;12;17;338.17520423
6060605;1;1;1;90;2;;1;5;2;;1;14;2;;2;;2;;2;;2;;2;;17;12;17;399.44278177
6060605;1;2;1;90;2;;1;20;2;;1;10;2;;2;;2;;2;;2;;2;;17;12;17;399.44278177
6060608;1;1;1;90;2;;1;20;2;;2;;2;;2;;2;;2;;2;;2;;17;12;17;216.10703294
6060608;1;2;1;90;2;;1;25;2;;2;;2;;2;;2;;2;;2;;2;;17;12;17;216.10703294
6060609;1;1;1;90;2;;1;10;2;;2;;2;;2;;2;;2;;1;5;2;;17;12;17;202.75480947
6060612;1;1;1;90;2;;2;;2;;2;;2;;2;;2;;2;;2;;2;;17;12;17;168.14510319
6060612;1;2;1;90;2;;1;48;2;;2;;2;;2;;2;;2;;2;;2;;17;12;17;168.14510319
6060612;1;3;1;90;2;;1;30;2;;2;;2;;2;;2;;2;;2;;2;;17;12;17;168.14510319
6060612;1;4;1;90;2;;2;;2;;2;;2;;2;;2;;2;;2;;2;;17;12;17;168.14510319
6060618;1;1;1;90;2;;1;20;2;;2;;2;;2;;2;;2;;2;;2;;17;12;17;215.05061496
6060618;1;2;1;90;2;;1;10;2;;2;;2;;2;;2;;2;;2;;2;;17;12;17;215.05061496
6060619;1;1;1;90;2;;1;2;2;;2;;1;3;2;;2;;2;;2;;2;;17;12;17;221.29987323
6060620;1;1;1;90;2;;1;30;2;;2;;1;10;2;;2;;2;;2;;2;;17;12;17;216.93209979
6060620;1;2;1;90;2;;1;10;2;;2;;2;;2;;2;;2;;2;;2;;17;12;17;216.93209979
6060621;1;1;1;90;2;;1;10;2;;2;;2;;2;;2;;2;;2;;2;;17;12;17;168.97310372
6060621;1;2;1;90;2;;1;45;2;;2;;1;20;2;;2;;2;;2;;2;;17;12;17;168.97310372
6060625;1;1;1;90;2;;1;10;2;;2;;2;;2;;2;;2;;2;;2;;17;12;17;221.29987323
6060626;1;1;1;90;2;;1;10;2;;2;;2;;2;;2;;2;;2;;2;;17;12;17;187.51816749
6060626;1;2;1;90;2;;1;40;2;;2;;2;;2;;2;;2;;2;;2;;17;12;17;187.51816749
6060627;1;1;1;90;2;;2;;2;;2;;2;;2;;2;;2;;2;;2;;17;12;17;202.75480947
6060629;1;1;1;90;2;;2;;2;;2;;2;;2;;2;;2;;2;;2;;17;12;17;216.93209979
6060629;1;2;1;90;2;;1;40;2;;2;;2;;2;;2;;2;;2;;2;;17;12;17;216.93209979
6060630;1;1;1;90;2;;1;20;2;;1;10;2;;2;;2;;2;;2;;2;;17;12;17;364.23790739
6060630;1;2;1;90;2;;1;10;2;;1;10;2;;2;;2;;2;;2;;2;;17;12;17;364.23790739
6060638;1;1;1;90;2;;2;;2;;2;;2;;2;;2;;2;;2;;2;;17;12;17;202.75480947
6060965;1;1;1;90;2;;1;3;2;;2;;2;;2;;2;;2;;2;;2;;23;12;23;135.02953902
6060965;1;2;1;90;2;;1;20;2;;2;;2;;2;;2;;2;;2;;2;;23;12;23;135.02953902
6060965;1;3;1;90;2;;1;5;2;;2;;2;;2;;2;;2;;2;;2;;23;12;23;135.02953902
6060965;1;4;1;90;2;;1;5;2;;2;;2;;2;;2;;2;;2;;2;;23;12;23;135.02953902
6060965;1;5;1;90;2;;1;5;2;;2;;2;;2;;2;;2;;2;;2;;23;12;23;135.02953902
6060965;1;6;1;90;2;;1;3;2;;2;;2;;2;;2;;2;;2;;2;;23;12;23;135.02953902
6060966;1;1;1;90;2;;1;30;2;;2;;2;;2;;2;;2;;2;;2;;23;12;23;185.95023966
6060967;1;1;1;90;2;;1;20;2;;1;15;2;;2;;2;;2;;2;;2;;23;12;23;233.50996267
6060967;1;2;1;90;2;;1;3;2;;1;5;2;;2;;2;;2;;2;;2;;23;12;23;233.50996267
6060968;1;1;1;90;2;;1;10;2;;2;;2;;2;;2;;2;;2;;2;;23;12;23;174.38364757
6060969;1;1;1;90;2;;1;3;2;;2;;2;;2;;2;;2;;2;;2;;23;12;23;215.30670869
6060969;1;2;1;90;2;;1;20;2;;2;;2;;2;;2;;2;;2;;2;;23;12;23;215.30670869
6060969;1;3;1;90;2;;2;;2;;2;;2;;2;;2;;2;;2;;2;;23;12;23;215.30670869
6060969;1;4;1;90;2;;1;5;2;;2;;2;;2;;2;;2;;2;;2;;23;12;23;215.30670869
6060970;1;1;1;90;2;;1;10;2;;2;;2;;2;;2;;2;;2;;2;;23;12;23;228.34938164
6060970;1;2;1;90;2;;1;5;2;;2;;2;;2;;2;;2;;2;;2;;23;12;23;228.34938164
6060971;1;1;1;90;2;;2;;2;;2;;2;;2;;2;;2;;2;;2;;23;12;23;266.78332659
6060971;1;2;1;90;2;;1;25;2;;1;10;2;;2;;2;;2;;2;;2;;23;12;23;266.78332659
6060972;1;1;1;90;2;;1;3;2;;2;;2;;2;;2;;2;;2;;2;;23;12;23;244.63171379
6060972;1;2;1;90;2;;1;25;2;;1;15;2;;2;;2;;2;;2;;2;;23;12;23;244.63171379
6060972;1;3;1;90;2;;1;10;2;;2;;2;;2;;2;;2;;2;;2;;23;12;23;244.63171379
6060972;1;4;1;90;2;;1;5;2;;2;;2;;2;;2;;2;;2;;2;;23;12;23;244.63171379
6060973;1;1;1;90;2;;1;7;2;;1;5;2;;2;;2;;2;;2;;2;;23;12;23;237.33754004
6060973;1;2;1;90;2;;1;35;2;;1;15;2;;2;;2;;2;;2;;2;;23;12;23;237.33754004
6060973;1;3;1;90;2;;1;8;2;;2;;2;;2;;2;;2;;2;;2;;23;12;23;237.33754004
6060973;1;4;1;90;2;;2;;2;;2;;2;;2;;2;;2;;2;;2;;23;12;23;237.33754004
6060974;1;1;1;90;2;;1;10;2;;2;;2;;2;;2;;2;;2;;2;;23;12;23;185.03352264
6060974;1;2;1;90;2;;1;10;2;;2;;2;;2;;2;;2;;2;;2;;23;12;23;185.03352264
6060975;1;1;1;90;2;;2;;2;;2;;2;;2;;2;;2;;2;;2;;23;12;23;243.08634972
6060975;1;2;1;90;2;;1;28;2;;2;;2;;2;;2;;2;;2;;2;;23;12;23;243.08634972
6060975;2;1;2;90;2;;1;20;2;;1;16;2;;2;;2;;2;;2;;2;;23;12;23;243.08634972
6060976;1;1;1;90;2;;2;;2;;1;5;2;;2;;2;;2;;2;;2;;23;12;23;257.67438673
6060976;1;2;1;90;2;;1;25;2;;1;10;2;;2;;2;;2;;2;;2;;23;12;23;257.67438673
6060977;1;1;1;90;2;;1;16;2;;1;7;2;;2;;2;;2;;2;;2;;23;12;23;285.93033267
6060977;1;2;1;90;2;;1;32;2;;1;20;2;;2;;2;;2;;2;;2;;23;12;23;285.93033267
6060978;1;1;1;90;2;;2;;2;;2;;2;;2;;2;;2;;2;;2;;23;12;23;157.31877147
6060978;1;2;1;90;2;;1;30;2;;2;;2;;2;;2;;2;;2;;2;;23;12;23;157.31877147
6060978;1;3;1;90;2;;1;5;2;;2;;2;;2;;2;;2;;2;;2;;23;12;23;157.31877147
6060979;1;1;1;90;2;;1;5;2;;2;;2;;2;;2;;2;;2;;2;;23;12;23;155.36638571
6060979;1;2;1;90;2;;1;10;2;;2;;2;;2;;2;;2;;2;;2;;23;12;23;155.36638571
6060979;1;3;1;90;2;;1;10;2;;2;;1;10;2;;2;;2;;2;;2;;23;12;23;155.36638571
6060979;1;5;1;90;2;;2;;2;;2;;2;;2;;2;;2;;2;;2;;23;12;23;155.36638571
6060980;1;1;1;90;2;;1;27;2;;1;15;1;7;2;;2;;2;;2;;2;;23;12;23;235.50593574
6060980;1;2;1;90;2;;1;18;2;;2;;2;;2;;2;;2;;2;;2;;23;12;23;235.50593574
6060980;1;3;1;90;2;;1;6;2;;1;6;2;;2;;2;;2;;2;;2;;23;12;23;235.50593574
6060981;1;1;1;90;2;;1;20;2;;1;10;2;;2;;2;;2;;2;;2;;23;12;23;251.51859087
6060981;1;2;1;90;2;;1;5;2;;2;;2;;2;;2;;2;;2;;2;;23;12;23;251.51859087
6060983;1;1;1;90;2;;1;6;2;;2;;2;;2;;2;;2;;2;;2;;23;12;23;296.10833169
6060983;1;2;1;90;2;;1;26;2;;1;17;2;;2;;2;;2;;2;;2;;23;12;23;296.10833169
6060984;1;1;1;90;2;;1;5;2;;1;5;2;;2;;2;;2;;2;;2;;23;12;23;215.30670869
6060984;1;2;1;90;2;;1;30;2;;1;10;2;;2;;2;;2;;2;;2;;23;12;23;215.30670869
6060984;1;3;1;90;2;;2;;2;;2;;2;;2;;2;;2;;2;;2;;23;12;23;215.30670869
6060984;1;4;1;90;2;;1;5;2;;2;;2;;2;;2;;2;;2;;2;;23;12;23;215.30670869
6060985;1;1;1;90;2;;1;5;2;;1;8;2;;2;;2;;2;;2;;2;;23;12;23;266.78332659
6060985;1;2;1;90;2;;1;32;2;;1;18;2;;2;;2;;2;;2;;2;;23;12;23;266.78332659
6060986;1;1;1;90;2;;1;20;2;;2;;2;;2;;2;;2;;2;;2;;23;12;23;217.69950657
6060987;1;1;1;90;2;;1;10;2;;2;;2;;2;;2;;2;;2;;2;;23;12;23;174.38364757
6060988;1;1;1;90;2;;1;2;2;;1;7;2;;2;;2;;2;;2;;2;;23;12;23;248.7746984
6060988;1;2;1;90;2;;1;20;2;;1;12;2;;2;;2;;2;;2;;2;;23;12;23;248.7746984
6060989;1;1;1;90;2;;2;;2;;2;;2;;2;;2;;2;;2;;2;;23;12;23;210.86520676
6060989;1;2;1;90;2;;1;18;2;;1;14;2;;2;;2;;2;;2;;2;;23;12;23;210.86520676
6060990;1;1;1;90;2;;1;20;2;;2;;2;;2;;2;;2;;2;;2;;23;12;23;222.19358577
6060990;1;2;1;90;2;;1;2;2;;2;;2;;2;;2;;2;;2;;2;;23;12;23;222.19358577
6060991;1;1;1;90;2;;1;12;2;;2;;2;;2;;2;;2;;2;;2;;23;12;23;185.95023966
6060992;1;1;1;90;2;;1;18;2;;2;;2;;2;;2;;2;;2;;2;;23;12;23;190.44431887
6060992;1;2;1;90;2;;1;4;2;;2;;2;;2;;2;;2;;2;;2;;23;12;23;190.44431887
6060993;1;1;1;90;2;;1;10;2;;1;12;2;;2;;2;;2;;2;;2;;23;12;23;248.7746984
6060993;1;2;1;90;2;;1;2;2;;1;7;2;;2;;2;;2;;2;;2;;23;12;23;248.7746984
6060994;1;1;1;90;2;;1;12;2;;2;;2;;2;;2;;2;;2;;2;;23;12;23;157.31877147
6060994;1;2;1;90;2;;1;6;2;;2;;2;;2;;2;;2;;2;;2;;23;12;23;157.31877147
6060994;1;3;1;90;2;;1;4;2;;2;;2;;2;;2;;2;;2;;2;;23;12;23;157.31877147
6060995;1;1;1;90;2;;1;3;2;;2;;2;;2;;2;;2;;2;;2;;23;12;23;262.16846594
6060995;1;2;1;90;2;;1;22;2;;2;;2;;2;;2;;2;;2;;2;;23;12;23;262.16846594
6060995;1;3;1;90;2;;1;3;2;;2;;2;;2;;2;;2;;2;;2;;23;12;23;262.16846594
6060996;1;1;1;90;2;;1;12;2;;2;;1;7;2;;2;;2;;2;;2;;23;12;23;178.87772678
6060996;1;2;1;90;2;;1;2;2;;2;;2;;2;;2;;2;;2;;2;;23;12;23;178.87772678
6060998;1;1;1;90;2;;1;5;2;;2;;2;;2;;2;;2;;2;;2;;23;12;23;218.25542383
6060998;1;2;1;90;2;;1;20;2;;1;15;2;;2;;2;;2;;2;;2;;23;12;23;218.25542383
6060998;1;3;1;90;2;;1;10;2;;2;;2;;2;;2;;2;;2;;2;;23;12;23;218.25542383
6060998;1;4;1;90;2;;1;5;2;;2;;2;;2;;2;;2;;2;;2;;23;12;23;218.25542383
6060999;1;1;1;90;2;;1;34;2;;2;;2;;2;;2;;2;;2;;2;;23;12;23;204.18495758
6060999;1;2;1;90;2;;2;;2;;2;;2;;2;;2;;2;;2;;2;;23;12;23;204.18495758
6061000;1;1;1;90;2;;1;21;2;;1;7;2;;2;;2;;2;;2;;2;;23;12;23;190.91619491
6061000;1;2;1;90;2;;1;21;2;;1;7;2;;2;;2;;2;;2;;2;;23;12;23;190.91619491
6061000;1;3;1;90;2;;2;;2;;2;;2;;2;;2;;2;;2;;2;;23;12;23;190.91619491
6061001;1;1;1;90;2;;2;;2;;2;;2;;2;;2;;2;;2;;2;;23;12;23;182.01207772
6061001;1;2;1;90;2;;1;40;2;;2;;2;;2;;2;;2;;2;;2;;23;12;23;182.01207772
6061001;1;3;1;90;2;;1;15;2;;1;20;2;;2;;2;;2;;2;;2;;23;12;23;182.01207772
6061002;1;1;1;90;2;;1;30;2;;2;;2;;2;;2;;2;;2;;2;;23;12;23;196.60011473
6061002;1;2;1;90;2;;1;14;2;;2;;2;;2;;2;;2;;2;;2;;23;12;23;196.60011473
6061003;1;1;1;90;2;;2;;2;;2;;2;;2;;2;;2;;2;;2;;23;12;23;156.84689543
6061003;1;2;1;90;2;;1;20;2;;2;;2;;2;;2;;2;;2;;2;;23;12;23;156.84689543
6061004;1;1;1;90;2;;1;35;2;;2;;2;;2;;2;;2;;2;;2;;23;12;23;228.34938164
6061004;1;2;1;90;2;;2;;2;;2;;2;;2;;2;;2;;2;;2;;23;12;23;228.34938164
6061005;1;1;1;90;2;;2;;2;;2;;2;;2;;2;;2;;2;;2;;23;12;23;193.27587734
6061005;1;2;1;90;2;;1;38;2;;2;;2;;2;;2;;2;;2;;2;;23;12;23;193.27587734
6061005;1;3;1;90;2;;2;;2;;2;;2;;2;;2;;2;;2;;2;;23;12;23;193.27587734
6061005;1;4;1;90;2;;2;;2;;2;;2;;2;;2;;2;;2;;2;;23;12;23;193.27587734
6061006;1;1;1;90;2;;2;;2;;2;;2;;2;;2;;2;;2;;2;;23;12;23;208.86024373
6061006;1;2;1;90;2;;1;36;2;;1;14;1;10;2;;2;;2;;2;;2;;23;12;23;208.86024373
6061006;1;3;1;90;2;;1;5;2;;2;;2;;2;;2;;2;;2;;2;;23;12;23;208.86024373
6061006;1;4;1;90;2;;2;;2;;2;;2;;2;;2;;2;;2;;2;;23;12;23;208.86024373
6061007;1;1;1;90;2;;1;4;2;;1;6;2;;2;;2;;2;;2;;2;;23;12;23;223.93934365
6061007;1;2;1;90;2;;1;16;2;;1;7;2;;2;;2;;2;;2;;2;;23;12;23;223.93934365
6061007;1;4;1;90;2;;1;4;2;;2;;2;;2;;2;;2;;2;;2;;23;12;23;223.93934365
6061008;1;1;1;90;2;;2;;2;;2;;2;;2;;2;;2;;2;;2;;23;12;23;153.75613178
6061008;1;2;1;90;2;;1;35;2;;2;;2;;2;;2;;2;;2;;2;;23;12;23;153.75613178
6061008;1;3;1;90;2;;2;;2;;2;;2;;2;;2;;2;;2;;2;;23;12;23;153.75613178
6061009;1;1;1;90;2;;1;20;2;;2;;2;;2;;2;;2;;2;;2;;23;12;23;168.41348751
6061009;1;2;1;90;2;;1;3;2;;2;;2;;2;;2;;2;;2;;2;;23;12;23;168.41348751
6061010;1;1;1;90;2;;1;15;2;;2;;2;;2;;2;;2;;2;;2;;23;12;23;227.87750559
6061011;1;1;1;90;2;;1;13;2;;2;;2;;2;;2;;2;;2;;2;;23;12;23;227.87750559
6061012;1;1;1;90;2;;1;14;2;;2;;2;;2;;2;;2;;2;;2;;23;12;23;217.69950657
6061013;1;1;1;90;2;;1;3;2;;2;;2;;2;;2;;2;;2;;2;;23;12;23;149.81796984
6061013;1;2;1;90;2;;1;18;2;;2;;2;;2;;2;;2;;2;;2;;23;12;23;149.81796984
6061013;1;3;1;90;2;;1;3;2;;2;;2;;2;;2;;2;;2;;2;;23;12;23;149.81796984
6061013;1;4;1;90;2;;1;18;2;;2;;2;;2;;2;;2;;2;;2;;23;12;23;149.81796984
6061013;1;6;1;90;2;;1;3;2;;2;;2;;2;;2;;2;;2;;2;;23;12;23;149.81796984
6061014;1;1;1;90;2;;1;10;2;;1;5;2;;2;;2;;2;;2;;2;;23;12;23;258.14626278
6061014;1;2;1;90;2;;1;20;2;;1;15;2;;2;;2;;2;;2;;2;;23;12;23;258.14626278
6061014;1;3;1;90;2;;1;5;2;;1;5;2;;2;;2;;2;;2;;2;;23;12;23;258.14626278
6061015;1;1;1;90;2;;2;;2;;1;14;2;;2;;2;;2;;2;;2;;23;12;23;296.10833169
6061015;1;2;1;90;2;;1;30;2;;1;35;2;;2;;2;;2;;2;;2;;23;12;23;296.10833169
6061016;1;1;1;90;2;;1;40;2;;2;;2;;2;;2;;2;;2;;2;;23;12;23;190.44431887
6061016;1;2;1;90;2;;2;;2;;2;;2;;2;;2;;2;;2;;2;;23;12;23;190.44431887
6061017;1;1;1;90;2;;1;34;2;;2;;2;;2;;2;;2;;2;;2;;23;12;23;196.60011473
6061017;1;2;1;90;2;;1;15;2;;2;;2;;2;;2;;2;;2;;2;;23;12;23;196.60011473
6061018;1;1;1;90;2;;1;15;2;;2;;2;;2;;2;;2;;2;;2;;23;12;23;174.85552362
6061018;1;2;1;90;2;;1;28;2;;2;;2;;2;;2;;2;;2;;2;;23;12;23;174.85552362
6061019;1;1;1;90;2;;1;15;2;;2;;2;;2;;2;;2;;2;;2;;23;12;23;154.6728488
6061019;1;2;1;90;2;;1;28;2;;2;;2;;2;;2;;2;;2;;2;;23;12;23;154.6728488
6061020;1;1;1;90;2;;2;;2;;2;;2;;2;;2;;2;;2;;2;;23;12;23;130.53545982
6061020;1;2;1;90;2;;1;25;2;;1;10;2;;2;;2;;2;;2;;2;;23;12;23;130.53545982
6061020;1;3;1;90;2;;1;10;2;;1;10;2;;2;;2;;2;;2;;2;;23;12;23;130.53545982
6061020;1;4;1;90;2;;1;5;2;;2;;2;;2;;2;;2;;2;;2;;23;12;23;130.53545982
6061020;1;5;1;90;2;;1;5;2;;2;;2;;2;;2;;2;;2;;2;;23;12;23;130.53545982
6061021;1;1;1;90;2;;1;15;2;;2;;2;;2;;2;;2;;2;;2;;23;12;23;174.38364757
6061022;1;1;1;90;2;;1;10;2;;2;;2;;2;;2;;2;;2;;2;;23;12;23;219.8007879
6061022;1;2;1;90;2;;1;35;2;;2;;2;;2;;2;;2;;2;;2;;23;12;23;219.8007879
6061022;1;3;1;90;2;;1;10;2;;2;;2;;2;;2;;2;;2;;2;;23;12;23;219.8007879
6061022;1;4;1;90;2;;1;8;2;;2;;2;;2;;2;;2;;2;;2;;23;12;23;219.8007879
6061022;1;5;1;90;2;;1;7;2;;2;;2;;2;;2;;2;;2;;2;;23;12;23;219.8007879
6061023;1;1;1;90;2;;1;35;2;;2;;2;;2;;2;;2;;2;;2;;23;12;23;196.60011473
6061023;1;2;1;90;2;;2;;2;;2;;2;;2;;2;;2;;2;;2;;23;12;23;196.60011473
6061024;1;1;1;90;2;;1;40;2;;2;;2;;2;;2;;2;;2;;2;;23;12;23;195.75271643
6061024;1;2;1;90;2;;1;30;2;;1;30;2;;2;;2;;2;;2;;2;;23;12;23;195.75271643
6061024;1;4;1;90;2;;2;;2;;2;;2;;2;;2;;2;;2;;2;;23;12;23;195.75271643
6061025;1;1;1;90;2;;1;20;2;;1;7;2;;2;;2;;2;;2;;2;;23;12;23;204.65683362
6061025;1;2;1;90;2;;2;;2;;2;;2;;2;;2;;2;;2;;2;;23;12;23;204.65683362
6061025;1;3;1;90;2;;2;;2;;2;;2;;2;;2;;2;;2;;2;;23;12;23;204.65683362
6061026;1;1;1;90;2;;1;30;2;;1;30;2;;2;;2;;2;;2;;2;;23;12;23;312.78534573
6061026;1;2;1;90;2;;2;;2;;2;;2;;2;;2;;2;;2;;2;;23;12;23;312.78534573
6061026;1;3;1;90;2;;2;;2;;2;;2;;2;;2;;2;;2;;2;;23;12;23;312.78534573
6061026;1;4;1;90;2;;2;;2;;2;;2;;2;;2;;2;;2;;2;;23;12;23;312.78534573
6061026;1;5;1;90;2;;2;;2;;1;14;2;;2;;2;;2;;2;;2;;23;12;23;312.78534573
6061026;1;6;1;90;2;;1;14;2;;1;14;2;;2;;2;;2;;2;;2;;23;12;23;312.78534573
6061026;1;9;1;90;2;;2;;2;;1;21;1;35;2;;2;;2;;2;;2;;23;12;23;312.78534573
6061026;1;12;1;90;2;;1;14;2;;1;21;2;;2;;2;;2;;2;;2;;23;12;23;312.78534573
6061026;1;13;1;90;2;;2;;2;;2;;2;;2;;2;;2;;2;;2;;23;12;23;312.78534573
6061027;1;1;1;90;2;;1;2;2;;2;;2;;2;;2;;2;;2;;2;;23;12;23;179.53523863
6061027;1;2;1;90;2;;1;22;2;;2;;2;;2;;2;;2;;2;;2;;23;12;23;179.53523863
6061027;1;3;1;90;2;;1;2;2;;2;;2;;2;;2;;2;;2;;2;;23;12;23;179.53523863
6061027;1;4;1;90;2;;1;3;2;;2;;2;;2;;2;;2;;2;;2;;23;12;23;179.53523863
6061028;1;1;1;90;2;;2;;2;;1;7;2;;2;;2;;2;;2;;2;;23;12;23;174.65332459
6061028;1;2;1;90;2;;2;;2;;1;14;2;;2;;2;;2;;2;;2;;23;12;23;174.65332459
6061028;1;3;1;90;2;;2;;2;;1;14;2;;2;;2;;2;;2;;2;;23;12;23;174.65332459
6061028;1;4;1;90;2;;1;14;2;;1;14;2;;2;;2;;2;;2;;2;;23;12;23;174.65332459
6061029;1;1;1;90;2;;1;9;2;;2;;2;;2;;2;;2;;2;;2;;23;12;23;227.87750559
6061030;1;1;1;90;2;;1;20;2;;2;;2;;2;;2;;2;;2;;2;;23;12;23;190.44431887
6061030;1;2;1;90;2;;1;12;2;;2;;2;;2;;2;;2;;2;;2;;23;12;23;190.44431887
6061031;1;1;1;90;2;;1;12;2;;2;;2;;2;;2;;2;;2;;2;;23;12;23;227.87750559
6061032;1;1;1;90;2;;1;20;2;;2;;1;20;2;;2;;2;;2;;2;;23;12;23;189.71323765
6061032;1;2;1;90;2;;2;;2;;2;;2;;2;;2;;2;;2;;2;;23;12;23;189.71323765
6061032;1;3;1;90;2;;1;24;2;;2;;1;20;2;;2;;2;;2;;2;;23;12;23;189.71323765
6061032;1;4;1;90;2;;2;;2;;2;;2;;2;;2;;2;;2;;2;;23;12;23;189.71323765
6061033;1;1;1;90;2;;2;;2;;2;;2;;2;;2;;2;;2;;2;;23;12;23;187.12008148
6061033;1;2;1;90;2;;1;14;2;;2;;2;;2;;2;;2;;2;;2;;23;12;23;187.12008148
6061033;1;3;1;90;2;;2;;2;;2;;2;;2;;2;;2;;2;;2;;23;12;23;187.12008148
6061033;1;4;1;90;2;;2;;2;;2;;2;;2;;2;;2;;2;;2;;23;12;23;187.12008148
6061035;1;1;1;90;2;;1;16;2;;2;;2;;2;;2;;2;;2;;2;;23;12;23;222.19358577
6061035;1;2;1;90;2;;1;6;2;;2;;2;;2;;2;;2;;2;;2;;23;12;23;222.19358577
6061036;1;1;1;90;2;;1;35;2;;1;14;2;;2;;2;;2;;2;;2;;23;12;23;184.02931783
6061036;1;2;1;90;2;;1;30;2;;1;14;2;;2;;2;;2;;2;;2;;23;12;23;184.02931783
6061036;1;3;1;90;2;;2;;2;;2;;2;;2;;2;;2;;2;;2;;23;12;23;184.02931783
6061036;1;4;1;90;2;;1;14;2;;2;;2;;2;;2;;2;;2;;2;;23;12;23;184.02931783
6061036;1;5;1;90;2;;2;;2;;2;;2;;2;;2;;2;;2;;2;;23;12;23;184.02931783
6061037;1;1;1;90;2;;1;30;2;;1;30;2;;2;;2;;2;;2;;2;;23;12;23;248.7746984
6061037;1;2;1;90;2;;2;;2;;2;;2;;2;;2;;2;;2;;2;;23;12;23;248.7746984
6061038;1;1;1;90;2;;1;14;2;;1;14;2;;2;;2;;2;;2;;2;;23;12;23;273.49503972
6061038;1;2;1;90;2;;2;;2;;2;;2;;2;;2;;2;;2;;2;;23;12;23;273.49503972
6061038;1;5;1;90;2;;1;30;2;;1;30;2;;2;;2;;2;;2;;2;;23;12;23;273.49503972
6061038;1;6;1;90;2;;2;;2;;2;;2;;2;;2;;2;;2;;2;;23;12;23;273.49503972
6061038;1;7;1;90;2;;2;;2;;2;;2;;2;;2;;2;;2;;2;;23;12;23;273.49503972
6061039;1;1;1;90;2;;1;7;2;;2;;2;;2;;2;;2;;2;;2;;23;12;23;247.98741511
6061039;1;2;1;90;2;;1;25;2;;2;;2;;2;;2;;2;;2;;2;;23;12;23;247.98741511
6061039;1;3;1;90;2;;2;;2;;2;;2;;2;;2;;2;;2;;2;;23;12;23;247.98741511
6061039;1;4;1;90;2;;1;7;2;;2;;2;;2;;2;;2;;2;;2;;23;12;23;247.98741511
6061039;1;5;1;90;2;;2;;2;;2;;2;;2;;2;;2;;2;;2;;23;12;23;247.98741511
6061040;1;1;1;90;2;;1;6;2;;1;10;2;;2;;2;;2;;2;;2;;23;12;23;255.72200097
6061040;1;2;1;90;2;;1;20;2;;1;18;2;;2;;2;;2;;2;;2;;23;12;23;255.72200097
6061040;1;5;1;90;2;;1;27;2;;1;18;2;;2;;2;;2;;2;;2;;23;12;23;255.72200097
6061041;1;1;1;90;2;;1;34;2;;1;17;2;;2;;2;;2;;2;;2;;23;12;23;232.84346084
6061041;1;2;1;90;2;;1;6;2;;2;;2;;2;;2;;2;;2;;2;;23;12;23;232.84346084
6061041;1;3;1;90;2;;1;8;2;;2;;2;;2;;2;;2;;2;;2;;23;12;23;232.84346084
6061042;1;1;1;90;2;;1;25;2;;2;;2;;2;;2;;2;;2;;2;;23;12;23;190.44431887
6061042;1;2;1;90;2;;1;8;2;;2;;2;;2;;2;;2;;2;;2;;23;12;23;190.44431887
6061043;1;1;1;90;2;;1;30;2;;2;;2;;2;;2;;2;;2;;2;;23;12;23;197.07199078
6061043;1;2;1;90;2;;1;7;2;;2;;2;;2;;2;;2;;2;;2;;23;12;23;197.07199078
6061043;1;3;1;90;2;;2;;2;;2;;2;;2;;2;;2;;2;;2;;23;12;23;197.07199078
6061044;1;1;1;90;2;;1;5;2;;2;;2;;2;;2;;2;;2;;2;;23;12;23;143.10625671
6061044;1;2;1;90;2;;1;40;2;;2;;2;;2;;2;;2;;2;;2;;23;12;23;143.10625671
6061045;1;1;1;90;2;;2;;2;;2;;2;;2;;2;;2;;2;;2;;23;12;23;228.34938164
6061045;1;2;1;90;2;;2;;2;;2;;2;;2;;2;;2;;2;;2;;23;12;23;228.34938164
6061046;1;1;1;90;2;;1;21;2;;2;;2;;2;;2;;2;;2;;2;;23;12;23;217.69950657
6061047;1;1;1;90;2;;1;35;2;;2;;2;;2;;2;;2;;2;;2;;23;12;23;153.75613178
6061047;1;2;1;90;2;;1;14;2;;2;;2;;2;;2;;2;;2;;2;;23;12;23;153.75613178
6061047;1;3;1;90;2;;2;;2;;2;;2;;2;;2;;2;;2;;2;;23;12;23;153.75613178
6061048;1;1;1;90;2;;1;20;2;;2;;2;;2;;2;;2;;2;;2;;23;12;23;226.68766497
6061048;1;2;1;90;2;;1;10;2;;2;;2;;2;;2;;2;;2;;2;;23;12;23;226.68766497
6061048;1;3;1;90;2;;1;12;2;;2;;2;;2;;2;;2;;2;;2;;23;12;23;226.68766497
6061049;1;1;1;90;2;;1;30;2;;2;;2;;2;;2;;2;;2;;2;;23;12;23;248.7746984
6061049;1;2;1;90;2;;2;;2;;2;;2;;2;;2;;2;;2;;2;;23;12;23;248.7746984
6061050;1;1;1;90;2;;1;15;2;;2;;2;;2;;2;;2;;2;;2;;23;12;23;210.34075344
6061050;1;2;1;90;2;;2;;2;;2;;2;;2;;2;;2;;2;;2;;23;12;23;210.34075344
6061051;1;1;1;90;2;;1;5;2;;2;;2;;2;;2;;2;;2;;2;;23;12;23;144.05000881
6061051;1;2;1;90;2;;1;30;2;;2;;2;;2;;2;;2;;2;;2;;23;12;23;144.05000881
6061051;1;3;1;90;2;;1;10;2;;2;;2;;2;;2;;2;;2;;2;;23;12;23;144.05000881
6061051;1;4;1;90;2;;1;5;2;;2;;2;;2;;2;;2;;2;;2;;23;12;23;144.05000881
6061052;1;1;1;90;2;;1;7;2;;1;14;2;;2;;2;;2;;2;;2;;23;12;23;221.98695788
6061052;1;2;1;90;2;;1;30;2;;1;14;2;;2;;2;;2;;2;;2;;23;12;23;221.98695788
6061052;1;3;1;90;2;;2;;2;;1;14;2;;2;;2;;2;;2;;2;;23;12;23;221.98695788
6061052;1;4;1;90;2;;2;;2;;1;21;2;;2;;2;;2;;2;;2;;23;12;23;221.98695788
6061053;1;1;1;90;2;;1;30;2;;2;;1;20;2;;2;;2;;2;;2;;23;12;23;165.32272387
6061053;1;2;1;90;2;;2;;2;;2;;2;;2;;2;;2;;2;;2;;23;12;23;165.32272387
6061053;1;3;1;90;2;;2;;2;;2;;2;;2;;2;;2;;2;;2;;23;12;23;165.32272387
6061054;1;1;1;90;2;;1;38;2;;1;32;2;;2;;2;;2;;2;;2;;23;12;23;296.10833169
6061054;1;2;1;90;2;;2;;2;;2;;2;;2;;2;;2;;2;;2;;23;12;23;296.10833169
6061055;1;1;1;90;2;;1;40;2;;2;;2;;2;;2;;2;;2;;2;;23;12;23;163.15158685
6061055;1;2;1;90;2;;2;;2;;2;;2;;2;;2;;2;;2;;2;;23;12;23;163.15158685
6061055;1;3;1;90;2;;2;;2;;2;;2;;2;;2;;2;;2;;2;;23;12;23;163.15158685
6061055;1;4;1;90;2;;2;;2;;2;;2;;2;;2;;2;;2;;2;;23;12;23;163.15158685
6061055;1;5;1;90;2;;1;7;2;;2;;2;;2;;2;;2;;2;;2;;23;12;23;163.15158685
6061055;1;7;1;90;2;;1;24;2;;2;;2;;2;;2;;2;;2;;2;;23;12;23;163.15158685
6061055;1;8;1;90;2;;2;;2;;2;;2;;2;;2;;2;;2;;2;;23;12;23;163.15158685
6061056;1;1;1;90;2;;1;14;2;;1;20;2;;2;;2;;2;;2;;2;;23;12;23;285.45845662
6061057;1;1;1;90;2;;1;40;2;;2;;2;;2;;2;;2;;2;;2;;23;12;23;193.27587734
6061057;1;2;1;90;2;;2;;2;;2;;2;;2;;2;;2;;2;;2;;23;12;23;193.27587734
6061057;1;3;1;90;2;;1;15;2;;2;;2;;2;;2;;2;;2;;2;;23;12;23;193.27587734
6061057;1;4;1;90;2;;1;12;2;;2;;2;;2;;2;;2;;2;;2;;23;12;23;193.27587734
6061058;1;1;1;90;2;;1;16;2;;2;;2;;2;;2;;2;;2;;2;;23;12;23;232.37158479
6061058;1;2;1;90;2;;2;;2;;2;;2;;2;;2;;2;;2;;2;;23;12;23;232.37158479
6061061;1;1;1;90;2;;1;32;2;;2;;2;;2;;2;;2;;2;;2;;23;12;23;185.95023966
6061572;1;1;1;90;2;;1;6;2;;2;;2;;2;;2;;2;;2;;2;;50;12;50;234.11992807
6061572;1;2;1;90;2;;1;30;2;;2;;2;;2;;2;;2;;2;;1;10;50;12;50;234.11992807
6061572;1;3;1;90;2;;1;5;2;;2;;2;;2;;2;;2;;2;;2;;50;12;50;234.11992807
6061573;1;1;1;90;2;;2;;2;;2;;2;;2;;2;;2;;2;;2;;50;12;50;236.74084859
6061573;1;2;1;90;2;;1;24;2;;2;;2;;2;;2;;2;;2;;2;;50;12;50;236.74084859
6061573;1;3;1;90;2;;1;18;2;;1;12;2;;2;;2;;2;;2;;2;;50;12;50;236.74084859
6061573;1;4;1;90;2;;1;12;2;;2;;2;;2;;2;;2;;2;;2;;50;12;50;236.74084859
6061575;1;1;1;90;2;;1;20;2;;1;10;2;;2;;2;;2;;2;;2;;50;12;50;321.87820836
6061575;1;2;1;90;2;;1;20;2;;1;10;2;;2;;2;;2;;2;;2;;50;12;50;321.87820836
6061577;1;1;1;90;2;;2;;2;;2;;2;;2;;2;;2;;2;;2;;50;12;50;175.52344364
6061577;1;2;1;90;2;;1;25;2;;2;;2;;2;;2;;2;;2;;2;;50;12;50;175.52344364
6061578;1;1;1;90;2;;1;6;2;;2;;2;;2;;2;;2;;2;;2;;50;12;50;364.09156698
6061578;1;2;1;90;2;;1;18;2;;2;;2;;2;;2;;2;;2;;2;;50;12;50;364.09156698
6061579;1;1;1;90;2;;1;30;2;;2;;1;10;2;;2;;2;;2;;2;;50;12;50;217.87469663
6061579;1;2;1;90;2;;1;2;2;;2;;2;;2;;2;;2;;2;;2;;50;12;50;217.87469663
6061579;1;3;1;90;2;;1;3;2;;2;;2;;2;;2;;2;;2;;2;;50;12;50;217.87469663
6061579;1;6;1;90;2;;1;1;2;;2;;2;;2;;2;;2;;2;;2;;50;12;50;217.87469663
6061581;1;1;1;90;2;;1;18;2;;2;;2;;2;;2;;2;;2;;2;;50;12;50;256.05131806
6061581;1;2;1;90;2;;1;28;2;;2;;2;;2;;2;;2;;2;;2;;50;12;50;256.05131806
6061582;1;1;1;90;2;;1;24;2;;2;;2;;2;;2;;2;;2;;2;;50;12;50;198.6749069
6061582;1;2;1;90;2;;1;18;2;;2;;2;;2;;2;;2;;2;;2;;50;12;50;198.6749069
6061585;1;1;1;90;2;;1;35;2;;2;;2;;2;;2;;2;;2;;2;;50;12;50;208.72197669
6061585;1;2;1;90;2;;1;20;2;;1;10;2;;2;;2;;2;;2;;2;;50;12;50;208.72197669
6061587;1;1;1;90;2;;1;12;2;;2;;2;;2;;2;;2;;2;;2;;50;12;50;246.00424827
6061587;1;2;1;90;2;;2;;2;;2;;2;;2;;2;;2;;2;;2;;50;12;50;246.00424827
6061589;1;1;1;90;2;;1;6;2;;1;7;2;;2;;2;;2;;2;;2;;50;12;50;314.64780249
6061589;1;2;1;90;2;;1;20;2;;1;10;2;;2;;2;;2;;2;;2;;50;12;50;314.64780249
6061589;1;3;1;90;2;;1;10;2;;2;;2;;2;;2;;2;;2;;2;;50;12;50;314.64780249
6061590;1;1;1;90;2;;1;25;2;;2;;2;;2;;2;;2;;2;;2;;50;12;50;192.33885089
6061591;1;1;1;90;2;;1;30;2;;2;;2;;2;;2;;2;;2;;2;;50;12;50;290.83852743
6061591;1;2;1;90;2;;1;8;2;;2;;2;;2;;2;;2;;2;;2;;50;12;50;290.83852743
6061591;1;3;1;90;2;;1;8;2;;2;;2;;2;;2;;2;;2;;2;;50;12;50;290.83852743
6061592;1;1;1;90;2;;2;;2;;2;;2;;2;;2;;2;;2;;2;;50;12;50;364.09156698
6061592;1;2;1;90;2;;1;30;2;;2;;2;;2;;2;;2;;2;;2;;50;12;50;364.09156698
6061594;1;1;1;90;2;;1;7;2;;2;;2;;2;;2;;2;;2;;2;;50;12;50;408.92584614
6061594;1;2;1;90;2;;1;25;2;;1;15;2;;2;;2;;2;;2;;2;;50;12;50;408.92584614
6061594;1;3;1;90;2;;2;;2;;2;;2;;2;;2;;2;;2;;2;;50;12;50;408.92584614
6061596;1;1;1;90;2;;1;3;2;;2;;2;;2;;2;;2;;2;;2;;50;12;50;298.26467669
6061596;1;2;1;90;2;;1;35;2;;2;;2;;2;;2;;2;;2;;2;;50;12;50;298.26467669
6061597;1;1;1;90;2;;1;20;2;;2;;2;;2;;2;;2;;2;;2;;50;12;50;239.66819226
6061599;1;1;1;90;2;;1;3;2;;2;;2;;2;;2;;2;;2;;2;;50;12;50;357.75551097
6061601;1;1;1;90;2;;2;;2;;2;;2;;2;;2;;2;;2;;2;;50;12;50;240.45598408
6061601;1;2;1;90;2;;1;18;2;;2;;2;;2;;2;;2;;2;;2;;50;12;50;240.45598408
6061601;1;3;1;90;2;;2;;2;;2;;2;;2;;2;;2;;2;;2;;50;12;50;240.45598408
6061601;1;4;1;90;2;;1;30;2;;2;;2;;2;;2;;2;;2;;2;;50;12;50;240.45598408
6061602;1;1;1;90;2;;1;30;2;;2;;2;;2;;2;;2;;2;;2;;50;12;50;331.95099512
6061604;1;1;1;90;2;;1;10;2;;2;;2;;2;;2;;2;;2;;2;;50;12;50;305.49508256
6061605;1;1;1;90;2;;1;1;2;;2;;2;;2;;2;;2;;2;;2;;50;12;50;220.35772279
6061605;1;2;1;90;2;;1;50;2;;2;;2;;2;;2;;2;;2;;2;;50;12;50;220.35772279
6061605;1;3;1;90;2;;2;;2;;2;;2;;2;;2;;2;;2;;2;;50;12;50;220.35772279
6061606;1;1;1;90;2;;1;3;2;;2;;2;;2;;2;;2;;2;;2;;50;12;50;304.19416822
6061606;1;2;1;90;2;;1;35;2;;1;15;2;;2;;2;;2;;2;;2;;50;12;50;304.19416822
6061606;1;3;1;90;2;;1;20;2;;1;12;2;;2;;2;;2;;2;;2;;50;12;50;304.19416822
6061606;1;4;1;90;2;;1;12;2;;1;40;2;;2;;2;;2;;2;;2;;50;12;50;304.19416822
6061607;1;1;1;90;2;;1;35;2;;1;10;2;;2;;2;;2;;2;;2;;50;12;50;208.74769367
6061608;1;1;1;90;2;;1;21;2;;2;;2;;2;;2;;2;;2;;2;;50;12;50;192.33885089
6061609;1;1;1;90;2;;1;35;2;;1;15;2;;2;;2;;2;;2;;2;;50;12;50;321.90392533
6061610;1;1;1;90;2;;2;;1;30;1;12;2;;2;;2;;2;;2;;2;;50;12;50;256.07703504
6061611;1;1;1;90;2;;1;30;2;;2;;2;;2;;2;;2;;2;;2;;50;12;50;192.33885089
6061612;1;1;1;90;2;;1;10;2;;2;;2;;2;;2;;2;;2;;2;;50;12;50;439.99792001
6061612;1;2;1;90;2;;1;20;2;;2;;2;;2;;2;;2;;2;;2;;50;12;50;439.99792001
6061612;1;3;1;90;2;;1;6;2;;2;;2;;2;;2;;2;;2;;2;;50;12;50;439.99792001
6061612;1;4;1;90;2;;1;5;2;;2;;2;;2;;2;;2;;2;;2;;50;12;50;439.99792001
6061613;1;1;1;90;2;;2;;2;;2;;2;;2;;2;;2;;2;;2;;50;12;50;357.75551097
6061614;1;1;1;90;2;;1;7;2;;2;;2;;2;;2;;2;;2;;2;;50;12;50;305.49508256
6061615;1;1;1;90;2;;2;;2;;2;;2;;2;;2;;2;;2;;2;;50;12;50;274.02312017
6061615;1;2;1;90;2;;1;3;2;;2;;2;;2;;2;;2;;2;;2;;50;12;50;274.02312017
6061615;1;3;1;90;2;;2;;2;;2;;2;;2;;2;;2;;2;;2;;50;12;50;274.02312017
6061615;1;4;1;90;2;;2;;2;;2;;2;;2;;2;;2;;2;;2;;50;12;50;274.02312017
6061616;1;1;1;90;2;;1;35;2;;2;;2;;2;;2;;2;;2;;2;;50;12;50;202.92225676
6061616;1;2;1;90;2;;1;12;2;;2;;2;;2;;2;;2;;2;;2;;50;12;50;202.92225676
6061616;1;3;1;90;2;;1;6;2;;2;;2;;2;;2;;2;;2;;2;;50;12;50;202.92225676
6061617;1;1;1;90;2;;1;20;2;;1;6;2;;2;;2;;2;;2;;2;;50;12;50;349.43501185
6061617;1;2;1;90;2;;1;7;2;;2;;2;;2;;2;;2;;2;;2;;50;12;50;349.43501185
6061617;1;3;1;90;2;;1;10;2;;2;;2;;2;;2;;2;;2;;2;;50;12;50;349.43501185
6061617;1;4;1;90;2;;1;5;2;;2;;2;;2;;2;;2;;2;;2;;50;12;50;349.43501185
6061619;1;1;1;90;2;;1;18;2;;1;12;2;;2;;2;;2;;2;;2;;50;12;50;315.54215235
6061622;1;1;1;90;2;;1;15;2;;2;;2;;2;;2;;2;;2;;2;;50;12;50;237.17313005
6061622;1;2;1;90;2;;1;15;2;;2;;2;;2;;2;;2;;2;;2;;50;12;50;237.17313005
6061623;1;1;1;90;2;;1;25;2;;1;15;2;;2;;2;;2;;2;;2;;50;12;50;149.57951327
6061623;1;2;1;90;2;;1;20;2;;1;15;2;;2;;2;;2;;2;;2;;50;12;50;149.57951327
6061624;1;1;1;90;2;;1;5;2;;2;;2;;2;;2;;2;;2;;2;;50;12;50;284.50247142
6061624;1;2;1;90;2;;1;30;2;;1;6;2;;2;;2;;2;;2;;2;;50;12;50;284.50247142
6061625;1;1;1;90;2;;1;30;2;;2;;2;;2;;1;10;2;;2;;2;;50;12;50;149.57951327
6061625;1;2;1;90;2;;1;9;2;;2;;2;;2;;2;;2;;2;;2;;50;12;50;149.57951327
6061626;1;1;1;90;2;;1;15;2;;2;;2;;2;;2;;2;;2;;2;;50;12;50;305.49508256
6061627;1;1;1;90;2;;1;10;2;;1;8;2;;2;;2;;2;;2;;2;;50;12;50;390.54747955
6061627;1;2;1;90;2;;1;30;2;;1;15;2;;2;;2;;2;;2;;2;;50;12;50;390.54747955
6061628;1;1;1;90;2;;1;10;2;;1;10;2;;2;;2;;2;;2;;2;;50;12;50;304.6007327
6061628;1;2;1;90;2;;1;20;2;;1;10;2;;2;;2;;2;;2;;2;;50;12;50;304.6007327
6061628;1;3;1;90;2;;1;6;2;;2;;2;;2;;2;;2;;2;;2;;50;12;50;304.6007327
6061629;1;1;1;90;2;;1;4;2;;2;;2;;2;;2;;2;;2;;2;;50;12;50;198.6749069
6061629;1;2;1;90;2;;1;18;2;;2;;1;20;2;;2;;2;;2;;2;;50;12;50;198.6749069
6061631;1;1;1;90;2;;1;30;2;;2;;2;;2;;2;;2;;2;;2;;52;12;52;207.29798966
6061631;1;2;1;90;2;;1;10;2;;2;;2;;2;;2;;2;;2;;2;;52;12;52;207.29798966
6061633;1;1;1;90;2;;1;2;2;;2;;2;;2;;2;;2;;2;;2;;52;12;52;299.39399896
6061633;1;2;1;90;2;;1;2;2;;1;4;2;;2;;2;;2;;2;;2;;52;12;52;299.39399896
6061633;1;3;1;90;2;;1;40;2;;1;20;2;;2;;2;;2;;2;;2;;52;12;52;299.39399896
6061634;1;1;1;90;2;;2;;2;;2;;2;;2;;2;;2;;2;;2;;52;12;52;137.2800358
6061634;1;2;1;90;2;;1;7;2;;2;;2;;2;;2;;2;;2;;2;;52;12;52;137.2800358
6061634;1;3;1;90;2;;1;4;2;;2;;2;;2;;2;;2;;2;;2;;52;12;52;137.2800358
6061634;1;4;1;90;2;;2;;2;;2;;2;;2;;2;;2;;2;;2;;52;12;52;137.2800358
6061634;1;5;1;90;2;;1;25;2;;2;;2;;2;;2;;2;;2;;2;;52;12;52;137.2800358
6061636;1;1;1;90;2;;1;12;2;;2;;2;;2;;2;;2;;2;;2;;52;12;52;259.38004996
6061637;1;1;1;90;2;;2;;2;;2;;2;;2;;2;;2;;2;;2;;52;12;52;324.60338936
6061637;1;2;1;90;2;;1;4;2;;2;;2;;2;;2;;2;;2;;2;;52;12;52;324.60338936
6061638;1;1;1;90;2;;2;;2;;1;28;2;;2;;2;;2;;2;;2;;52;12;52;328.77917371
6061638;1;2;1;90;2;;1;20;2;;1;20;2;;2;;2;;2;;2;;2;;52;12;52;328.77917371
6061642;1;1;1;90;2;;1;12;2;;2;;2;;2;;2;;2;;2;;2;;52;12;52;324.65069319
6061642;1;2;1;90;2;;1;14;2;;2;;2;;2;;2;;2;;2;;2;;52;12;52;324.65069319
6061643;1;1;1;90;2;;1;10;2;;2;;2;;2;;2;;2;;2;;2;;52;12;52;239.97656165
6061643;1;2;1;90;2;;1;14;2;;2;;2;;2;;2;;2;;2;;2;;52;12;52;239.97656165
6061644;1;1;1;90;2;;1;21;2;;1;14;2;;2;;2;;2;;2;;2;;52;12;52;404.09937645
6061644;1;3;1;90;2;;1;25;2;;1;20;2;;2;;2;;2;;2;;2;;52;12;52;404.09937645
6061645;1;1;1;90;2;;1;30;2;;2;;2;;2;;2;;2;;2;;2;;52;12;52;239.84275708
6061645;1;2;1;90;2;;2;;2;;2;;2;;2;;2;;2;;2;;2;;52;12;52;239.84275708
6061645;1;3;1;90;2;;2;;2;;2;;2;;2;;2;;2;;2;;2;;52;12;52;239.84275708
6061646;1;1;1;90;2;;1;2;2;;2;;2;;2;;2;;2;;2;;2;;52;12;52;292.05862195
6061647;1;1;1;90;2;;1;35;2;;2;;2;;2;;2;;2;;2;;2;;52;12;52;505.77565847
6061647;1;2;1;90;2;;1;7;2;;2;;2;;2;;2;;2;;2;;2;;52;12;52;505.77565847
6061647;1;3;1;90;2;;1;35;2;;1;42;2;;2;;2;;2;;2;;2;;52;12;52;505.77565847
6061647;1;4;1;90;2;;2;;2;;2;;2;;2;;2;;2;;2;;2;;52;12;52;505.77565847
6061647;1;6;1;90;2;;1;42;2;;1;56;2;;2;;2;;2;;2;;2;;52;12;52;505.77565847
6061647;1;7;1;90;2;;2;;2;;2;;2;;2;;2;;2;;2;;2;;52;12;52;505.77565847
6061648;1;1;1;90;2;;1;7;2;;2;;2;;2;;2;;2;;2;;2;;52;12;52;262.80725176
6061649;1;1;1;90;2;;2;;2;;2;;2;;2;;2;;2;;2;;2;;52;12;52;364.08377376
6061649;1;2;1;90;2;;1;35;2;;1;20;2;;2;;2;;2;;2;;2;;52;12;52;364.08377376
6061649;1;3;1;90;2;;1;7;2;;2;;2;;2;;2;;2;;2;;2;;52;12;52;364.08377376
6061649;1;4;1;90;2;;2;;2;;2;;2;;2;;2;;2;;2;;2;;52;12;52;364.08377376
6061650;1;1;1;90;2;;1;2;2;;2;;2;;2;;2;;2;;2;;2;;52;12;52;265.21586344
6061650;1;2;1;90;2;;1;35;2;;2;;2;;2;;2;;2;;2;;2;;52;12;52;265.21586344
6061650;1;3;1;90;2;;1;14;2;;2;;2;;2;;2;;2;;2;;2;;52;12;52;265.21586344
6061650;1;4;1;90;2;;1;7;2;;1;14;2;;2;;2;;2;;2;;2;;52;12;52;265.21586344
6061651;1;1;1;90;2;;2;;2;;2;;2;;2;;2;;2;;2;;2;;52;12;52;295.35201918
6061651;1;2;1;90;2;;2;;2;;2;;2;;2;;2;;2;;2;;2;;52;12;52;295.35201918
6061652;1;1;1;90;2;;1;40;2;;1;20;2;;2;;2;;2;;2;;2;;52;12;52;509.41183961
6061653;1;1;1;90;2;;2;;2;;2;;2;;2;;2;;2;;2;;2;;52;12;52;239.84275708
6061653;1;2;1;90;2;;1;35;2;;2;;2;;2;;2;;2;;2;;2;;52;12;52;239.84275708
6061653;1;3;1;90;2;;1;7;2;;2;;2;;2;;2;;2;;2;;2;;52;12;52;239.84275708
6061655;1;1;1;90;2;;1;3;2;;2;;2;;2;;2;;2;;2;;2;;52;12;52;160.37833506
6061655;1;2;1;90;2;;1;37;2;;2;;2;;2;;2;;2;;2;;2;;52;12;52;160.37833506
6061656;1;1;1;90;2;;2;;2;;1;10;2;;2;;2;;2;;2;;2;;52;12;52;361.37124496
6061656;1;2;1;90;2;;1;50;2;;1;10;2;;2;;2;;2;;2;;2;;52;12;52;361.37124496
6061656;1;3;1;90;2;;1;10;2;;1;10;2;;2;;2;;2;;2;;2;;52;12;52;361.37124496
6061657;1;1;1;90;2;;1;14;2;;2;;2;;2;;2;;2;;2;;2;;52;12;52;197.09888683
6061657;1;2;1;90;2;;1;35;2;;2;;2;;2;;2;;2;;2;;2;;52;12;52;197.09888683
6061657;1;3;1;90;2;;1;18;2;;2;;2;;2;;2;;2;;2;;2;;52;12;52;197.09888683
6061658;1;1;1;90;2;;1;3;2;;2;;2;;2;;2;;2;;2;;2;;52;12;52;129.75692727
6061658;1;2;1;90;2;;1;35;2;;2;;2;;2;;2;;2;;2;;2;;52;12;52;129.75692727
6061658;1;3;1;90;2;;1;2;2;;2;;2;;2;;2;;2;;2;;2;;52;12;52;129.75692727
6061658;1;4;1;90;2;;1;2;2;;2;;2;;2;;2;;2;;2;;2;;52;12;52;129.75692727
6061658;1;5;1;90;2;;1;2;2;;2;;2;;2;;2;;2;;2;;2;;52;12;52;129.75692727
6061658;1;6;1;90;2;;1;25;2;;2;;2;;2;;2;;2;;2;;2;;52;12;52;129.75692727
6061661;1;1;1;90;2;;2;;2;;2;;2;;2;;2;;2;;2;;2;;52;12;52;157.08493783
6061664;1;1;1;90;2;;1;2;2;;2;;2;;2;;2;;2;;2;;2;;52;12;52;192.92310248
6061664;1;2;1;90;2;;1;25;2;;2;;1;10;2;;2;;2;;2;;2;;52;12;52;192.92310248
6061664;1;3;1;90;2;;2;;2;;2;;2;;2;;2;;2;;2;;2;;52;12;52;192.92310248
6061665;1;1;1;90;2;;2;;2;;2;;2;;2;;2;;2;;2;;2;;52;12;52;129.75692727
6061665;1;2;1;90;2;;1;30;2;;2;;1;20;2;;2;;2;;2;;2;;52;12;52;129.75692727
6061665;1;3;1;90;2;;1;10;2;;2;;1;10;2;;2;;2;;2;;2;;52;12;52;129.75692727
6061666;1;1;1;90;2;;1;35;2;;2;;2;;2;;2;;2;;2;;2;;52;12;52;229.37769879
6061666;1;2;1;90;2;;1;21;2;;2;;2;;2;;2;;2;;2;;2;;52;12;52;229.37769879
6061667;1;1;1;90;2;;1;35;2;;2;;2;;2;;2;;2;;2;;2;;52;12;52;137.54764495
6061667;1;2;1;90;2;;1;6;2;;2;;2;;2;;2;;2;;2;;2;;52;12;52;137.54764495
6061667;1;3;1;90;2;;1;3;2;;2;;2;;2;;2;;2;;2;;2;;52;12;52;137.54764495
6061668;1;1;1;90;2;;1;25;2;;1;24;2;;2;;2;;2;;2;;2;;52;12;52;417.58178578
6061668;1;2;1;90;2;;1;3;2;;1;20;2;;2;;2;;2;;2;;2;;52;12;52;417.58178578
6061669;1;1;1;90;2;;1;14;2;;1;20;2;;2;;2;;2;;2;;2;;52;12;52;364.35138291
6061669;1;2;1;90;2;;1;40;2;;1;30;2;;2;;2;;2;;2;;2;;52;12;52;364.35138291
6061670;1;1;1;90;2;;1;10;2;;2;;2;;2;;2;;2;;2;;2;;52;12;52;292.10592578
6061671;1;1;1;90;2;;1;25;2;;2;;2;;2;;2;;2;;2;;2;;52;12;52;239.84275708
6061671;1;2;1;90;2;;1;6;2;;2;;2;;2;;2;;2;;2;;2;;52;12;52;239.84275708
6061671;1;3;1;90;2;;2;;2;;2;;2;;2;;2;;2;;2;;2;;52;12;52;239.84275708
6061674;1;1;1;90;2;;2;;2;;2;;2;;2;;2;;2;;2;;2;;52;12;52;239.97656165
6061674;1;2;1;90;2;;1;21;2;;2;;1;24;2;;2;;2;;2;;2;;52;12;52;239.97656165
6061677;1;1;1;90;2;;1;28;2;;2;;2;;2;;2;;2;;2;;2;;52;12;52;210.59138689
6061677;1;2;1;90;2;;1;21;2;;2;;2;;2;;2;;2;;2;;2;;52;12;52;210.59138689
6061677;1;3;1;90;2;;1;21;2;;2;;2;;2;;2;;2;;2;;2;;52;12;52;210.59138689
6061678;1;1;1;90;2;;1;15;2;;2;;2;;2;;2;;2;;2;;2;;52;12;52;129.75692727
6061678;1;2;1;90;2;;1;15;2;;2;;2;;2;;2;;2;;2;;2;;52;12;52;129.75692727
6061678;1;3;1;90;2;;1;26;2;;2;;2;;2;;2;;2;;2;;2;;52;12;52;129.75692727
6061679;1;1;1;90;2;;1;25;2;;2;;2;;2;;2;;2;;2;;2;;52;12;52;281.32595451
6061679;1;2;1;90;2;;1;3;2;;2;;2;;2;;2;;2;;2;;2;;52;12;52;281.32595451
6061680;1;1;1;90;2;;1;14;2;;2;;2;;2;;2;;2;;2;;2;;52;12;52;396.80964958
6061680;1;2;1;90;2;;1;8;2;;2;;2;;2;;2;;2;;2;;2;;52;12;52;396.80964958
6061680;1;3;1;90;2;;1;14;2;;2;;2;;2;;2;;2;;2;;2;;52;12;52;396.80964958
6061680;1;4;1;90;2;;1;42;2;;1;42;2;;2;;2;;2;;2;;2;;52;12;52;396.80964958
6061681;1;1;1;90;2;;1;12;2;;2;;2;;2;;2;;2;;2;;2;;52;12;52;272.52132907
6061681;1;2;1;90;2;;1;12;2;;2;;2;;2;;2;;2;;2;;2;;52;12;52;272.52132907
6061681;1;3;1;90;2;;1;7;2;;2;;2;;2;;2;;2;;2;;2;;52;12;52;272.52132907
6061682;1;1;1;90;2;;2;;2;;2;;2;;2;;2;;2;;2;;2;;52;12;52;265.21586344
6061682;1;2;1;90;2;;2;;2;;2;;2;;2;;2;;2;;2;;2;;52;12;52;265.21586344
6061682;1;3;1;90;2;;1;28;2;;1;28;1;24;2;;2;;2;;2;;2;;52;12;52;265.21586344
6061682;1;4;1;90;2;;1;20;2;;1;28;2;;2;;2;;2;;2;;2;;52;12;52;265.21586344
6061683;1;1;1;90;2;;1;42;2;;2;;2;;2;;2;;2;;2;;2;;52;12;52;156.95113326
6061683;1;2;1;90;2;;1;7;2;;2;;2;;2;;2;;2;;2;;2;;52;12;52;156.95113326
6061685;1;1;1;90;2;;1;30;2;;2;;2;;2;;2;;2;;2;;2;;52;12;52;160.37833506
6061685;1;2;1;90;2;;1;8;2;;2;;2;;2;;2;;2;;2;;2;;52;12;52;160.37833506
6061686;1;1;1;90;2;;1;14;2;;1;20;2;;2;;2;;2;;2;;2;;52;12;52;197.09888683
6061686;1;2;1;90;2;;1;14;2;;1;20;2;;2;;2;;2;;2;;2;;52;12;52;197.09888683
6061686;1;3;1;90;2;;2;;2;;1;8;2;;2;;2;;2;;2;;2;;52;12;52;197.09888683
6061687;1;1;1;90;2;;1;5;2;;2;;2;;2;;2;;2;;2;;2;;52;12;52;361.37124496
6061687;1;2;1;90;2;;1;12;2;;2;;2;;2;;2;;2;;2;;2;;52;12;52;361.37124496
6061687;1;3;1;90;2;;1;4;2;;2;;2;;2;;2;;2;;2;;2;;52;12;52;361.37124496
6061689;1;1;1;90;2;;1;35;2;;2;;2;;2;;2;;2;;2;;2;;52;12;52;170.1397162
6061689;1;2;1;90;2;;1;5;2;;2;;2;;2;;2;;2;;2;;2;;52;12;52;170.1397162
6061689;1;3;1;90;2;;2;;2;;2;;2;;2;;2;;2;;2;;2;;52;12;52;170.1397162
6061689;1;4;1;90;2;;1;24;2;;2;;2;;2;;2;;2;;2;;2;;52;12;52;170.1397162
6061691;1;1;1;90;2;;1;28;2;;2;;2;;2;;2;;2;;2;;2;;54;12;54;497.18925407
6061691;1;2;1;90;2;;1;10;2;;2;;2;;2;;2;;2;;2;;2;;54;12;54;497.18925407
6061691;1;3;1;90;2;;2;;2;;2;;2;;2;;2;;2;;2;;2;;54;12;54;497.18925407
6061691;1;4;1;90;2;;2;;2;;2;;2;;2;;2;;2;;2;;2;;54;12;54;497.18925407
6061692;1;1;1;90;2;;1;35;2;;1;14;2;;2;;2;;2;;2;;2;;54;12;54;441.3681895
6061692;1;2;1;90;2;;1;14;2;;1;5;2;;2;;2;;2;;2;;2;;54;12;54;441.3681895
6061694;1;1;1;90;2;;1;14;2;;2;;2;;2;;2;;2;;2;;2;;54;12;54;507.77150007
6061694;1;2;1;90;2;;1;37;2;;2;;2;;2;;2;;2;;2;;2;;54;12;54;507.77150007
6061694;1;3;1;90;2;;2;;2;;2;;2;;2;;2;;2;;2;;2;;54;12;54;507.77150007
6061696;1;1;1;90;2;;2;;2;;2;;2;;2;;2;;2;;2;;2;;54;12;54;377.21677634
6061696;1;2;1;90;2;;1;44;2;;2;;2;;2;;2;;2;;2;;2;;54;12;54;377.21677634
6061696;1;3;1;90;2;;2;;2;;2;;2;;2;;2;;2;;2;;2;;54;12;54;377.21677634
6061696;1;4;1;90;2;;2;;2;;2;;2;;2;;1;10;2;;2;;2;;54;12;54;377.21677634
6061698;1;1;1;90;2;;2;;2;;2;;2;;2;;2;;2;;2;;2;;54;12;54;376.31973793
6061699;1;1;1;90;2;;2;;2;;1;2;2;;2;;2;;2;;2;;2;;54;12;54;445.51543913
6061699;1;2;1;90;2;;1;30;2;;1;10;2;;2;;2;;2;;2;;2;;54;12;54;445.51543913
6061699;1;3;1;90;2;;1;6;2;;2;;2;;2;;2;;2;;2;;2;;54;12;54;445.51543913
6061699;1;4;1;90;2;;1;2;2;;2;;2;;2;;2;;2;;2;;2;;54;12;54;445.51543913
6061700;1;1;1;90;2;;1;4;2;;2;;2;;2;;2;;2;;2;;2;;54;12;54;417.08922736
6061700;1;2;1;90;2;;1;35;2;;2;;2;;2;;2;;2;;2;;2;;54;12;54;417.08922736
6061701;1;1;1;90;2;;1;10;2;;2;;2;;2;;2;;2;;2;;2;;54;12;54;456.09768513
6061701;1;2;1;90;2;;1;28;2;;1;14;2;;2;;2;;2;;2;;2;;54;12;54;456.09768513
6061701;1;3;1;90;2;;1;14;2;;2;;2;;2;;2;;2;;2;;2;;54;12;54;456.09768513
6061702;1;1;1;90;2;;2;;2;;2;;2;;2;;2;;2;;2;;2;;54;12;54;442.40096899
6061702;1;2;1;90;2;;2;;2;;2;;2;;2;;2;;2;;2;;2;;54;12;54;442.40096899
6061704;1;1;1;90;2;;1;14;2;;2;;2;;2;;2;;2;;2;;2;;54;12;54;293.76623327
6061704;1;2;1;90;2;;1;38;2;;2;;2;;2;;2;;2;;2;;2;;54;12;54;293.76623327
6061704;1;3;1;90;2;;1;24;2;;2;;2;;2;;2;;2;;2;;2;;54;12;54;293.76623327
6061704;1;4;1;90;2;;1;14;2;;2;;2;;2;;2;;2;;2;;2;;54;12;54;293.76623327
6061704;1;5;1;90;2;;2;;2;;2;;2;;2;;2;;2;;2;;2;;54;12;54;293.76623327
6061705;1;1;1;90;2;;2;;2;;2;;2;;2;;2;;2;;2;;2;;54;12;54;392.48818571
6061705;1;2;1;90;2;;2;;2;;2;;2;;2;;2;;2;;2;;2;;54;12;54;392.48818571
6061708;1;1;1;90;2;;1;35;2;;2;;2;;2;;2;;2;;2;;2;;54;12;54;434.36128927
6061708;1;2;1;90;2;;2;;2;;2;;2;;2;;2;;2;;2;;2;;54;12;54;434.36128927
6061708;1;3;1;90;2;;1;7;2;;2;;2;;2;;2;;2;;2;;2;;54;12;54;434.36128927
6061708;2;1;2;90;2;;2;;2;;2;;2;;2;;2;;2;;2;;2;;54;12;54;434.36128927
6061708;2;2;2;90;2;;1;60;2;;2;;2;;2;;2;;2;;2;;2;;54;12;54;434.36128927
6061708;2;3;2;90;2;;1;7;2;;2;;2;;2;;2;;2;;2;;2;;54;12;54;434.36128927
6061709;1;1;1;90;2;;2;;2;;1;6;2;;2;;2;;2;;2;;2;;54;12;54;415.51453413
6061709;1;2;1;90;2;;1;21;2;;1;25;2;;2;;2;;2;;2;;2;;54;12;54;415.51453413
6061709;1;3;1;90;2;;1;6;2;;2;;2;;2;;2;;2;;2;;2;;54;12;54;415.51453413
6061709;1;5;1;90;2;;2;;2;;2;;2;;2;;2;;2;;2;;2;;54;12;54;415.51453413
6061709;1;6;1;90;2;;2;;2;;2;;2;;2;;2;;2;;2;;2;;54;12;54;415.51453413
6061710;1;1;1;90;2;;1;35;2;;2;;1;5;2;;2;;2;;2;;2;;54;12;54;314.93072528
6061710;1;2;1;90;2;;1;2;2;;2;;2;;2;;2;;2;;2;;2;;54;12;54;314.93072528
6061710;1;3;1;90;2;;1;15;2;;2;;2;;2;;2;;2;;2;;2;;54;12;54;314.93072528
6061711;1;1;1;90;2;;1;2;2;;2;;2;;2;;2;;2;;2;;2;;54;12;54;376.31973793
6061712;1;1;1;90;2;;2;;2;;2;;2;;2;;2;;2;;2;;2;;54;12;54;459.1033471
6061712;1;2;1;90;2;;1;38;2;;2;;2;;2;;2;;2;;2;;2;;54;12;54;459.1033471
6061712;1;3;1;90;2;;2;;2;;2;;2;;2;;2;;2;;2;;2;;54;12;54;459.1033471
6061712;1;4;1;90;2;;2;;2;;2;;2;;2;;2;;2;;2;;2;;54;12;54;459.1033471
6061713;1;1;1;90;2;;1;6;2;;2;;2;;2;;2;;2;;2;;2;;54;12;54;511.70113553
6061713;1;2;1;90;2;;1;15;2;;1;38;2;;2;;2;;2;;2;;2;;54;12;54;511.70113553
6061713;1;3;1;90;2;;1;34;2;;1;2;2;;2;;2;;2;;2;;2;;54;12;54;511.70113553
6061713;1;4;1;90;2;;2;;2;;1;1;2;;2;;2;;2;;2;;2;;54;12;54;511.70113553
6061713;1;6;1;90;2;;1;1;2;;2;;2;;2;;2;;2;;2;;2;;54;12;54;511.70113553
6061716;1;1;1;90;2;;2;;2;;2;;2;;2;;2;;2;;2;;2;;54;12;54;544.55947108
6061719;1;1;1;90;2;;1;24;2;;1;24;2;;2;;2;;2;;2;;2;;54;12;54;458.69939451
6061720;1;1;1;90;2;;1;24;2;;2;;2;;2;;2;;2;;2;;2;;54;12;54;351.71869628
6061721;1;1;1;90;2;;1;30;2;;1;14;1;42;2;;2;;2;;2;;2;;54;12;54;375.99765842
6061722;1;1;1;90;2;;1;2;2;;2;;2;;2;;2;;2;;2;;2;;54;12;54;525.20432721
6061722;2;1;2;90;2;;1;12;2;;2;;2;;2;;2;;2;;2;;2;;54;12;54;525.20432721
6061722;3;1;3;90;2;;1;31;2;;1;15;2;;2;;2;;2;;2;;2;;54;12;54;525.20432721
6061722;3;2;3;90;2;;1;2;2;;2;;2;;2;;2;;2;;2;;2;;54;12;54;525.20432721
6061725;1;1;1;90;2;;2;;2;;2;;2;;2;;2;;2;;2;;2;;54;12;54;252.10276047
6061725;1;2;1;90;2;;1;32;2;;2;;2;;2;;2;;2;;2;;2;;54;12;54;252.10276047
6061725;1;3;1;90;2;;1;14;2;;2;;2;;2;;2;;2;;2;;2;;54;12;54;252.10276047
6061725;1;4;1;90;2;;1;5;2;;2;;2;;2;;2;;2;;2;;2;;54;12;54;252.10276047
6061725;1;5;1;90;2;;1;40;2;;2;;2;;2;;2;;2;;2;;2;;54;12;54;252.10276047
6061726;1;1;1;90;2;;1;40;2;;2;;2;;2;;2;;2;;2;;2;;54;12;54;509.01613039
6061726;1;2;1;90;2;;2;;2;;2;;2;;2;;2;;2;;2;;2;;54;12;54;509.01613039
6061726;1;3;1;90;2;;2;;2;;1;24;2;;2;;2;;2;;2;;2;;54;12;54;509.01613039
6061726;1;4;1;90;2;;1;1;2;;1;28;2;;2;;2;;2;;2;;2;;54;12;54;509.01613039
6061727;1;1;1;90;2;;1;24;2;;2;;2;;2;;2;;2;;2;;2;;54;12;54;370.23760856
6061727;1;4;1;90;2;;1;24;2;;2;;2;;2;;2;;2;;2;;2;;54;12;54;370.23760856
6061727;1;5;1;90;2;;2;;2;;2;;2;;2;;2;;2;;2;;2;;54;12;54;370.23760856
6061728;1;1;1;90;2;;1;28;2;;2;;2;;2;;2;;2;;2;;2;;54;12;54;544.44924239
6061728;1;2;1;90;2;;1;28;2;;1;21;2;;2;;2;;2;;2;;2;;54;12;54;544.44924239
6061729;1;1;1;90;2;;2;;2;;2;;2;;2;;2;;2;;2;;2;;54;12;54;783.87886585
6061729;1;2;1;90;2;;1;21;2;;1;35;2;;2;;2;;2;;2;;2;;54;12;54;783.87886585
6061729;1;4;1;90;2;;1;2;2;;2;;2;;2;;2;;2;;2;;2;;54;12;54;783.87886585
6061729;2;1;2;90;2;;2;;2;;2;;2;;2;;2;;2;;2;;2;;54;12;54;783.87886585
6061729;2;2;2;90;2;;1;15;2;;1;38;2;;2;;2;;2;;2;;2;;54;12;54;783.87886585
6061729;3;1;3;90;2;;1;31;2;;1;15;2;;2;;2;;2;;2;;2;;54;12;54;783.87886585
6061729;3;2;3;90;2;;2;;2;;1;1;2;;2;;2;;2;;2;;2;;54;12;54;783.87886585
6061729;3;3;3;90;2;;2;;2;;2;;2;;2;;2;;2;;2;;2;;54;12;54;783.87886585
6061733;1;1;1;90;2;;1;10;2;;2;;2;;2;;2;;2;;2;;2;;54;12;54;417.08922736
6061733;1;2;1;90;2;;1;28;2;;2;;2;;2;;2;;2;;2;;2;;54;12;54;417.08922736
6061734;1;1;1;90;2;;1;38;2;;2;;2;;2;;2;;2;;2;;2;;54;12;54;557.14458968
6061734;1;2;1;90;2;;2;;2;;2;;2;;2;;2;;2;;2;;2;;54;12;54;557.14458968
6061734;1;3;1;90;2;;1;14;2;;2;;2;;2;;2;;2;;2;;2;;54;12;54;557.14458968
6061738;1;1;1;90;2;;2;;2;;2;;2;;2;;2;;2;;2;;2;;54;12;54;507.77150007
6061738;1;2;1;90;2;;2;;2;;2;;2;;2;;2;;2;;2;;2;;54;12;54;507.77150007
6061738;1;3;1;90;2;;2;;2;;2;;2;;2;;2;;2;;2;;2;;54;12;54;507.77150007
6061739;1;1;1;90;2;;2;;2;;2;;2;;2;;2;;2;;2;;2;;54;12;54;495.89131811
6061739;1;2;1;90;2;;1;40;2;;1;15;2;;2;;2;;2;;2;;2;;54;12;54;495.89131811
6061740;1;1;1;90;2;;1;10;2;;2;;2;;2;;2;;2;;2;;2;;54;12;54;417.08922736
6061740;1;2;1;90;2;;1;31;2;;2;;1;6;2;;2;;2;;2;;2;;54;12;54;417.08922736
6061741;1;1;1;90;2;;1;15;2;;1;6;2;;2;;2;;2;;2;;2;;54;12;54;461.24196079
6061741;1;2;1;90;2;;1;2;2;;2;;2;;2;;2;;2;;2;;2;;54;12;54;461.24196079
6061741;1;3;1;90;2;;1;2;2;;1;2;2;;2;;2;;2;;2;;2;;54;12;54;461.24196079
6061741;1;4;1;90;2;;1;2;2;;2;;2;;2;;2;;2;;2;;2;;54;12;54;461.24196079
6061742;1;1;1;90;2;;1;15;2;;2;;2;;2;;2;;2;;2;;2;;54;12;54;544.55947108
6061743;1;1;1;90;2;;1;45;2;;1;14;2;;2;;2;;2;;2;;2;;54;12;54;544.44924239
6061743;1;2;1;90;2;;2;;2;;2;;2;;2;;2;;2;;2;;2;;54;12;54;544.44924239
6061744;1;1;1;90;2;;2;;2;;2;;2;;2;;2;;2;;2;;2;;54;12;54;520.17028025
6061744;1;2;1;90;2;;1;25;2;;1;15;2;;2;;2;;2;;2;;2;;54;12;54;520.17028025
6061745;1;1;1;90;2;;1;42;2;;2;;2;;2;;2;;2;;2;;2;;54;12;54;381.90593971
6061745;1;2;1;90;2;;2;;2;;2;;2;;2;;2;;2;;2;;2;;54;12;54;381.90593971
6061745;1;3;1;90;2;;2;;2;;2;;2;;2;;2;;2;;2;;2;;54;12;54;381.90593971
6061746;1;1;1;90;2;;1;2;2;;2;;2;;2;;2;;2;;2;;2;;54;12;54;344.43725884
6061746;1;2;1;90;2;;1;10;2;;1;15;2;;2;;2;;2;;2;;2;;54;12;54;344.43725884
6061746;1;3;1;90;2;;1;2;2;;2;;2;;2;;2;;2;;2;;2;;54;12;54;344.43725884
6061746;1;4;1;90;2;;2;;2;;2;;2;;2;;2;;2;;2;;2;;54;12;54;344.43725884
6061746;1;5;1;90;2;;1;1;2;;1;12;2;;2;;2;;2;;2;;2;;54;12;54;344.43725884
6061746;1;7;1;90;2;;2;;2;;2;;2;;2;;2;;2;;2;;2;;54;12;54;344.43725884
6061746;1;8;1;90;2;;2;;2;;2;;2;;2;;2;;2;;2;;2;;54;12;54;344.43725884
6061747;1;1;1;90;2;;1;40;2;;1;20;2;;2;;2;;2;;2;;2;;54;12;54;503.65424057
6061747;1;2;1;90;2;;2;;2;;2;;2;;2;;2;;2;;2;;2;;54;12;54;503.65424057
6061747;1;3;1;90;2;;2;;2;;2;;2;;2;;2;;2;;2;;2;;54;12;54;503.65424057
6061748;1;1;1;90;2;;1;21;2;;2;;2;;2;;2;;2;;2;;2;;54;12;54;400.27662056
6061749;1;1;1;90;2;;1;40;2;;2;;2;;2;;2;;2;;2;;2;;54;12;54;479.37527843
6061749;1;2;1;90;2;;2;;2;;2;;2;;2;;2;;2;;2;;2;;54;12;54;479.37527843
6061749;1;3;1;90;2;;1;8;2;;2;;2;;2;;2;;2;;2;;2;;54;12;54;479.37527843
6061750;1;1;1;90;2;;1;2;2;;2;;2;;2;;2;;2;;2;;2;;54;12;54;532.86562754
6061750;1;2;1;90;2;;1;2;2;;1;9;2;;2;;2;;2;;2;;2;;54;12;54;532.86562754
6061750;1;3;1;90;2;;2;;2;;2;;2;;2;;2;;2;;2;;2;;54;12;54;532.86562754
6061752;1;1;1;90;2;;1;10;2;;2;;2;;2;;2;;2;;2;;2;;54;12;54;425.66731515
6061752;1;2;1;90;2;;1;7;2;;2;;2;;2;;2;;2;;2;;2;;54;12;54;425.66731515
6061752;1;3;1;90;2;;2;;2;;2;;2;;2;;2;;2;;2;;2;;54;12;54;425.66731515
6061753;1;1;1;90;2;;2;;2;;2;;2;;2;;2;;2;;2;;2;;54;12;54;431.81872299
6061753;1;2;1;90;2;;1;30;2;;2;;2;;2;;2;;2;;2;;2;;54;12;54;431.81872299
6061753;1;3;1;90;2;;2;;2;;2;;2;;2;;2;;2;;2;;2;;54;12;54;431.81872299
6061754;1;1;1;90;2;;1;8;2;;2;;2;;2;;2;;2;;2;;2;;54;12;54;431.81872299
6061754;1;2;1;90;2;;1;38;2;;2;;2;;2;;2;;2;;2;;2;;54;12;54;431.81872299
6061754;1;3;1;90;2;;2;;2;;2;;2;;2;;2;;2;;2;;2;;54;12;54;431.81872299
6061755;1;1;1;90;2;;1;32;2;;2;;2;;2;;2;;2;;2;;2;;54;12;54;468.79303242
6061755;1;2;1;90;2;;1;2;2;;2;;2;;2;;2;;2;;2;;2;;54;12;54;468.79303242
6061755;1;3;1;90;2;;2;;2;;2;;2;;2;;2;;2;;2;;2;;54;12;54;468.79303242
6061755;1;4;1;90;2;;1;12;2;;2;;2;;2;;2;;2;;2;;2;;54;12;54;468.79303242
6061756;1;1;1;90;2;;2;;2;;2;;2;;2;;2;;2;;2;;2;;54;12;54;421.23647699
6061756;1;2;1;90;2;;1;49;2;;2;;2;;2;;2;;2;;2;;2;;54;12;54;421.23647699
6061756;1;3;1;90;2;;1;10;2;;2;;2;;2;;2;;2;;2;;2;;54;12;54;421.23647699
6061756;1;4;1;90;2;;2;;2;;2;;2;;2;;2;;2;;2;;2;;54;12;54;421.23647699
6061757;1;1;1;90;2;;1;38;2;;1;15;2;;2;;2;;2;;2;;2;;54;12;54;375.99765842
6061758;1;1;1;90;2;;1;2;2;;2;;1;2;2;;2;;2;;2;;2;;54;12;54;467.00201065
6061758;1;2;1;90;2;;1;35;2;;2;;2;;2;;2;;2;;2;;2;;54;12;54;467.00201065
6061759;1;1;1;90;2;;1;7;2;;2;;2;;2;;2;;2;;2;;2;;54;12;54;459.1033471
6061759;1;2;1;90;2;;1;30;2;;2;;2;;2;;2;;2;;2;;2;;54;12;54;459.1033471
6061759;1;3;1;90;2;;1;21;2;;2;;2;;2;;2;;2;;2;;2;;54;12;54;459.1033471
6061759;1;5;1;90;2;;2;;2;;2;;2;;2;;2;;2;;2;;2;;54;12;54;459.1033471
6061760;1;1;1;90;2;;1;30;2;;2;;2;;2;;2;;2;;2;;2;;54;12;54;351.71869628
6061761;1;1;1;90;2;;2;;2;;2;;2;;2;;2;;2;;2;;2;;54;12;54;533.97722508
6061761;1;2;1;90;2;;1;12;2;;2;;2;;2;;2;;2;;2;;2;;54;12;54;533.97722508
6061764;1;1;1;90;2;;1;38;2;;2;;2;;2;;2;;2;;2;;2;;54;12;54;466.43680457
6061764;1;2;1;90;2;;2;;2;;2;;2;;2;;2;;2;;2;;2;;54;12;54;466.43680457
6061764;1;3;1;90;2;;2;;2;;2;;2;;2;;2;;2;;2;;2;;54;12;54;466.43680457
6061764;1;4;1;90;2;;2;;2;;2;;2;;2;;2;;2;;2;;2;;54;12;54;466.43680457
6061765;1;1;1;90;2;;1;1;2;;2;;2;;2;;2;;2;;2;;2;;54;12;54;377.21677634
6061765;1;2;1;90;2;;1;12;2;;2;;2;;2;;2;;2;;2;;2;;54;12;54;377.21677634
6061765;1;3;1;90;2;;1;10;2;;2;;2;;2;;2;;2;;2;;2;;54;12;54;377.21677634
6061765;1;4;1;90;2;;1;2;2;;2;;2;;2;;2;;2;;2;;2;;54;12;54;377.21677634
6061766;1;1;1;90;2;;2;;2;;2;;2;;2;;2;;2;;2;;2;;54;12;54;417.08922736
6061766;1;2;1;90;2;;1;28;2;;2;;2;;2;;2;;2;;2;;2;;54;12;54;417.08922736
6061767;1;1;1;90;2;;2;;2;;2;;2;;2;;2;;2;;2;;2;;54;12;54;392.48818571
6061767;1;2;1;90;2;;1;20;2;;2;;2;;2;;2;;2;;2;;2;;54;12;54;392.48818571
6061768;1;1;1;90;2;;1;1;2;;2;;2;;2;;2;;2;;2;;2;;54;12;54;519.46405799
6061768;1;2;1;90;2;;1;35;2;;1;2;2;;2;;2;;2;;2;;2;;54;12;54;519.46405799
6061768;1;3;1;90;2;;1;2;2;;2;;2;;2;;2;;2;;2;;2;;54;12;54;519.46405799
6061768;1;4;1;90;2;;1;6;2;;2;;2;;2;;2;;2;;2;;2;;54;12;54;519.46405799
6061768;1;5;1;90;2;;2;;2;;2;;2;;2;;2;;2;;2;;2;;54;12;54;519.46405799
6061768;1;6;1;90;2;;2;;2;;2;;2;;2;;2;;2;;2;;2;;54;12;54;519.46405799
6061769;1;1;1;90;2;;2;;2;;2;;2;;2;;2;;2;;2;;2;;54;12;54;290.32968363
6061769;1;2;1;90;2;;2;;2;;2;;2;;2;;2;;2;;2;;2;;54;12;54;290.32968363
6061769;1;3;1;90;2;;1;20;2;;2;;2;;2;;2;;2;;2;;2;;54;12;54;290.32968363
6061771;1;1;1;90;2;;1;30;2;;2;;2;;2;;2;;2;;2;;2;;54;12;54;490.95889327
6061771;1;2;1;90;2;;2;;2;;2;;2;;2;;2;;2;;2;;2;;54;12;54;490.95889327
6061773;1;1;1;90;2;;1;1;2;;2;;2;;2;;2;;2;;2;;2;;54;12;54;479.37527843
6061773;1;2;1;90;2;;1;31;2;;2;;2;;2;;2;;2;;2;;2;;54;12;54;479.37527843
6061773;1;3;1;90;2;;1;9;2;;2;;2;;2;;2;;2;;2;;2;;54;12;54;479.37527843
6061774;1;1;1;90;2;;1;14;2;;2;;2;;2;;2;;2;;2;;2;;54;12;54;289.97105327
6061774;1;2;1;90;2;;1;14;2;;2;;2;;2;;2;;2;;2;;2;;54;12;54;289.97105327
6061774;1;3;1;90;2;;1;10;2;;2;;2;;2;;2;;2;;2;;2;;54;12;54;289.97105327
6061774;1;4;1;90;2;;2;;2;;2;;2;;2;;2;;2;;2;;2;;54;12;54;289.97105327
6061774;1;5;1;90;2;;2;;2;;2;;2;;2;;2;;2;;2;;2;;54;12;54;289.97105327
6061778;1;1;1;90;2;;1;45;2;;2;;2;;2;;2;;2;;2;;2;;54;12;54;310.81346577
6061778;1;2;1;90;2;;1;20;2;;2;;2;;2;;2;;2;;2;;2;;54;12;54;310.81346577
6061778;1;3;1;90;2;;2;;2;;2;;2;;2;;2;;2;;2;;2;;54;12;54;310.81346577
6061779;1;1;1;90;2;;1;12;2;;2;;2;;2;;2;;2;;2;;2;;54;12;54;314.93072528
6061779;1;2;1;90;2;;1;6;2;;2;;2;;2;;2;;2;;2;;2;;54;12;54;314.93072528
6061779;1;3;1;90;2;;1;2;2;;2;;2;;2;;2;;2;;2;;2;;54;12;54;314.93072528
6061840;1;1;1;90;2;;1;48;2;;2;;2;;2;;2;;2;;2;;2;;66;12;66;433.00736424
6061841;1;1;1;90;2;;2;;2;;2;;2;;2;;2;;1;2;2;;2;;66;12;66;346.64555592
6061841;1;2;1;90;2;;1;42;2;;2;;2;;2;;2;;2;;2;;2;;66;12;66;346.64555592
6061841;1;3;1;90;2;;1;5;2;;2;;2;;2;;2;;2;;2;;2;;66;12;66;346.64555592
6061841;1;4;1;90;2;;1;5;2;;2;;2;;2;;2;;2;;2;;2;;66;12;66;346.64555592
6061842;1;1;1;90;2;;2;;2;;2;;2;;2;;2;;2;;2;;2;;66;12;66;339.13429013
6061842;1;2;1;90;2;;1;7;2;;2;;2;;2;;2;;2;;2;;2;;66;12;66;339.13429013
6061842;1;3;1;90;2;;2;;2;;2;;2;;2;;2;;2;;2;;2;;66;12;66;339.13429013
6061842;1;4;1;90;2;;1;21;2;;2;;2;;2;;2;;2;;2;;2;;66;12;66;339.13429013
6061843;1;1;1;90;2;;1;10;2;;2;;2;;2;;2;;2;;2;;2;;66;12;66;384.50288609
6061843;1;2;1;90;2;;1;25;2;;2;;1;30;2;;2;;2;;2;;2;;66;12;66;384.50288609
6061843;1;3;1;90;2;;1;15;2;;2;;2;;2;;2;;2;;2;;2;;66;12;66;384.50288609
6061844;1;1;1;90;2;;1;20;2;;2;;2;;2;;2;;2;;2;;2;;66;12;66;378.40598249
6061844;1;2;1;90;2;;1;2;2;;2;;2;;2;;2;;2;;2;;2;;66;12;66;378.40598249
6061844;1;3;1;90;2;;1;20;2;;2;;2;;2;;2;;2;;2;;2;;66;12;66;378.40598249
6061844;1;4;1;90;2;;1;15;2;;2;;2;;2;;2;;2;;2;;2;;66;12;66;378.40598249
6061844;1;5;1;90;2;;1;40;2;;2;;2;;2;;2;;2;;2;;2;;66;12;66;378.40598249
6061844;1;6;1;90;2;;1;10;2;;2;;2;;2;;2;;2;;2;;2;;66;12;66;378.40598249
6061845;1;1;1;90;2;;1;14;2;;2;;2;;2;;2;;2;;2;;2;;66;12;66;405.06798077
6061845;1;2;1;90;2;;2;;2;;2;;2;;2;;2;;2;;2;;2;;66;12;66;405.06798077
6061845;1;3;1;90;2;;2;;2;;2;;2;;2;;2;;2;;2;;2;;66;12;66;405.06798077
6061845;1;4;1;90;2;;2;;2;;2;;2;;2;;2;;2;;2;;2;;66;12;66;405.06798077
6061845;1;5;1;90;2;;2;;2;;2;;2;;2;;2;;2;;2;;2;;66;12;66;405.06798077
6061846;1;1;1;90;2;;1;22;2;;2;;2;;2;;2;;2;;2;;2;;66;12;66;433.00736424
6061848;1;1;1;90;2;;1;5;2;;1;5;2;;2;;2;;2;;2;;2;;66;12;66;507.96883678
6061848;1;2;1;90;2;;1;20;2;;1;10;2;;2;;2;;2;;2;;2;;66;12;66;507.96883678
6061849;1;1;1;90;2;;1;22;2;;2;;1;64;2;;2;;2;;2;;2;;66;12;66;305.21052346
6061849;1;2;1;90;2;;2;;2;;2;;2;;2;;2;;2;;2;;2;;66;12;66;305.21052346
6061853;1;1;1;90;2;;1;5;2;;2;;2;;2;;2;;1;5;2;;2;;66;12;66;262.00526761
6061853;1;2;1;90;2;;1;10;2;;2;;2;;2;;2;;2;;2;;2;;66;12;66;262.00526761
6061853;1;3;1;90;2;;1;2;2;;2;;2;;2;;2;;2;;2;;2;;66;12;66;262.00526761
6061854;1;1;1;90;2;;1;14;2;;2;;1;12;2;;2;;2;;2;;2;;66;12;66;385.52413156
6061854;1;2;1;90;2;;2;;2;;2;;2;;2;;2;;2;;2;;2;;66;12;66;385.52413156
6061854;1;3;1;90;2;;2;;2;;2;;2;;2;;2;;2;;2;;2;;66;12;66;385.52413156
6061855;1;1;1;90;2;;1;4;2;;2;;2;;2;;2;;2;;2;;2;;66;12;66;472.2790566
6061855;1;2;1;90;2;;1;15;2;;2;;2;;2;;2;;2;;2;;2;;66;12;66;472.2790566
6061855;1;3;1;90;2;;1;18;2;;2;;2;;2;;2;;2;;2;;2;;66;12;66;472.2790566
6061856;1;1;1;90;2;;2;;2;;2;;2;;2;;2;;2;;2;;2;;66;12;66;348.4157793
6061857;1;1;1;90;2;;1;40;2;;2;;2;;2;;2;;2;;2;;2;;66;12;66;451.56154037
6061857;1;2;1;90;2;;2;;2;;2;;2;;2;;2;;2;;2;;2;;66;12;66;451.56154037
6061859;1;1;1;90;2;;1;15;2;;2;;2;;2;;2;;2;;2;;2;;66;12;66;331.22726199
6061859;1;2;1;90;2;;2;;2;;2;;2;;2;;2;;2;;2;;2;;66;12;66;331.22726199
6061860;1;1;1;90;2;;2;;2;;1;4;2;;2;;2;;2;;2;;2;;66;12;66;529.32740287
6061860;1;2;1;90;2;;1;20;2;;1;25;2;;2;;2;;2;;2;;2;;66;12;66;529.32740287
6061861;1;1;1;90;2;;1;30;2;;2;;2;;2;;2;;2;;2;;2;;66;12;66;486.1263569
6061861;1;2;1;90;2;;1;38;2;;2;;2;;2;;2;;2;;2;;2;;66;12;66;486.1263569
6061861;1;3;1;90;2;;1;2;2;;2;;2;;2;;2;;2;;2;;2;;66;12;66;486.1263569
6061862;1;1;1;90;2;;2;;2;;2;;2;;2;;2;;2;;2;;2;;66;12;66;388.03188501
6061862;1;2;1;90;2;;1;14;2;;2;;2;;2;;2;;2;;2;;2;;66;12;66;388.03188501
6061862;1;3;1;90;2;;2;;2;;2;;2;;2;;2;;2;;2;;2;;66;12;66;388.03188501
6061862;1;4;1;90;2;;2;;2;;2;;2;;2;;2;;2;;2;;2;;66;12;66;388.03188501
6061862;1;5;1;90;2;;2;;2;;2;;2;;2;;2;;2;;2;;2;;66;12;66;388.03188501
6061864;1;1;1;90;2;;1;5;2;;1;8;2;;2;;2;;2;;2;;2;;66;12;66;458.69997575
6061864;1;2;1;90;2;;2;;2;;1;8;2;;2;;2;;2;;2;;2;;66;12;66;458.69997575
6061864;1;3;1;90;2;;1;25;2;;1;10;2;;2;;2;;2;;2;;2;;66;12;66;458.69997575
6061865;1;1;1;90;2;;1;45;2;;2;;2;;2;;2;;2;;2;;2;;66;12;66;387.68747166
6061865;1;2;1;90;2;;1;5;2;;2;;2;;2;;2;;2;;2;;2;;66;12;66;387.68747166
6061865;1;3;1;90;2;;1;5;2;;2;;2;;2;;2;;2;;2;;2;;66;12;66;387.68747166
6061866;1;1;1;90;2;;1;48;2;;2;;2;;2;;2;;2;;2;;2;;66;12;66;348.4157793
6061867;1;1;1;90;2;;1;15;2;;2;;2;;2;;2;;2;;2;;2;;66;12;66;436.19194982
6061868;1;1;1;90;2;;1;30;2;;2;;2;;2;;2;;2;;2;;2;;66;12;66;366.96995543
6061868;1;2;1;90;2;;1;5;2;;2;;2;;2;;2;;2;;2;;2;;66;12;66;366.96995543
6061869;1;1;1;90;2;;2;;2;;2;;2;;2;;2;;2;;2;;2;;66;12;66;208.81888684
6061869;1;2;1;90;2;;1;14;2;;2;;1;14;2;;2;;2;;2;;2;;66;12;66;208.81888684
6061869;1;3;1;90;2;;2;;2;;2;;2;;2;;2;;2;;2;;2;;66;12;66;208.81888684
6061869;1;4;1;90;2;;2;;2;;2;;2;;2;;2;;2;;2;;2;;66;12;66;208.81888684
6061869;1;5;1;90;2;;2;;2;;2;;2;;2;;2;;2;;2;;2;;66;12;66;208.81888684
6061870;1;1;1;90;2;;1;10;2;;2;;2;;2;;2;;2;;2;;2;;66;12;66;374.43251784
6061871;1;1;1;90;2;;1;16;2;;2;;2;;2;;2;;2;;2;;2;;66;12;66;436.19194982
6061872;1;1;1;90;2;;2;;2;;2;;2;;2;;2;;2;;2;;2;;66;12;66;429.71906049
6061872;1;2;1;90;2;;1;48;2;;2;;2;;2;;2;;2;;2;;2;;66;12;66;429.71906049
6061872;1;3;1;90;2;;1;4;2;;2;;2;;2;;2;;2;;2;;2;;66;12;66;429.71906049
6061873;1;1;1;90;2;;1;5;2;;2;;2;;2;;2;;2;;2;;2;;66;12;66;410.51962462
6061873;1;2;1;90;2;;1;18;2;;2;;2;;2;;2;;2;;2;;2;;66;12;66;410.51962462
6061873;1;3;1;90;2;;2;;2;;2;;2;;2;;2;;2;;2;;2;;66;12;66;410.51962462
6061874;1;1;1;90;2;;1;14;2;;2;;1;14;2;;2;;2;;2;;2;;66;12;66;279.19378492
6061874;1;2;1;90;2;;2;;2;;2;;2;;2;;2;;2;;2;;2;;66;12;66;279.19378492
6061875;1;1;1;90;2;;1;5;2;;2;;2;;2;;2;;2;;2;;2;;66;12;66;451.56154037
6061875;1;2;1;90;2;;1;20;2;;2;;2;;2;;2;;2;;2;;2;;66;12;66;451.56154037
6061876;1;1;1;90;2;;2;;2;;2;;2;;2;;2;;2;;2;;2;;66;12;66;279.19378492
6061876;1;2;1;90;2;;2;;2;;2;;2;;2;;2;;2;;2;;2;;66;12;66;279.19378492
6061877;1;1;1;90;2;;1;8;2;;2;;2;;2;;2;;2;;2;;2;;66;12;66;305.21052346
6061877;1;2;1;90;2;;1;4;2;;2;;2;;2;;2;;2;;2;;2;;66;12;66;305.21052346
6061878;1;1;1;90;2;;2;;2;;2;;2;;2;;2;;2;;2;;2;;66;12;66;451.56154037
6061878;1;2;1;90;2;;1;14;2;;2;;2;;2;;2;;2;;2;;2;;66;12;66;451.56154037
6061879;1;1;1;90;2;;1;42;2;;2;;2;;2;;2;;2;;2;;2;;66;12;66;348.4157793
6061880;1;1;1;90;2;;1;15;2;;2;;2;;2;;2;;2;;2;;2;;66;12;66;331.22726199
6061880;1;2;1;90;2;;1;20;2;;2;;2;;2;;2;;2;;2;;2;;66;12;66;331.22726199
6061881;1;1;1;90;2;;1;14;2;;2;;2;;2;;2;;2;;2;;2;;66;12;66;451.56154037
6061881;1;2;1;90;2;;2;;2;;2;;2;;2;;2;;2;;2;;2;;66;12;66;451.56154037
6061882;1;1;1;90;2;;1;14;2;;2;;2;;2;;2;;2;;2;;2;;66;12;66;451.56154037
6061882;1;2;1;90;2;;2;;2;;2;;2;;2;;2;;2;;2;;2;;66;12;66;451.56154037
6061884;1;1;1;90;2;;2;;2;;2;;2;;2;;2;;2;;2;;2;;66;12;66;586.64818352
6061884;1;2;1;90;2;;1;14;2;;1;14;2;;2;;2;;2;;2;;2;;66;12;66;586.64818352
6061884;1;6;1;90;2;;2;;2;;2;;2;;2;;2;;2;;2;;2;;66;12;66;586.64818352
6061885;1;1;1;90;2;;1;15;2;;2;;1;10;2;;2;;2;;2;;2;;66;12;66;254.5427052
6061885;1;2;1;90;2;;2;;2;;2;;2;;2;;2;;2;;2;;2;;66;12;66;254.5427052
6061885;1;3;1;90;2;;1;30;2;;2;;1;18;2;;2;;2;;2;;2;;66;12;66;254.5427052
6061885;1;4;1;90;2;;1;30;2;;2;;1;20;2;;2;;2;;2;;2;;66;12;66;254.5427052
6061886;1;1;1;90;2;;1;10;2;;2;;2;;2;;2;;2;;2;;2;;66;12;66;416.51281005
6061886;1;2;1;90;2;;1;15;2;;2;;2;;2;;2;;2;;2;;2;;66;12;66;416.51281005
6061887;1;1;1;90;2;;1;10;2;;1;5;2;;2;;2;;2;;2;;2;;66;12;66;458.69997575
6061887;1;2;1;90;2;;1;30;2;;1;9;2;;2;;2;;2;;2;;2;;66;12;66;458.69997575
6061887;1;3;1;90;2;;1;5;2;;2;;2;;2;;2;;2;;2;;2;;66;12;66;458.69997575
6061888;1;1;1;90;2;;1;40;2;;2;;2;;2;;2;;2;;2;;2;;66;12;66;305.21052346
6061888;1;2;1;90;2;;2;;2;;2;;2;;2;;2;;2;;2;;2;;66;12;66;305.21052346
6061889;1;1;1;90;2;;1;38;2;;2;;2;;2;;2;;2;;2;;1;3;66;12;66;325.92803969
6061889;1;2;1;90;2;;1;2;2;;2;;2;;2;;2;;2;;2;;2;;66;12;66;325.92803969
6061889;1;3;1;90;2;;1;5;2;;2;;2;;2;;2;;2;;2;;2;;66;12;66;325.92803969
6061890;1;1;1;90;2;;2;;2;;2;;2;;2;;2;;2;;2;;2;;66;12;66;450.43657672
6061890;1;2;1;90;2;;1;14;2;;2;;2;;2;;2;;2;;2;;2;;66;12;66;450.43657672
6061890;1;3;1;90;2;;2;;2;;2;;2;;2;;2;;2;;2;;2;;66;12;66;450.43657672
6061890;1;4;1;90;2;;1;14;2;;2;;2;;2;;2;;2;;2;;2;;66;12;66;450.43657672
6061891;1;1;1;90;2;;1;40;2;;2;;2;;2;;2;;2;;2;;2;;66;12;66;323.76469958
6061891;1;2;1;90;2;;1;4;2;;2;;2;;2;;2;;2;;2;;2;;66;12;66;323.76469958
6061891;1;3;1;90;2;;2;;2;;2;;2;;2;;2;;1;20;2;;2;;66;12;66;323.76469958
6061892;1;1;1;90;2;;1;22;2;;2;;2;;2;;2;;2;;2;;2;;66;12;66;366.96995543
6061892;1;2;1;90;2;;1;5;2;;2;;2;;2;;2;;2;;2;;2;;66;12;66;366.96995543
6061893;1;1;1;90;2;;1;14;2;;2;;2;;2;;2;;2;;2;;2;;66;12;66;320.10041011
6061893;1;2;1;90;2;;2;;2;;2;;2;;2;;2;;2;;2;;2;;66;12;66;320.10041011
6061893;1;3;1;90;2;;2;;2;;2;;2;;2;;2;;2;;2;;2;;66;12;66;320.10041011
6061893;1;4;1;90;2;;2;;2;;2;;2;;2;;2;;2;;2;;2;;66;12;66;320.10041011
6061894;1;1;1;90;2;;1;25;2;;2;;2;;2;;2;;2;;2;;2;;66;12;66;369.13329554
6061894;1;2;1;90;2;;1;12;2;;2;;2;;2;;2;;2;;2;;2;;66;12;66;369.13329554
6061895;1;1;1;90;2;;1;39;2;;2;;2;;2;;2;;2;;2;;2;;66;12;66;348.4157793
6061896;1;1;1;90;2;;2;;2;;1;8;2;;2;;2;;2;;2;;2;;66;12;66;507.96883678
6061896;1;2;1;90;2;;1;25;2;;1;25;2;;2;;2;;2;;2;;2;;66;12;66;507.96883678
6061897;1;1;1;90;2;;2;;2;;2;;2;;2;;2;;2;;2;;2;;66;12;66;672.27237079
6061897;1;2;1;90;2;;2;;2;;2;;2;;2;;2;;2;;2;;2;;66;12;66;672.27237079
6061897;1;4;1;90;2;;1;15;2;;2;;2;;2;;2;;2;;2;;2;;66;12;66;672.27237079
6061897;1;6;1;90;2;;1;16;2;;2;;2;;2;;2;;2;;2;;2;;66;12;66;672.27237079
6061898;1;1;1;90;2;;2;;2;;2;;2;;2;;2;;2;;2;;2;;66;12;66;320.58011401
6061898;1;2;1;90;2;;1;14;2;;2;;2;;2;;2;;2;;2;;2;;66;12;66;320.58011401
6061898;1;3;1;90;2;;2;;2;;2;;2;;2;;2;;2;;2;;2;;66;12;66;320.58011401
6061899;1;1;1;90;2;;1;10;2;;2;;2;;2;;2;;2;;2;;2;;66;12;66;305.21052346
6061899;1;2;1;90;2;;1;30;2;;2;;1;15;2;;2;;2;;2;;2;;66;12;66;305.21052346
6061900;1;1;1;90;2;;2;;2;;1;8;2;;2;;2;;2;;2;;2;;66;12;66;536.94975203
6061900;1;2;1;90;2;;1;25;2;;1;22;2;;2;;2;;2;;2;;2;;66;12;66;536.94975203
6061901;1;1;1;90;2;;1;6;2;;2;;2;;2;;2;;2;;2;;2;;66;12;66;305.21052346
6061901;1;2;1;90;2;;1;24;2;;2;;2;;2;;2;;2;;2;;2;;66;12;66;305.21052346
6061902;1;1;1;90;2;;1;8;2;;2;;2;;2;;2;;2;;2;;2;;66;12;66;385.52413156
6061902;1;2;1;90;2;;2;;2;;2;;1;4;2;;2;;2;;2;;2;;66;12;66;385.52413156
6061902;1;3;1;90;2;;1;10;2;;2;;1;30;2;;2;;2;;2;;2;;66;12;66;385.52413156
6061903;1;1;1;90;2;;1;48;2;;2;;2;;2;;2;;2;;2;;2;;66;12;66;305.21052346
6061903;1;2;1;90;2;;1;10;2;;2;;2;;2;;2;;2;;2;;2;;66;12;66;305.21052346
6061904;1;1;1;90;2;;1;2;2;;2;;2;;2;;2;;2;;2;;2;;66;12;66;361.61781987
6061904;1;2;1;90;2;;1;41;2;;1;10;2;;2;;2;;2;;2;;2;;66;12;66;361.61781987
6061905;1;1;1;90;2;;1;5;2;;2;;2;;2;;2;;2;;2;;2;;66;12;66;414.34946994
6061905;1;2;1;90;2;;1;32;2;;2;;2;;2;;2;;2;;2;;2;;66;12;66;414.34946994
6061906;1;1;1;90;2;;2;;2;;2;;2;;2;;2;;2;;2;;2;;66;12;66;507.96883678
6061906;1;2;1;90;2;;1;14;2;;2;;2;;2;;2;;2;;2;;2;;66;12;66;507.96883678
6061907;1;1;1;90;2;;2;;2;;2;;2;;2;;2;;2;;2;;2;;66;12;66;507.96883678
6061907;1;2;1;90;2;;1;14;2;;2;;2;;2;;2;;2;;2;;2;;66;12;66;507.96883678
6061908;1;1;1;90;2;;1;10;2;;2;;2;;2;;2;;2;;2;;2;;66;12;66;283.36804358
6061908;1;2;1;90;2;;1;40;2;;2;;2;;2;;2;;2;;2;;2;;66;12;66;283.36804358
6061908;1;3;1;90;2;;1;25;2;;2;;2;;2;;2;;2;;2;;2;;66;12;66;283.36804358
6061910;1;1;1;90;2;;1;21;2;;2;;2;;2;;2;;2;;2;;2;;66;12;66;376.98741042
6061910;1;2;1;90;2;;1;12;2;;2;;2;;2;;2;;2;;2;;2;;66;12;66;376.98741042
6061910;1;3;1;90;2;;1;25;2;;2;;1;30;2;;2;;2;;2;;2;;66;12;66;376.98741042
6061911;1;1;1;90;2;;1;40;2;;2;;2;;2;;2;;2;;2;;2;;66;12;66;453.72488047
6061911;1;2;1;90;2;;1;5;2;;2;;2;;2;;2;;2;;2;;2;;66;12;66;453.72488047
6061912;1;1;1;90;2;;2;;2;;2;;2;;2;;2;;2;;2;;2;;66;12;66;389.80210839
6061912;1;2;1;90;2;;1;14;2;;2;;2;;2;;2;;2;;2;;2;;66;12;66;389.80210839
6061913;1;1;1;90;2;;1;20;2;;2;;2;;2;;2;;2;;2;;2;;66;12;66;348.4157793
6061914;1;1;1;90;2;;1;38;2;;2;;2;;2;;2;;2;;2;;2;;66;12;66;363.78536986
6061914;1;2;1;90;2;;1;15;2;;2;;2;;2;;2;;2;;2;;2;;66;12;66;363.78536986
6061915;1;1;1;90;2;;2;;2;;2;;2;;2;;2;;2;;2;;2;;66;12;66;472.2790566
6061915;1;2;1;90;2;;1;10;2;;2;;2;;2;;2;;2;;2;;2;;66;12;66;472.2790566
6061915;1;3;1;90;2;;1;15;2;;2;;2;;2;;2;;2;;2;;2;;66;12;66;472.2790566
6061916;1;1;1;90;2;;1;10;2;;1;15;2;;2;;2;;2;;2;;2;;66;12;66;392.35700097
6061916;1;2;1;90;2;;1;26;2;;1;30;2;;2;;2;;2;;2;;2;;66;12;66;392.35700097
6061916;1;3;1;90;2;;2;;2;;2;;2;;2;;2;;2;;2;;2;;66;12;66;392.35700097
6061916;1;5;1;90;2;;2;;2;;2;;2;;2;;2;;2;;2;;2;;66;12;66;392.35700097
6061917;1;1;1;90;2;;1;48;2;;2;;2;;2;;2;;2;;2;;2;;66;12;66;385.52413156
6061917;1;2;1;90;2;;2;;2;;2;;2;;2;;2;;2;;2;;2;;66;12;66;385.52413156
6061917;1;3;1;90;2;;1;4;2;;2;;2;;2;;2;;2;;2;;2;;66;12;66;385.52413156
6061919;1;1;1;90;2;;2;;2;;2;;2;;2;;2;;2;;2;;2;;66;12;66;458.69997575
6061919;1;2;1;90;2;;1;14;2;;2;;2;;2;;2;;2;;2;;2;;66;12;66;458.69997575
6061919;1;4;1;90;2;;2;;2;;2;;2;;2;;2;;2;;2;;2;;66;12;66;458.69997575
6061920;1;1;1;90;2;;1;4;2;;2;;2;;2;;2;;2;;2;;2;;66;12;66;458.69997575
6061920;1;2;1;90;2;;1;22;2;;2;;2;;2;;2;;2;;2;;2;;66;12;66;458.69997575
6061920;1;3;1;90;2;;1;12;2;;2;;2;;2;;2;;2;;2;;2;;66;12;66;458.69997575
6061921;1;1;1;90;2;;1;5;2;;2;;2;;2;;2;;2;;2;;2;;66;12;66;388.67714475
6061921;1;2;1;90;2;;1;15;2;;2;;2;;2;;2;;2;;2;;2;;66;12;66;388.67714475
6061921;1;3;1;90;2;;1;2;2;;2;;2;;2;;2;;2;;2;;2;;66;12;66;388.67714475
6061921;1;4;1;90;2;;1;39;2;;2;;2;;2;;2;;2;;2;;2;;66;12;66;388.67714475
6061922;1;1;1;90;2;;1;30;2;;1;15;2;;2;;2;;2;;2;;2;;66;12;66;533.76516646
6061922;1;2;1;90;2;;1;8;2;;1;10;2;;2;;2;;2;;2;;2;;66;12;66;533.76516646
6061923;1;1;1;90;2;;2;;2;;2;;2;;2;;2;;2;;2;;2;;66;12;66;209.97179053
6061923;1;2;1;90;2;;1;12;2;;2;;1;7;2;;2;;2;;2;;2;;66;12;66;209.97179053
6061923;1;3;1;90;2;;1;14;2;;2;;1;7;2;;2;;2;;2;;2;;66;12;66;209.97179053
6061924;1;1;1;90;2;;1;13;2;;2;;2;;2;;2;;2;;2;;2;;66;12;66;433.00736424
6061925;1;1;1;90;2;;1;26;2;;2;;2;;2;;2;;2;;2;;2;;66;12;66;341.29763024
6061925;1;2;1;90;2;;1;5;2;;2;;2;;2;;2;;2;;2;;2;;66;12;66;341.29763024
6061925;1;3;1;90;2;;2;;2;;2;;2;;2;;2;;2;;2;;2;;66;12;66;341.29763024
6061925;1;4;1;90;2;;1;12;2;;2;;2;;2;;2;;2;;2;;2;;66;12;66;341.29763024
6061926;1;1;1;90;2;;1;20;2;;1;10;2;;2;;2;;2;;2;;2;;66;12;66;305.21052346
6061926;1;2;1;90;2;;1;25;2;;1;25;2;;2;;2;;2;;2;;2;;66;12;66;305.21052346
6061927;1;1;1;90;2;;1;15;2;;2;;2;;2;;2;;2;;2;;2;;66;12;66;453.72488047
6061927;1;2;1;90;2;;1;10;2;;2;;2;;2;;2;;2;;2;;2;;66;12;66;453.72488047
6061928;1;1;1;90;2;;1;14;2;;2;;1;14;2;;2;;2;;2;;2;;66;12;66;279.19378492
6061928;1;2;1;90;2;;2;;2;;2;;2;;2;;2;;2;;2;;2;;66;12;66;279.19378492
6061929;1;1;1;90;2;;1;26;2;;2;;2;;2;;2;;2;;2;;2;;66;12;66;348.4157793
6061931;1;1;1;90;2;;1;15;2;;1;25;2;;2;;2;;2;;2;;2;;66;12;66;440.14579962
6061931;1;2;1;90;2;;1;12;2;;1;20;2;;2;;2;;2;;2;;2;;66;12;66;440.14579962
6061933;1;1;1;90;2;;1;14;2;;2;;2;;2;;2;;2;;2;;2;;66;12;66;363.78536986
6061933;1;2;1;90;2;;1;14;2;;2;;2;;2;;2;;2;;2;;2;;66;12;66;363.78536986
6061935;1;1;1;90;2;;1;24;2;;2;;2;;2;;2;;2;;2;;2;;66;12;66;348.4157793
6061936;1;1;1;90;2;;2;;2;;2;;2;;2;;2;;2;;2;;2;;66;12;66;480.54245562
6061936;1;2;1;90;2;;1;36;2;;1;15;2;;2;;2;;2;;2;;2;;66;12;66;480.54245562
6061937;1;1;1;90;2;;2;;2;;2;;2;;2;;2;;2;;2;;2;;66;12;66;410.51962462
6061937;1;2;1;90;2;;1;15;2;;2;;2;;2;;2;;2;;2;;2;;66;12;66;410.51962462
6061937;1;3;1;90;2;;1;6;2;;2;;2;;2;;2;;2;;2;;2;;66;12;66;410.51962462
6061938;1;1;1;90;2;;1;25;2;;2;;2;;2;;2;;2;;2;;2;;66;12;66;382.33954598
6061938;1;2;1;90;2;;2;;2;;2;;2;;2;;2;;2;;2;;2;;66;12;66;382.33954598
6061938;1;3;1;90;2;;1;20;2;;2;;2;;2;;2;;2;;2;;2;;66;12;66;382.33954598
6061939;1;1;1;90;2;;2;;2;;2;;2;;2;;2;;2;;2;;2;;66;12;66;305.21052346
6061939;1;2;1;90;2;;1;39;2;;2;;2;;2;;2;;2;;2;;2;;66;12;66;305.21052346
6061940;1;1;1;90;2;;2;;2;;2;;2;;2;;2;;2;;2;;2;;66;12;66;342.09846686
6061940;1;3;1;90;2;;1;14;2;;2;;2;;2;;2;;2;;2;;2;;66;12;66;342.09846686
6061940;1;4;1;90;2;;1;14;2;;1;14;2;;2;;2;;2;;2;;2;;66;12;66;342.09846686
6061940;1;5;1;90;2;;2;;2;;2;;2;;2;;2;;2;;2;;2;;66;12;66;342.09846686
6061941;1;1;1;90;2;;1;10;2;;2;;2;;2;;2;;2;;2;;2;;66;12;66;374.43251784
6061942;1;1;1;90;2;;1;12;2;;2;;2;;2;;2;;2;;2;;2;;66;12;66;451.56154037
6061942;1;2;1;90;2;;1;10;2;;2;;2;;2;;2;;2;;2;;2;;66;12;66;451.56154037
6061943;1;1;1;90;2;;1;40;2;;2;;2;;2;;2;;2;;2;;2;;66;12;66;366.96995543
6061943;1;2;1;90;2;;1;10;2;;2;;2;;2;;2;;1;10;2;;2;;66;12;66;366.96995543
6061944;1;1;1;90;2;;1;2;2;;2;;2;;2;;2;;2;;2;;2;;66;12;66;366.96995543
6061944;1;2;1;90;2;;1;5;2;;2;;1;5;2;;2;;2;;2;;2;;66;12;66;366.96995543
6061946;1;1;1;90;2;;2;;2;;2;;2;;2;;2;;2;;2;;2;;66;12;66;451.56154037
6061946;1;2;1;90;2;;2;;2;;2;;2;;2;;2;;2;;2;;2;;66;12;66;451.56154037
6061947;1;1;1;90;2;;2;;2;;2;;2;;2;;2;;2;;2;;2;;66;12;66;536.94975203
6061947;1;2;1;90;2;;1;14;2;;2;;2;;2;;2;;2;;2;;2;;66;12;66;536.94975203
6061950;1;1;1;90;2;;2;;1;2;2;;2;;2;;2;;2;;2;;2;;66;12;66;323.76469958
6061950;1;2;1;90;2;;2;;1;10;2;;2;;2;;2;;2;;2;;2;;66;12;66;323.76469958
6061950;1;3;1;90;2;;1;5;2;;2;;2;;2;;1;2;2;;2;;2;;66;12;66;323.76469958
6061952;1;1;1;90;2;;1;14;2;;2;;2;;2;;2;;2;;2;;2;;66;12;66;454.74612594
6061952;1;2;1;90;2;;1;14;2;;2;;2;;2;;2;;2;;2;;2;;66;12;66;454.74612594
6061956;1;1;1;90;2;;1;12;2;;2;;2;;2;;2;;2;;2;;2;;66;12;66;403.05706221
6061956;1;2;1;90;2;;1;26;2;;2;;1;60;2;;2;;2;;2;;2;;66;12;66;403.05706221
6061956;1;3;1;90;2;;1;12;2;;2;;2;;2;;2;;2;;2;;2;;66;12;66;403.05706221
6061956;1;4;1;90;2;;2;;2;;2;;2;;2;;2;;2;;2;;2;;66;12;66;403.05706221
6061957;1;1;1;90;2;;1;8;2;;1;10;2;;2;;2;;2;;2;;2;;66;12;66;558.30831812
6061957;1;5;1;90;2;;1;10;2;;1;10;2;;2;;2;;2;;2;;2;;66;12;66;558.30831812
6061958;1;1;1;90;2;;1;8;2;;2;;2;;2;;2;;2;;2;;2;;66;12;66;490.83323273
6061958;1;2;1;90;2;;1;15;2;;2;;2;;2;;2;;2;;2;;1;4;66;12;66;490.83323273
6061958;1;3;1;90;2;;1;4;2;;2;;2;;2;;2;;2;;2;;2;;66;12;66;490.83323273
6061958;1;4;1;90;2;;1;10;2;;2;;2;;2;;2;;2;;2;;2;;66;12;66;490.83323273
6061959;1;1;1;90;2;;1;24;2;;2;;2;;2;;2;;2;;2;;2;;66;12;66;348.4157793
6061960;1;1;1;90;2;;2;;2;;2;;2;;2;;2;;2;;2;;2;;66;12;66;295.92903429
6061960;1;2;1;90;2;;1;25;2;;2;;1;25;2;;2;;2;;2;;2;;66;12;66;295.92903429
6061960;1;3;1;90;2;;1;40;2;;2;;2;;2;;2;;2;;2;;2;;66;12;66;295.92903429
6061960;1;4;1;90;2;;1;10;2;;2;;2;;2;;2;;2;;2;;2;;66;12;66;295.92903429
6061960;1;5;1;90;2;;2;;2;;2;;2;;2;;2;;2;;2;;2;;66;12;66;295.92903429
6061961;1;1;1;90;2;;1;15;2;;2;;2;;2;;2;;2;;2;;2;;66;12;66;341.29763024
6061961;1;2;1;90;2;;1;27;2;;2;;2;;2;;2;;2;;2;;2;;66;12;66;341.29763024
6061961;1;3;1;90;2;;1;28;2;;2;;2;;2;;2;;2;;2;;2;;66;12;66;341.29763024
6061961;1;4;1;90;2;;2;;2;;2;;2;;2;;2;;2;;2;;2;;66;12;66;341.29763024
6061962;1;1;1;90;2;;1;30;2;;2;;2;;2;;2;;2;;2;;1;10;66;12;66;420.19266627
6061962;1;2;1;90;2;;1;20;2;;1;5;2;;2;;2;;2;;2;;2;;66;12;66;420.19266627
6061963;1;1;1;90;2;;1;25;2;;1;30;2;;2;;2;;2;;2;;2;;66;12;66;467.57218078
6061963;1;2;1;90;2;;1;10;2;;1;15;2;;2;;2;;2;;2;;2;;66;12;66;467.57218078
6061964;1;1;1;90;2;;1;40;2;;2;;2;;2;;2;;2;;2;;2;;66;12;66;366.96995543
6061964;1;2;1;90;2;;1;4;2;;2;;2;;2;;2;;2;;2;;2;;66;12;66;366.96995543
6061965;1;1;1;90;2;;1;12;2;;2;;2;;2;;2;;2;;2;;2;;66;12;66;472.2790566
6061965;1;2;1;90;2;;1;25;2;;2;;2;;2;;2;;2;;2;;2;;66;12;66;472.2790566
6061965;1;3;1;90;2;;1;10;2;;2;;2;;2;;2;;2;;2;;2;;66;12;66;472.2790566
6061966;1;1;1;90;2;;2;;2;;2;;2;;2;;2;;2;;2;;2;;66;12;66;451.56154037
6061966;1;2;1;90;2;;1;15;2;;2;;2;;2;;2;;2;;2;;2;;66;12;66;451.56154037
6061967;1;1;1;90;2;;1;15;2;;2;;2;;2;;2;;2;;2;;2;;66;12;66;392.98669397
6061967;1;2;1;90;2;;1;6;2;;2;;2;;2;;2;;2;;2;;2;;66;12;66;392.98669397
6061968;1;1;1;90;2;;1;10;2;;2;;2;;2;;2;;2;;2;;2;;66;12;66;451.56154037
6061968;1;2;1;90;2;;1;24;2;;2;;2;;2;;2;;2;;2;;2;;66;12;66;451.56154037
6061969;1;1;1;90;2;;1;14;2;;2;;2;;2;;2;;2;;2;;2;;66;12;66;436.19194982
6061970;1;1;1;90;2;;1;21;2;;1;14;2;;2;;2;;2;;2;;2;;66;12;66;474.4423967
6061970;1;2;1;90;2;;2;;2;;2;;2;;2;;2;;2;;2;;2;;66;12;66;474.4423967
6061970;1;3;1;90;2;;2;;2;;2;;2;;2;;2;;2;;2;;2;;66;12;66;474.4423967
6061972;1;1;1;90;2;;1;14;2;;1;14;2;;2;;2;;2;;2;;2;;66;12;66;389.47798137
6061972;1;2;1;90;2;;2;;2;;2;;2;;2;;2;;2;;2;;2;;66;12;66;389.47798137
6061972;1;3;1;90;2;;2;;2;;2;;2;;2;;2;;2;;2;;2;;66;12;66;389.47798137
6061972;1;4;1;90;2;;2;;2;;2;;2;;2;;2;;2;;2;;2;;66;12;66;389.47798137
6061979;1;1;1;90;2;;2;;2;;2;;2;;2;;2;;2;;2;;2;;68;12;68;720.51644517
6061979;1;2;1;90;2;;2;;2;;2;;2;;2;;2;;2;;2;;2;;68;12;68;720.51644517
6061979;1;3;1;90;2;;1;3;2;;2;;2;;2;;2;;2;;2;;2;;68;12;68;720.51644517
6061979;1;4;1;90;2;;1;24;2;;2;;2;;2;;2;;2;;2;;2;;68;12;68;720.51644517
6061979;1;5;1;90;2;;1;1;2;;2;;2;;2;;2;;2;;2;;2;;68;12;68;720.51644517
6061979;1;6;1;90;2;;2;;2;;2;;2;;2;;2;;2;;2;;2;;68;12;68;720.51644517
6061979;1;7;1;90;2;;1;24;2;;2;;2;;2;;2;;2;;2;;2;;68;12;68;720.51644517
6061979;1;8;1;90;2;;1;2;2;;2;;2;;2;;2;;2;;2;;2;;68;12;68;720.51644517
6061979;1;9;1;90;2;;2;;2;;2;;2;;2;;2;;2;;2;;2;;68;12;68;720.51644517
6061979;1;10;1;90;2;;1;4;2;;2;;2;;2;;2;;2;;2;;2;;68;12;68;720.51644517
6061980;1;1;1;90;2;;1;2;2;;2;;2;;2;;2;;2;;2;;2;;68;12;68;532.92107114
6061980;1;2;1;90;2;;1;36;2;;2;;2;;2;;2;;2;;2;;2;;68;12;68;532.92107114
6061980;1;3;1;90;2;;1;21;2;;2;;2;;2;;2;;2;;2;;2;;68;12;68;532.92107114
6061980;1;4;1;90;2;;1;2;2;;2;;2;;2;;2;;2;;2;;2;;68;12;68;532.92107114
6061980;1;7;1;90;2;;1;36;2;;2;;2;;2;;2;;2;;2;;2;;68;12;68;532.92107114
6061980;2;1;2;90;2;;1;7;2;;2;;2;;2;;2;;2;;2;;2;;68;12;68;532.92107114
6061980;2;2;2;90;2;;1;48;2;;2;;2;;2;;2;;2;;2;;2;;68;12;68;532.92107114
6061981;1;1;1;90;2;;1;20;2;;2;;2;;2;;2;;2;;2;;2;;68;12;68;320.12906754
6061981;1;2;1;90;2;;1;14;2;;2;;2;;2;;2;;2;;2;;2;;68;12;68;320.12906754
6061981;1;3;1;90;2;;1;14;2;;2;;2;;2;;2;;2;;2;;2;;68;12;68;320.12906754
6061981;1;4;1;90;2;;1;5;2;;2;;2;;2;;2;;2;;2;;2;;68;12;68;320.12906754
6061981;1;5;1;90;2;;1;6;2;;2;;2;;2;;2;;2;;2;;2;;68;12;68;320.12906754
6061982;1;1;1;90;2;;1;28;2;;2;;2;;2;;2;;2;;2;;2;;68;12;68;613.99763495
6061982;1;2;1;90;2;;1;8;2;;2;;2;;2;;2;;2;;2;;2;;68;12;68;613.99763495
6061983;1;1;1;90;2;;1;28;2;;2;;2;;2;;2;;2;;2;;2;;68;12;68;392.00588189
6061983;1;2;1;90;2;;1;24;2;;2;;2;;2;;2;;2;;2;;2;;68;12;68;392.00588189
6061983;1;3;1;90;2;;2;;2;;2;;2;;2;;2;;2;;2;;2;;68;12;68;392.00588189
6061983;1;4;1;90;2;;1;26;2;;2;;2;;2;;2;;2;;2;;2;;68;12;68;392.00588189
6061984;1;1;1;90;2;;1;14;2;;2;;2;;2;;2;;2;;2;;2;;68;12;68;463.79594459
6061984;1;2;1;90;2;;1;7;2;;2;;2;;2;;2;;2;;2;;2;;68;12;68;463.79594459
6061985;1;1;1;90;2;;1;3;2;;2;;2;;2;;2;;2;;2;;2;;68;12;68;621.40353788
6061985;1;2;1;90;2;;1;7;2;;2;;2;;2;;2;;2;;2;;2;;68;12;68;621.40353788
6061986;1;1;1;90;2;;1;12;2;;2;;2;;2;;2;;2;;2;;2;;68;12;68;488.32744195
6061986;1;2;1;90;2;;1;4;2;;2;;2;;2;;2;;2;;2;;2;;68;12;68;488.32744195
6061987;1;1;1;90;2;;1;14;2;;2;;2;;2;;2;;2;;2;;2;;68;12;68;551.85448867
6061987;1;2;1;90;2;;1;21;2;;2;;2;;2;;1;15;2;;2;;2;;68;12;68;551.85448867
6061987;1;3;1;90;2;;1;12;2;;2;;2;;2;;2;;2;;2;;2;;68;12;68;551.85448867
6061987;1;4;1;90;2;;1;26;2;;1;14;2;;2;;2;;2;;2;;2;;68;12;68;551.85448867
6061988;1;1;1;90;2;;2;;2;;2;;2;;2;;2;;2;;2;;2;;68;12;68;857.42619662
6061988;1;2;1;90;2;;1;30;2;;1;30;2;;2;;2;;2;;2;;2;;68;12;68;857.42619662
6061988;1;3;1;90;2;;2;;2;;2;;2;;2;;2;;2;;2;;2;;68;12;68;857.42619662
6061988;1;7;1;90;2;;2;;2;;2;;2;;2;;2;;2;;2;;2;;68;12;68;857.42619662
6061989;1;1;1;90;2;;1;29;2;;2;;2;;2;;2;;2;;2;;2;;68;12;68;582.72227579
6061989;2;1;2;90;2;;1;6;2;;2;;2;;2;;2;;2;;2;;2;;68;12;68;582.72227579
6061990;1;1;1;90;2;;1;14;2;;2;;2;;2;;2;;2;;2;;2;;68;12;68;709.37533031
6061990;1;2;1;90;2;;1;8;2;;2;;2;;2;;2;;2;;2;;2;;68;12;68;709.37533031
6061990;1;3;1;90;2;;1;14;2;;2;;2;;2;;2;;2;;2;;2;;68;12;68;709.37533031
6061991;1;1;1;90;2;;1;3;2;;2;;2;;2;;2;;2;;2;;2;;68;12;68;621.40353788
6061991;1;2;1;90;2;;1;20;2;;2;;2;;2;;2;;2;;2;;2;;68;12;68;621.40353788
6061992;1;1;1;90;2;;1;20;2;;2;;2;;2;;2;;2;;2;;2;;68;12;68;349.14259188
6061992;1;2;1;90;2;;1;2;2;;2;;2;;2;;2;;2;;2;;2;;68;12;68;349.14259188
6061992;1;3;1;90;2;;1;3;2;;2;;2;;2;;2;;2;;2;;2;;68;12;68;349.14259188
6061992;1;4;1;90;2;;1;12;2;;2;;2;;2;;2;;2;;2;;2;;68;12;68;349.14259188
6061992;1;5;1;90;2;;1;2;2;;2;;2;;2;;2;;2;;2;;2;;68;12;68;349.14259188
6061993;1;1;1;90;2;;1;20;2;;2;;2;;2;;2;;2;;2;;2;;68;12;68;377.50253758
6061993;1;2;1;90;2;;2;;2;;2;;2;;2;;2;;2;;2;;2;;68;12;68;377.50253758
6061993;2;1;2;90;2;;1;20;2;;2;;2;;2;;2;;2;;2;;2;;68;12;68;377.50253758
6061993;2;2;2;90;2;;1;2;2;;2;;2;;2;;2;;2;;2;;2;;68;12;68;377.50253758
6061993;2;3;2;90;2;;2;;2;;2;;2;;2;;2;;2;;2;;2;;68;12;68;377.50253758
6061993;3;1;3;90;2;;1;20;2;;2;;2;;2;;2;;2;;2;;2;;68;12;68;377.50253758
6061993;3;2;3;90;2;;1;2;2;;2;;2;;2;;2;;2;;2;;2;;68;12;68;377.50253758
6061994;1;1;1;90;2;;2;;2;;2;;2;;2;;2;;2;;2;;2;;68;12;68;539.28369629
6061994;1;2;1;90;2;;1;14;2;;2;;2;;2;;2;;2;;2;;2;;68;12;68;539.28369629
6061994;1;3;1;90;2;;1;7;2;;2;;2;;2;;2;;2;;2;;2;;68;12;68;539.28369629
6061994;1;4;1;90;2;;1;1;2;;2;;2;;2;;2;;2;;2;;2;;68;12;68;539.28369629
6061995;1;1;1;90;2;;2;;2;;2;;2;;2;;2;;2;;2;;2;;68;12;68;450.40143447
6061995;1;2;1;90;2;;2;;2;;2;;2;;2;;2;;2;;2;;2;;68;12;68;450.40143447
6061995;1;3;1;90;2;;2;;2;;2;;2;;2;;1;10;2;;2;;2;;68;12;68;450.40143447
6061995;1;4;1;90;2;;1;40;2;;2;;2;;2;;2;;2;;2;;1;14;68;12;68;450.40143447
6061996;1;1;1;90;2;;2;;2;;2;;2;;2;;2;;2;;2;;2;;68;12;68;567.29580066
6061997;1;1;1;90;2;;1;15;2;;2;;2;;2;;2;;2;;2;;2;;68;12;68;446.14701442
6061997;1;2;1;90;2;;1;14;2;;2;;2;;2;;2;;2;;2;;2;;68;12;68;446.14701442
6061997;1;3;1;90;2;;1;14;2;;2;;2;;2;;2;;2;;2;;2;;68;12;68;446.14701442
6061998;1;1;1;90;2;;1;7;2;;2;;2;;2;;2;;2;;2;;2;;68;12;68;549.8744061
6061998;1;2;1;90;2;;1;5;2;;2;;2;;2;;2;;2;;2;;2;;68;12;68;549.8744061
6061998;1;3;1;90;2;;1;15;2;;1;14;2;;2;;2;;2;;2;;2;;68;12;68;549.8744061
6061999;1;1;1;90;2;;1;24;2;;2;;2;;2;;2;;2;;2;;2;;68;12;68;512.78065017
6061999;1;2;1;90;2;;1;12;2;;1;21;2;;2;;2;;2;;2;;2;;68;12;68;512.78065017
6061999;1;4;1;90;2;;1;12;2;;1;18;2;;2;;2;;2;;2;;2;;68;12;68;512.78065017
6062000;1;1;1;90;2;;1;8;2;;1;14;2;;2;;1;6;2;;2;;2;;68;12;68;566.28374275
6062000;1;2;1;90;2;;1;30;2;;1;30;2;;2;;2;;2;;2;;2;;68;12;68;566.28374275
6062000;1;3;1;90;2;;1;24;2;;2;;2;;2;;1;24;2;;2;;2;;68;12;68;566.28374275
6062000;1;4;1;90;2;;1;24;2;;2;;2;;2;;1;24;2;;2;;2;;68;12;68;566.28374275
6062000;1;5;1;90;2;;1;18;2;;1;14;2;;2;;2;;2;;2;;2;;68;12;68;566.28374275
6062001;1;1;1;90;2;;1;14;2;;1;20;2;;2;;2;;2;;2;;2;;68;12;68;473.32633617
6062001;1;3;1;90;2;;1;8;2;;1;8;2;;2;;2;;2;;2;;2;;68;12;68;473.32633617
6062002;1;1;1;90;2;;1;3;2;;2;;2;;2;;2;;2;;2;;2;;68;12;68;670.69406822
6062002;1;2;1;90;2;;1;14;2;;2;;2;;2;;2;;2;;2;;2;;68;12;68;670.69406822
6062002;1;3;1;90;2;;1;2;2;;2;;2;;2;;2;;2;;2;;2;;68;12;68;670.69406822
6062003;1;1;1;90;2;;1;4;2;;2;;2;;2;;2;;2;;2;;2;;68;12;68;573.14775151
6062003;1;2;1;90;2;;1;2;2;;2;;2;;2;;2;;2;;2;;2;;68;12;68;573.14775151
6062003;1;3;1;90;2;;2;;2;;2;;2;;2;;2;;2;;2;;2;;68;12;68;573.14775151
6062003;1;4;1;90;2;;1;4;2;;2;;2;;2;;2;;2;;2;;2;;68;12;68;573.14775151
6062004;1;1;1;90;2;;1;26;2;;2;;2;;2;;2;;2;;2;;2;;68;12;68;621.40353788
6062004;1;2;1;90;2;;1;8;2;;2;;2;;2;;2;;2;;2;;2;;68;12;68;621.40353788
6062005;1;1;1;90;2;;1;7;2;;2;;2;;2;;2;;2;;2;;2;;68;12;68;809.39381824
6062005;1;2;1;90;2;;1;24;2;;2;;2;;2;;2;;2;;2;;2;;68;12;68;809.39381824
6062006;1;1;1;90;2;;1;15;2;;2;;2;;2;;2;;2;;2;;2;;68;12;68;566.38533128
6062006;1;2;1;90;2;;1;12;2;;2;;2;;2;;2;;2;;2;;2;;68;12;68;566.38533128
6062007;1;1;1;90;2;;1;18;2;;2;;2;;2;;2;;2;;2;;2;;68;12;68;503.73535864
6062008;1;1;1;90;2;;1;14;2;;2;;2;;2;;2;;2;;2;;2;;68;12;68;533.43174545
6062009;1;1;1;90;2;;1;6;2;;2;;2;;2;;2;;2;;2;;2;;68;12;68;668.45305473
6062009;1;2;1;90;2;;1;24;2;;1;14;2;;2;;2;;2;;2;;2;;68;12;68;668.45305473
6062009;1;4;1;90;2;;2;;2;;2;;2;;2;;2;;2;;2;;2;;68;12;68;668.45305473
6062010;1;1;1;90;2;;1;14;2;;2;;2;;2;;2;;2;;2;;2;;68;12;68;483.84541498
6062010;1;2;1;90;2;;1;8;2;;2;;2;;2;;2;;2;;2;;2;;68;12;68;483.84541498
6062011;1;1;1;90;2;;1;24;2;;1;24;2;;2;;2;;2;;2;;2;;68;12;68;742.40660291
6062011;1;2;1;90;2;;1;7;2;;2;;2;;2;;2;;2;;2;;2;;68;12;68;742.40660291
6062011;1;3;1;90;2;;1;14;2;;1;14;2;;2;;2;;2;;2;;2;;68;12;68;742.40660291
6062011;1;5;1;90;2;;2;;2;;2;;2;;2;;2;;2;;2;;2;;68;12;68;742.40660291
6062011;1;6;1;90;2;;1;14;2;;2;;2;;2;;2;;2;;2;;2;;68;12;68;742.40660291
6062012;1;1;1;90;2;;1;18;2;;2;;1;12;2;;2;;2;;2;;2;;68;12;68;516.99321241
6062012;1;2;1;90;2;;1;30;2;;2;;1;24;2;;2;;2;;2;;2;;68;12;68;516.99321241
6062012;1;3;1;90;2;;1;7;2;;2;;2;;2;;2;;2;;2;;2;;68;12;68;516.99321241
6062012;1;4;1;90;2;;1;8;2;;2;;2;;2;;2;;2;;2;;2;;68;12;68;516.99321241
6062013;1;1;1;90;2;;1;14;2;;1;14;2;;2;;2;;2;;2;;2;;68;12;68;622.66168984
6062014;1;1;1;90;2;;1;7;2;;1;14;2;;2;;2;;2;;2;;2;;68;12;68;503.02272298
6062014;1;2;1;90;2;;1;3;2;;2;;2;;2;;2;;2;;2;;2;;68;12;68;503.02272298
6062015;1;1;1;90;2;;1;8;2;;2;;2;;2;;2;;2;;2;;2;;68;12;68;621.40353788
6062015;1;2;1;90;2;;1;30;2;;2;;2;;2;;2;;2;;2;;2;;68;12;68;621.40353788
6062016;1;1;1;90;2;;2;;2;;2;;2;;2;;2;;2;;2;;2;;68;12;68;434.18630943
6062016;1;2;1;90;2;;2;;2;;2;;2;;2;;2;;2;;2;;2;;68;12;68;434.18630943
6062016;1;3;1;90;2;;2;;2;;2;;2;;2;;2;;2;;2;;2;;68;12;68;434.18630943
6062018;1;1;1;90;2;;1;21;2;;2;;2;;2;;2;;2;;2;;2;;68;12;68;410.34187346
6062018;1;2;1;90;2;;1;2;2;;2;;2;;2;;2;;2;;2;;2;;68;12;68;410.34187346
6062018;1;3;1;90;2;;1;5;2;;2;;2;;2;;2;;2;;2;;2;;68;12;68;410.34187346
6062018;1;4;1;90;2;;1;2;2;;2;;2;;2;;1;24;2;;2;;2;;68;12;68;410.34187346
6062018;1;5;1;90;2;;1;1;2;;2;;2;;2;;2;;2;;2;;2;;68;12;68;410.34187346
6062018;1;6;1;90;2;;1;36;2;;2;;2;;2;;2;;2;;2;;2;;68;12;68;410.34187346
6062030;1;1;1;90;2;;1;4;2;;2;;2;;2;;2;;2;;2;;2;;68;12;68;710.63348227
6062030;1;2;1;90;2;;1;24;2;;1;12;1;30;2;;2;;2;;2;;2;;68;12;68;710.63348227
6062039;1;1;1;90;2;;1;21;2;;1;18;2;;2;;2;;2;;2;;2;;68;12;68;630.93392946
6062039;1;2;1;90;2;;1;30;2;;1;20;2;;2;;2;;2;;2;;2;;68;12;68;630.93392946
6062159;1;1;1;90;2;;2;;2;;2;;2;;2;;2;;2;;2;;2;;73;12;73;264.68583247
6062159;1;2;1;90;2;;1;28;2;;1;6;2;;1;6;2;;2;;2;;2;;73;12;73;264.68583247
6062159;1;3;1;90;2;;1;25;2;;1;35;2;;2;;2;;2;;2;;2;;73;12;73;264.68583247
6062160;1;1;1;90;2;;1;14;2;;2;;2;;2;;2;;2;;2;;2;;73;12;73;270.02935766
6062160;1;2;1;90;2;;1;1;2;;2;;2;;2;;2;;2;;2;;2;;73;12;73;270.02935766
6062161;1;1;1;90;2;;1;35;2;;2;;2;;2;;2;;2;;2;;2;;73;12;73;356.69056762
6062162;1;1;1;90;2;;1;14;2;;1;21;2;;2;;2;;2;;2;;2;;73;12;73;652.19391807
6062162;1;2;1;90;2;;1;35;2;;1;35;2;;2;;2;;2;;2;;2;;73;12;73;652.19391807
6062164;1;1;1;90;2;;1;3;2;;1;15;2;;2;;2;;2;;2;;2;;73;12;73;504.39133561
6062164;1;2;1;90;2;;1;35;2;;1;30;2;;2;;1;20;2;;2;;2;;73;12;73;504.39133561
6062165;1;1;1;90;2;;1;3;2;;2;;2;;2;;2;;2;;2;;2;;73;12;73;212.61579781
6062166;1;1;1;90;2;;1;18;2;;2;;2;;2;;2;;2;;2;;2;;73;12;73;321.41238389
6062166;1;2;1;90;2;;1;10;2;;2;;2;;2;;2;;2;;2;;2;;73;12;73;321.41238389
6062166;1;3;1;90;2;;1;3;2;;2;;2;;2;;2;;2;;2;;2;;73;12;73;321.41238389
6062166;1;4;1;90;2;;1;10;2;;2;;2;;2;;2;;2;;2;;2;;73;12;73;321.41238389
6062166;1;5;1;90;2;;1;3;2;;2;;2;;2;;2;;2;;2;;2;;73;12;73;321.41238389
6062166;1;6;1;90;2;;1;2;2;;2;;2;;2;;2;;2;;2;;2;;73;12;73;321.41238389
6062166;1;7;1;90;2;;1;2;2;;2;;2;;2;;2;;2;;2;;2;;73;12;73;321.41238389
6062167;1;1;1;90;2;;1;12;2;;2;;2;;2;;2;;2;;2;;2;;73;12;73;385.72443067
6062168;1;1;1;90;2;;1;21;2;;2;;2;;2;;2;;2;;2;;2;;73;12;73;621.94335666
6062168;1;2;1;90;2;;1;18;2;;1;25;2;;2;;2;;2;;2;;2;;73;12;73;621.94335666
6062168;1;4;1;90;2;;1;10;2;;2;;2;;2;;2;;2;;2;;2;;73;12;73;621.94335666
6062168;1;5;1;90;2;;1;15;2;;2;;2;;2;;2;;2;;2;;2;;73;12;73;621.94335666
6062169;1;1;1;90;2;;1;15;2;;2;;2;;2;;2;;2;;2;;2;;73;12;73;375.26188901
6062169;1;2;1;90;2;;1;7;2;;2;;2;;2;;2;;2;;2;;2;;73;12;73;375.26188901
6062169;1;3;1;90;2;;1;21;2;;2;;2;;2;;2;;2;;2;;2;;73;12;73;375.26188901
6062169;1;4;1;90;2;;1;21;2;;2;;2;;2;;2;;2;;2;;2;;73;12;73;375.26188901
6062170;1;1;1;90;2;;1;12;2;;2;;2;;2;;2;;2;;2;;2;;73;12;73;385.72443067
6062171;1;1;1;90;2;;2;;2;;2;;2;;2;;2;;2;;2;;2;;73;12;73;553.5432603
6062171;1;2;1;90;2;;1;28;2;;2;;2;;2;;2;;2;;2;;2;;73;12;73;553.5432603
6062171;1;3;1;90;2;;2;;2;;2;;2;;2;;2;;2;;2;;2;;73;12;73;553.5432603
6062172;1;1;1;90;2;;1;8;2;;2;;2;;2;;2;;2;;2;;2;;73;12;73;261.41959932
6062172;1;2;1;90;2;;1;14;2;;2;;2;;2;;2;;2;;2;;2;;73;12;73;261.41959932
6062173;1;1;1;90;2;;2;;2;;2;;2;;2;;2;;2;;2;;2;;73;12;73;615.08084848
6062173;1;2;1;90;2;;1;28;2;;2;;2;;2;;2;;2;;2;;2;;73;12;73;615.08084848
6062174;1;1;1;90;2;;1;12;2;;2;;2;;2;;2;;2;;2;;2;;73;12;73;270.02935766
6062174;1;2;1;90;2;;2;;2;;2;;2;;2;;2;;2;;2;;2;;73;12;73;270.02935766
6062175;1;1;1;90;2;;1;12;2;;2;;2;;2;;2;;2;;2;;2;;73;12;73;261.41959932
6062175;1;2;1;90;2;;1;21;2;;2;;2;;2;;2;;2;;2;;2;;73;12;73;261.41959932
6062176;1;1;1;90;2;;1;21;2;;1;40;2;;2;;2;;2;;2;;2;;73;12;73;412.94999443
6062176;1;2;1;90;2;;1;16;2;;1;21;2;;2;;2;;2;;2;;2;;73;12;73;412.94999443
6062177;1;1;1;90;2;;1;4;2;;2;;2;;2;;2;;2;;2;;2;;73;12;73;194.25933506
6062177;1;2;1;90;2;;1;21;2;;2;;2;;2;;2;;2;;2;;2;;73;12;73;194.25933506
6062177;1;3;1;90;2;;2;;2;;2;;2;;2;;2;;2;;2;;2;;73;12;73;194.25933506
6062177;1;4;1;90;2;;1;10;2;;2;;2;;2;;2;;2;;2;;2;;73;12;73;194.25933506
6062177;1;5;1;90;2;;1;10;2;;2;;2;;2;;2;;2;;2;;2;;73;12;73;194.25933506
6062178;1;1;1;90;2;;1;10;2;;1;3;2;;2;;2;;2;;2;;2;;73;12;73;458.37410646
6062178;1;2;1;90;2;;1;2;2;;1;7;2;;2;;2;;2;;2;;2;;73;12;73;458.37410646
6062178;1;3;1;90;2;;1;20;2;;1;14;2;;2;;2;;2;;2;;2;;73;12;73;458.37410646
6062182;1;1;1;90;2;;1;4;2;;2;;2;;2;;2;;2;;2;;2;;73;12;73;379.8864838
6062182;1;2;1;90;2;;1;7;2;;2;;2;;2;;2;;2;;2;;2;;73;12;73;379.8864838
6062182;1;3;1;90;2;;2;;2;;2;;2;;2;;2;;2;;2;;2;;73;12;73;379.8864838
6062182;1;4;1;90;2;;1;7;2;;2;;2;;2;;2;;2;;2;;2;;73;12;73;379.8864838
6062182;1;5;1;90;2;;1;10;2;;2;;2;;2;;2;;2;;2;;2;;73;12;73;379.8864838
6062183;1;1;1;90;2;;2;;2;;1;8;2;;2;;2;;2;;2;;2;;73;12;73;388.99066382
6062183;1;2;1;90;2;;1;20;2;;1;30;2;;2;;2;;2;;2;;2;;73;12;73;388.99066382
6062184;1;1;1;90;2;;1;12;2;;2;;2;;2;;2;;2;;2;;2;;73;12;73;261.88117882
6062185;1;1;1;90;2;;1;21;2;;2;;2;;2;;2;;2;;2;;2;;73;12;73;261.88117882
6062186;1;1;1;90;2;;1;4;2;;2;;2;;2;;2;;2;;2;;2;;73;12;73;178.57607356
6062186;1;2;1;90;2;;1;15;2;;2;;2;;2;;2;;2;;2;;2;;73;12;73;178.57607356
6062186;1;3;1;90;2;;1;10;2;;2;;2;;2;;2;;2;;2;;2;;73;12;73;178.57607356
6062186;1;4;1;90;2;;1;10;2;;2;;2;;2;;2;;2;;2;;2;;73;12;73;178.57607356
6062187;1;1;1;90;1;5;2;;2;;2;;2;;2;;2;;2;;2;;2;;73;12;73;270.02935766
6062187;1;2;1;90;2;;1;10;2;;2;;2;;2;;2;;2;;2;;2;;73;12;73;270.02935766
6062188;1;1;1;90;2;;1;4;2;;2;;2;;2;;2;;2;;2;;2;;73;12;73;380.15547655
6062188;1;2;1;90;2;;1;11;2;;2;;2;;2;;2;;2;;2;;2;;73;12;73;380.15547655
6062188;1;3;1;90;2;;1;9;2;;2;;2;;2;;2;;2;;2;;2;;73;12;73;380.15547655
6062188;1;4;1;90;2;;1;5;2;;2;;2;;2;;2;;2;;2;;2;;73;12;73;380.15547655
6062190;1;1;1;90;2;;1;28;2;;2;;2;;2;;1;10;2;;2;;2;;73;12;73;290.45346236
6062190;1;2;1;90;2;;2;;2;;2;;2;;2;;2;;2;;2;;2;;73;12;73;290.45346236
6062191;1;1;1;90;2;;1;8;2;;2;;2;;2;;2;;2;;2;;2;;73;12;73;298.6016412
6062191;1;2;1;90;2;;1;28;2;;2;;2;;2;;2;;2;;2;;2;;73;12;73;298.6016412
6062191;1;3;1;90;2;;2;;2;;2;;2;;2;;2;;2;;2;;2;;73;12;73;298.6016412
6062192;1;1;1;90;2;;1;6;2;;2;;2;;2;;2;;2;;2;;2;;73;12;73;261.41959932
6062192;1;2;1;90;2;;1;18;2;;2;;2;;2;;2;;2;;2;;2;;73;12;73;261.41959932
6062193;1;1;1;90;2;;1;10;2;;2;;2;;2;;2;;2;;2;;2;;73;12;73;289.99188287
6062193;1;2;1;90;2;;1;21;2;;2;;2;;2;;2;;2;;2;;2;;73;12;73;289.99188287
6062193;1;3;1;90;2;;1;12;2;;2;;2;;2;;2;;2;;2;;2;;73;12;73;289.99188287
6062194;1;1;1;90;2;;2;;2;;2;;2;;2;;2;;2;;2;;2;;73;12;73;504.39133561
6062194;1;2;1;90;2;;1;12;2;;2;;2;;2;;2;;2;;2;;2;;73;12;73;504.39133561
6062195;1;1;1;90;2;;1;24;2;;2;;2;;2;;2;;2;;2;;2;;73;12;73;328.01646961
6062196;1;1;1;90;2;;1;12;2;;2;;2;;2;;2;;2;;2;;2;;73;12;73;356.69056762
6062197;1;1;1;90;2;;1;7;2;;2;;2;;2;;2;;2;;2;;2;;73;12;73;289.99188287
6062197;1;2;1;90;2;;1;35;2;;2;;2;;2;;2;;2;;2;;2;;73;12;73;289.99188287
6062197;1;3;1;90;2;;1;4;2;;2;;2;;2;;2;;2;;2;;2;;73;12;73;289.99188287
6062198;1;1;1;90;2;;1;7;2;;2;;2;;2;;2;;2;;2;;2;;73;12;73;289.99188287
6062198;1;2;1;90;2;;1;32;2;;2;;2;;2;;2;;2;;2;;2;;73;12;73;289.99188287
6062198;1;3;1;90;2;;2;;1;1;2;;2;;2;;2;;2;;2;;1;5;73;12;73;289.99188287
6062199;1;1;1;90;2;;1;4;2;;2;;2;;2;;2;;2;;2;;2;;73;12;73;388.99066382
6062199;1;2;1;90;2;;1;18;2;;2;;2;;2;;1;2;2;;2;;2;;73;12;73;388.99066382
6062200;1;1;1;90;1;6;1;28;2;;2;;2;;2;;2;;2;;2;;2;;73;12;73;552.09833452
6062200;1;2;1;90;1;6;2;;2;;2;;2;;2;;2;;2;;2;;2;;73;12;73;552.09833452
6062200;1;3;1;90;2;;1;3;2;;2;;2;;2;;2;;2;;2;;2;;73;12;73;552.09833452
6062200;1;4;1;90;2;;1;3;2;;2;;2;;2;;2;;2;;2;;2;;73;12;73;552.09833452
6062201;1;1;1;90;2;;1;12;2;;2;;2;;2;;2;;2;;2;;2;;73;12;73;212.61579781
6062202;1;1;1;90;2;;1;18;2;;2;;2;;2;;2;;2;;2;;2;;73;12;73;261.41959932
6062202;1;2;1;90;2;;1;21;2;;2;;2;;2;;2;;2;;2;;2;;73;12;73;261.41959932
6062203;1;1;1;90;2;;1;12;2;;2;;2;;2;;2;;2;;2;;2;;73;12;73;385.72443067
6062204;1;1;1;90;2;;1;14;2;;2;;2;;2;;2;;2;;2;;2;;73;12;73;261.88117882
6062205;1;1;1;90;2;;1;14;2;;2;;2;;2;;2;;2;;2;;2;;73;12;73;385.43002945
6062205;1;2;1;90;2;;1;12;1;10;2;;2;;2;;2;;2;;2;;2;;73;12;73;385.43002945
6062206;1;1;1;90;2;;1;6;2;;2;;2;;2;;2;;2;;2;;2;;73;12;73;261.41959932
6062206;1;2;1;90;2;;1;21;2;;2;;2;;2;;2;;2;;2;;2;;73;12;73;261.41959932
6062208;1;1;1;90;2;;1;15;2;;2;;2;;2;;2;;2;;2;;2;;73;12;73;270.02935766
6062208;1;2;1;90;2;;1;8;2;;2;;2;;2;;2;;2;;2;;2;;73;12;73;270.02935766
6062209;1;1;1;90;2;;2;;2;;2;;2;;2;;2;;2;;2;;2;;73;12;73;471.41587285
6062209;1;2;1;90;2;;1;15;2;;1;9;2;;2;;2;;2;;2;;2;;73;12;73;471.41587285
6062209;1;3;1;90;2;;1;8;2;;1;5;2;;2;;2;;2;;2;;2;;73;12;73;471.41587285
6062209;1;4;1;90;2;;1;5;2;;1;2;2;;2;;2;;2;;2;;2;;73;12;73;471.41587285
6062211;1;1;1;90;2;;1;10;2;;2;;2;;2;;2;;2;;2;;2;;73;12;73;446.40422366
6062211;1;2;1;90;2;;1;21;2;;2;;2;;2;;2;;2;;2;;2;;73;12;73;446.40422366
6062211;1;3;1;90;2;;2;;2;;2;;2;;2;;2;;2;;2;;2;;73;12;73;446.40422366
6062212;1;1;1;90;2;;1;7;2;;1;15;2;;2;;2;;2;;2;;2;;73;12;73;356.58875315
6062212;1;2;1;90;2;;1;30;2;;1;35;2;;2;;2;;2;;2;;2;;73;12;73;356.58875315
6062213;1;1;1;90;2;;1;10;2;;2;;2;;2;;2;;2;;2;;2;;73;12;73;471.41587285
6062213;1;2;1;90;2;;1;35;2;;2;;2;;2;;2;;2;;2;;2;;73;12;73;471.41587285
6062213;1;3;1;90;2;;1;2;2;;2;;2;;2;;2;;2;;2;;2;;73;12;73;471.41587285
6062213;1;4;1;90;2;;1;24;2;;2;;2;;2;;2;;2;;2;;2;;73;12;73;471.41587285
6062214;1;1;1;90;2;;1;10;2;;2;;2;;2;;2;;2;;2;;2;;73;12;73;351.58319301
6062214;1;2;1;90;2;;1;10;2;;2;;2;;2;;2;;2;;2;;2;;73;12;73;351.58319301
6062214;1;3;1;90;2;;2;;2;;2;;2;;2;;2;;2;;2;;2;;73;12;73;351.58319301
6062216;1;1;1;90;2;;1;2;2;;1;6;2;;2;;2;;2;;2;;2;;73;12;73;437.681009
6062216;1;2;1;90;2;;1;18;2;;1;20;2;;2;;2;;2;;2;;2;;73;12;73;437.681009
6062216;1;3;1;90;2;;1;8;2;;1;3;2;;2;;2;;2;;2;;2;;73;12;73;437.681009
6062216;1;5;1;90;2;;1;1;2;;2;;2;;2;;2;;2;;2;;2;;73;12;73;437.681009
6062218;1;1;1;90;2;;1;21;2;;2;;2;;2;;2;;2;;2;;2;;73;12;73;261.41959932
6062218;1;2;1;90;2;;1;15;2;;2;;2;;2;;2;;2;;2;;2;;73;12;73;261.41959932
6062219;1;1;1;90;2;;2;;2;;2;;2;;2;;2;;2;;2;;2;;73;12;73;500.08997086
6062219;1;2;1;90;2;;1;14;2;;2;;2;;2;;1;7;2;;2;;2;;73;12;73;500.08997086
6062219;1;3;1;90;2;;1;5;2;;2;;2;;2;;2;;2;;2;;2;;73;12;73;500.08997086
6062219;1;4;1;90;2;;2;;2;;2;;2;;2;;2;;2;;2;;2;;73;12;73;500.08997086
6062220;1;1;1;90;2;;1;3;2;;1;2;2;;2;;2;;2;;2;;2;;73;12;73;388.99066382
6062220;1;2;1;90;2;;1;24;2;;1;4;2;;2;;2;;2;;2;;2;;73;12;73;388.99066382
6062222;1;1;1;90;2;;1;24;2;;2;;2;;2;;2;;2;;2;;2;;73;12;73;261.88117882
6062223;1;1;1;90;2;;2;;2;;2;;2;;2;;2;;2;;2;;2;;73;12;73;385.72443067
6062224;1;1;1;90;2;;1;10;2;;2;;2;;2;;2;;2;;2;;2;;73;12;73;261.41959932
6062224;1;2;1;90;2;;1;35;2;;2;;2;;2;;2;;2;;2;;2;;73;12;73;261.41959932
6062226;1;1;1;90;2;;1;12;2;;2;;2;;2;;2;;2;;2;;2;;73;12;73;294.16963316
6062226;1;2;1;90;2;;1;12;2;;2;;1;18;2;;2;;2;;2;;2;;73;12;73;294.16963316
6062227;1;1;1;90;2;;1;18;2;;1;10;2;;2;;2;;2;;2;;2;;73;12;73;328.01646961
6062229;1;1;1;90;2;;1;24;2;;2;;2;;2;;2;;2;;2;;2;;73;12;73;441.97221562
6062229;1;2;1;90;2;;1;14;2;;2;;2;;2;;2;;2;;2;;2;;73;12;73;441.97221562
6062232;1;1;1;90;2;;1;12;2;;2;;2;;2;;2;;2;;2;;2;;73;12;73;385.72443067
6062233;1;1;1;90;2;;1;18;2;;2;;2;;2;;2;;2;;2;;2;;73;12;73;261.88117882
6062236;1;1;1;90;2;;1;8;2;;2;;2;;2;;2;;2;;2;;2;;73;12;73;269.10619866
6062236;1;2;1;90;2;;1;21;2;;2;;1;12;2;;2;;2;;2;;2;;73;12;73;269.10619866
6062236;1;3;1;90;2;;2;;2;;2;;2;;2;;2;;2;;2;;2;;73;12;73;269.10619866
6062236;1;4;1;90;2;;2;;2;;2;;2;;2;;2;;2;;2;;2;;73;12;73;269.10619866
6062237;1;1;1;90;2;;1;14;2;;2;;2;;2;;2;;2;;2;;2;;73;12;73;289.99188287
6062237;1;2;1;90;2;;1;35;2;;2;;2;;2;;2;;2;;2;;2;;73;12;73;289.99188287
6062237;1;3;1;90;2;;1;7;2;;1;18;2;;2;;2;;2;;2;;2;;73;12;73;289.99188287
6062239;1;1;1;90;2;;1;21;2;;2;;2;;2;;2;;2;;2;;2;;73;12;73;261.88117882
6062241;1;1;1;90;2;;1;6;2;;2;;2;;2;;2;;2;;2;;2;;73;12;73;212.15421831
6062241;1;2;1;90;2;;1;21;2;;2;;2;;2;;2;;2;;2;;2;;73;12;73;212.15421831
6062242;1;1;1;90;2;;2;;2;;2;;2;;2;;2;;2;;2;;2;;73;12;73;289.99188287
6062242;1;2;1;90;2;;1;21;2;;2;;2;;2;;2;;2;;2;;2;;73;12;73;289.99188287
6062242;1;3;1;90;2;;1;7;2;;2;;2;;2;;2;;2;;2;;2;;73;12;73;289.99188287
6062243;1;1;1;90;2;;2;;2;;2;;2;;2;;2;;2;;2;;2;;73;12;73;356.58875315
6062243;1;2;1;90;2;;1;28;2;;2;;2;;2;;2;;2;;2;;2;;73;12;73;356.58875315
6062244;1;1;1;90;2;;1;14;2;;2;;2;;2;;2;;2;;2;;2;;73;12;73;261.88117882
6062245;1;1;1;90;2;;1;15;2;;2;;2;;2;;2;;2;;2;;2;;73;12;73;178.57607356
6062245;1;2;1;90;2;;1;7;2;;2;;2;;2;;2;;2;;2;;2;;73;12;73;178.57607356
6062246;1;1;1;90;2;;1;28;2;;2;;2;;2;;2;;2;;2;;2;;73;12;73;261.41959932
6062246;1;2;1;90;2;;2;;2;;2;;2;;2;;2;;2;;2;;2;;73;12;73;261.41959932
6062247;1;1;1;90;2;;1;8;2;;2;;1;6;2;;2;;2;;2;;2;;73;12;73;198.89866486
6062247;1;2;1;90;2;;1;3;2;;2;;2;;2;;2;;2;;2;;2;;73;12;73;198.89866486
6062247;1;3;1;90;2;;1;2;2;;2;;2;;2;;2;;2;;2;;2;;73;12;73;198.89866486
6062248;1;1;1;90;2;;1;21;2;;2;;2;;2;;2;;2;;2;;2;;73;12;73;491.65754894
6062248;1;2;1;90;2;;2;;2;;2;;2;;2;;2;;2;;2;;2;;73;12;73;491.65754894
6062248;1;3;1;90;2;;1;10;2;;1;15;2;;2;;2;;2;;2;;2;;73;12;73;491.65754894
6062248;1;4;1;90;2;;1;7;2;;1;10;2;;2;;2;;2;;2;;2;;73;12;73;491.65754894
6062249;1;1;1;90;2;;1;2;2;;1;10;2;;2;;2;;2;;2;;2;;73;12;73;351.13325536
6062249;1;2;1;90;2;;1;22;2;;1;16;2;;2;;2;;2;;2;;2;;73;12;73;351.13325536
6062249;1;4;1;90;2;;1;15;2;;2;;2;;2;;2;;2;;2;;2;;73;12;73;351.13325536
6062249;1;5;1;90;2;;2;;2;;2;;2;;2;;2;;2;;2;;2;;73;12;73;351.13325536
6062250;1;1;1;90;2;;1;20;2;;2;;2;;2;;2;;2;;2;;2;;73;12;73;212.61579781
6062251;1;1;1;90;2;;1;9;2;;2;;2;;2;;2;;2;;2;;2;;73;12;73;414.56570697
6062252;1;1;1;90;2;;1;20;2;;2;;2;;2;;2;;2;;2;;2;;73;12;73;248.16404586
6062252;1;2;1;90;2;;1;10;2;;2;;2;;2;;2;;2;;2;;2;;73;12;73;248.16404586
6062252;1;3;1;90;2;;1;10;2;;2;;2;;2;;2;;2;;2;;2;;73;12;73;248.16404586
6062253;1;1;1;90;2;;1;12;2;;2;;2;;2;;2;;2;;2;;2;;73;12;73;356.69056762
6062254;1;1;1;90;2;;1;10;2;;1;5;2;;2;;2;;2;;2;;2;;73;12;73;227.4709484
6062254;1;2;1;90;2;;1;3;2;;2;;2;;2;;2;;2;;2;;2;;73;12;73;227.4709484
6062254;1;3;1;90;2;;1;8;2;;2;;2;;2;;2;;2;;2;;2;;73;12;73;227.4709484
6062254;1;4;1;90;2;;1;6;2;;2;;2;;2;;2;;2;;2;;2;;73;12;73;227.4709484
6062257;1;1;1;90;2;;1;10;2;;2;;2;;2;;2;;2;;2;;2;;73;12;73;178.57607356
6062257;1;2;1;90;2;;2;;2;;2;;2;;2;;2;;2;;2;;2;;73;12;73;178.57607356
6062257;1;3;1;90;2;;1;15;2;;2;;2;;2;;2;;2;;2;;2;;73;12;73;178.57607356
6062257;1;4;1;90;2;;1;21;2;;2;;2;;2;;2;;2;;2;;2;;73;12;73;178.57607356
6062258;1;1;1;90;2;;2;;2;;2;;2;;2;;2;;2;;2;;2;;73;12;73;260.95801982
6062258;1;2;1;90;2;;1;21;2;;2;;2;;2;;2;;2;;2;;2;;73;12;73;260.95801982
6062258;1;3;1;90;2;;2;;2;;2;;2;;2;;2;;2;;2;;2;;73;12;73;260.95801982
6062260;1;1;1;90;2;;1;25;2;;2;;2;;2;;2;;2;;2;;1;6;73;12;73;319.29473866
6062260;1;2;1;90;2;;1;3;2;;2;;2;;2;;2;;2;;2;;1;5;73;12;73;319.29473866
6062261;1;1;1;90;2;;1;12;2;;2;;2;;2;;2;;2;;2;;2;;73;12;73;241.18808136
6062261;1;2;1;90;2;;1;18;2;;2;;2;;2;;2;;2;;2;;2;;73;12;73;241.18808136
6062263;1;1;1;90;2;;1;28;2;;2;;2;;2;;2;;2;;2;;2;;73;12;73;290.45346236
6062263;1;2;1;90;2;;1;3;2;;2;;2;;2;;2;;2;;2;;2;;73;12;73;290.45346236
6062264;1;1;1;90;2;;1;14;2;;2;;2;;2;;2;;2;;2;;2;;73;12;73;385.72443067
6062265;1;1;1;90;2;;1;5;2;;1;12;2;;2;;2;;2;;2;;2;;73;12;73;504.39133561
6062265;1;2;1;90;2;;1;12;2;;1;14;2;;2;;2;;2;;2;;2;;73;12;73;504.39133561
6062266;1;1;1;90;2;;1;5;2;;1;18;2;;2;;2;;2;;2;;2;;73;12;73;356.58875315
6062266;1;2;1;90;2;;1;30;2;;1;28;2;;2;;2;;2;;2;;2;;73;12;73;356.58875315
6062267;1;1;1;90;2;;1;28;2;;1;40;2;;2;;2;;2;;2;;2;;73;12;73;648.92768492
6062270;1;1;1;90;2;;1;14;2;;2;;2;;2;;2;;2;;2;;2;;73;12;73;261.88117882
6062271;1;1;1;90;2;;1;25;2;;2;;2;;2;;2;;2;;1;14;2;;73;12;73;495.85054956
6062271;1;2;1;90;2;;1;5;2;;2;;2;;2;;2;;2;;2;;2;;73;12;73;495.85054956
6062271;1;3;1;90;2;;1;6;2;;2;;2;;2;;2;;2;;2;;2;;73;12;73;495.85054956
6062272;1;1;1;90;2;;1;24;2;;2;;2;;2;;2;;2;;2;;2;;73;12;73;261.88117882
6062273;1;1;1;90;2;;1;20;2;;2;;2;;2;;2;;2;;2;;2;;73;12;73;294.16963316
6062273;1;2;1;90;2;;1;2;2;;2;;2;;2;;2;;2;;2;;2;;73;12;73;294.16963316
6062275;1;1;1;90;2;;1;28;2;;2;;2;;2;;2;;2;;2;;2;;73;12;73;290.45346236
6062275;1;2;1;90;2;;1;7;2;;2;;2;;2;;2;;2;;2;;2;;73;12;73;290.45346236
6062276;1;1;1;90;2;;1;5;2;;1;1;2;;2;;2;;2;;2;;2;;73;12;73;375.68332504
6062276;1;2;1;90;2;;1;8;2;;2;;2;;2;;2;;2;;2;;2;;73;12;73;375.68332504
6062276;1;3;1;90;2;;1;8;2;;1;15;2;;2;;2;;2;;2;;2;;73;12;73;375.68332504
6062276;1;4;1;90;2;;1;10;2;;1;20;2;;2;;2;;2;;2;;2;;73;12;73;375.68332504
6062276;1;5;1;90;2;;1;2;2;;1;5;2;;2;;2;;2;;2;;2;;73;12;73;375.68332504
6062276;1;6;1;90;2;;1;2;2;;1;2;2;;2;;2;;2;;2;;2;;73;12;73;375.68332504
6062277;1;1;1;90;2;;1;18;2;;2;;2;;2;;2;;2;;2;;2;;73;12;73;261.41959932
6062277;1;2;1;90;2;;1;8;2;;2;;2;;2;;2;;2;;2;;2;;73;12;73;261.41959932
6062278;1;1;1;90;2;;1;10;2;;2;;2;;2;;2;;2;;2;;2;;73;12;73;178.57607356
6062278;1;2;1;90;2;;1;21;2;;2;;2;;2;;2;;2;;2;;2;;73;12;73;178.57607356
6062279;1;1;1;90;2;;1;15;2;;2;;2;;2;;2;;2;;2;;2;;73;12;73;261.88117882
6062281;1;1;1;90;2;;1;10;2;;2;;2;;2;;2;;2;;2;;2;;73;12;73;261.88117882
6062283;1;1;1;90;2;;1;21;2;;2;;2;;2;;2;;2;;2;;2;;73;12;73;241.18808136
6062283;1;2;1;90;2;;2;;2;;2;;2;;2;;2;;2;;2;;2;;73;12;73;241.18808136
6062285;1;1;1;90;2;;1;8;2;;2;;2;;2;;2;;2;;2;;2;;73;12;73;178.57607356
6062285;1;2;1;90;2;;1;21;2;;2;;2;;2;;2;;2;;2;;2;;73;12;73;178.57607356
6062288;1;1;1;90;2;;2;;2;;2;;2;;2;;2;;2;;2;;2;;76;12;76;871.56701118
6062288;1;2;1;90;2;;1;35;2;;2;;2;;2;;2;;2;;2;;2;;76;12;76;871.56701118
6062288;1;3;1;90;2;;2;;2;;2;;2;;2;;2;;2;;2;;2;;76;12;76;871.56701118
6062288;1;4;1;90;2;;1;10;2;;2;;2;;2;;2;;2;;2;;2;;76;12;76;871.56701118
6062291;1;1;1;90;2;;1;5;2;;2;;2;;2;;2;;2;;2;;2;;76;12;76;654.59029339
6062291;1;2;1;90;2;;1;13;2;;2;;2;;2;;2;;2;;2;;2;;76;12;76;654.59029339
6062291;1;3;1;90;2;;1;4;2;;2;;2;;2;;2;;2;;2;;2;;76;12;76;654.59029339
6062291;1;4;1;90;2;;1;25;2;;2;;2;;2;;2;;2;;2;;2;;76;12;76;654.59029339
6062291;1;5;1;90;2;;2;;2;;2;;2;;2;;2;;2;;2;;2;;76;12;76;654.59029339
6062292;1;1;1;90;2;;1;14;2;;2;;2;;2;;2;;2;;2;;2;;76;12;76;974.38029496
6062292;1;2;1;90;2;;2;;2;;2;;2;;2;;2;;2;;2;;2;;76;12;76;974.38029496
6062292;1;3;1;90;2;;1;14;2;;2;;2;;2;;2;;2;;2;;2;;76;12;76;974.38029496
6062292;1;4;1;90;2;;1;14;2;;2;;2;;2;;2;;2;;2;;2;;76;12;76;974.38029496
6062294;1;1;1;90;2;;1;28;2;;2;;2;;2;;2;;2;;2;;2;;76;12;76;776.38189687
6062294;1;2;1;90;2;;1;2;2;;2;;2;;2;;2;;2;;2;;2;;76;12;76;776.38189687
6062294;1;3;1;90;2;;2;;2;;2;;2;;2;;2;;2;;2;;2;;76;12;76;776.38189687
6062296;1;1;1;90;2;;1;15;2;;1;6;2;;2;;2;;2;;2;;2;;76;12;76;1464.9424419
6062296;1;2;1;90;2;;1;5;2;;1;3;2;;2;;2;;2;;2;;2;;76;12;76;1464.9424419
6062296;1;3;1;90;2;;1;12;2;;1;28;2;;2;;2;;2;;2;;2;;76;12;76;1464.9424419
6062296;1;5;1;90;2;;1;10;2;;1;40;2;;2;;2;;2;;2;;2;;76;12;76;1464.9424419
6062298;1;1;1;90;2;;2;;2;;2;;2;;2;;2;;2;;2;;2;;76;12;76;1060.344502
6062298;1;2;1;90;2;;1;8;2;;2;;2;;2;;2;;2;;2;;2;;76;12;76;1060.344502
6062298;1;3;1;90;2;;2;;2;;1;10;2;;2;;2;;2;;2;;2;;76;12;76;1060.344502
6062299;1;1;1;90;2;;2;;2;;2;;2;;2;;2;;2;;2;;2;;76;12;76;827.46373947
6062299;1;2;1;90;2;;1;10;2;;2;;2;;2;;2;;2;;2;;2;;76;12;76;827.46373947
6062299;1;3;1;90;2;;1;20;2;;2;;2;;2;;2;;2;;2;;2;;76;12;76;827.46373947
6062299;1;4;1;90;2;;1;10;2;;2;;2;;2;;2;;2;;2;;2;;76;12;76;827.46373947
6062300;1;1;1;90;2;;1;32;2;;2;;2;;2;;2;;2;;2;;2;;76;12;76;965.15938767
6062300;1;2;1;90;2;;1;5;2;;2;;2;;2;;2;;2;;2;;2;;76;12;76;965.15938767
6062305;1;1;1;90;2;;1;2;1;3;2;;1;2;2;;2;;2;;2;;2;;76;12;76;1212.6468905
6062306;1;1;1;90;2;;1;3;2;;1;5;2;;2;;2;;2;;2;;2;;76;12;76;1620.4222412
6062306;1;2;1;90;2;;1;21;2;;1;10;2;;2;;2;;2;;2;;2;;76;12;76;1620.4222412
6062307;1;1;1;90;2;;2;;2;;2;;2;;2;;2;;2;;2;;2;;76;12;76;2063.2370708
6062307;1;2;1;90;2;;2;;2;;2;;2;;2;;2;;2;;2;;2;;76;12;76;2063.2370708
6062307;1;3;1;90;2;;1;2;2;;2;;2;;2;;2;;2;;2;;2;;76;12;76;2063.2370708
6062307;1;4;1;90;2;;1;3;2;;1;3;2;;2;;2;;2;;2;;2;;76;12;76;2063.2370708
6062307;2;1;2;90;2;;2;;2;;2;;2;;2;;2;;2;;2;;2;;76;12;76;2063.2370708
6062307;2;2;2;90;2;;1;25;2;;1;8;2;;2;;2;;2;;2;;2;;76;12;76;2063.2370708
6062307;2;3;2;90;2;;1;1;2;;2;;2;;2;;2;;2;;2;;2;;76;12;76;2063.2370708
6062308;1;1;1;90;2;;1;30;2;;1;18;1;3;2;;2;;2;;2;;2;;76;12;76;1233.559311
6062308;1;2;1;90;2;;1;12;2;;2;;1;35;2;;2;;2;;2;;2;;76;12;76;1233.559311
6062308;1;3;1;90;2;;1;4;2;;2;;1;5;2;;2;;2;;2;;2;;76;12;76;1233.559311
6062309;1;1;1;90;2;;1;15;2;;2;;2;;2;;2;;2;;1;8;2;;76;12;76;921.05611595
6062309;1;2;1;90;2;;2;;2;;2;;2;;2;;2;;2;;2;;2;;76;12;76;921.05611595
6062312;1;1;1;90;2;;1;28;2;;1;10;2;;2;;2;;2;;2;;2;;76;12;76;1328.8314666
6062312;1;2;1;90;2;;1;4;2;;2;;2;;2;;2;;2;;2;;2;;76;12;76;1328.8314666
6062312;1;3;1;90;2;;1;14;2;;1;28;2;;2;;2;;2;;2;;2;;76;12;76;1328.8314666
6062315;1;1;1;90;2;;1;24;2;;2;;1;16;2;;2;;2;;2;;2;;76;12;76;1133.687347
6062315;1;2;1;90;2;;1;45;2;;2;;1;10;2;;2;;2;;2;;2;;76;12;76;1133.687347
6062315;1;3;1;90;2;;1;30;2;;2;;1;20;2;;2;;2;;2;;2;;76;12;76;1133.687347
6062315;1;4;1;90;2;;2;;2;;2;;2;;2;;2;;2;;2;;2;;76;12;76;1133.687347
6062318;1;1;1;90;2;;1;6;2;;1;15;2;;2;;2;;2;;2;;2;;76;12;76;1620.4222412
6062318;1;2;1;90;2;;1;18;2;;1;25;2;;2;;2;;2;;2;;2;;76;12;76;1620.4222412
6062319;1;1;1;90;2;;1;30;2;;2;;1;10;2;;2;;2;;2;;2;;76;12;76;986.07180817
6062319;1;2;1;90;2;;1;14;2;;2;;2;;2;;2;;2;;2;;2;;76;12;76;986.07180817
6062319;2;1;2;90;2;;1;10;2;;2;;2;;2;;2;;2;;2;;2;;76;12;76;986.07180817
6062319;2;2;2;90;2;;2;;2;;2;;2;;2;;2;;2;;2;;2;;76;12;76;986.07180817
6062320;1;1;1;90;2;;2;;2;;1;21;2;;2;;2;;2;;2;;2;;76;12;76;1440.6047124
6062320;1;2;1;90;2;;1;14;2;;1;12;2;;2;;2;;2;;2;;2;;76;12;76;1440.6047124
6062320;1;4;1;90;2;;1;28;2;;2;;2;;2;;2;;2;;2;;2;;76;12;76;1440.6047124
6062325;1;1;1;90;2;;1;20;2;;2;;2;;2;;2;;2;;2;;2;;76;12;76;654.59029339
6062325;1;2;1;90;2;;1;18;2;;2;;2;;1;1;2;;2;;2;;2;;76;12;76;654.59029339
6062325;2;1;2;90;2;;1;35;2;;1;20;1;20;2;;2;;2;;2;;2;;76;12;76;654.59029339
6062325;2;2;2;90;2;;2;;2;;2;;2;;2;;2;;2;;2;;2;;76;12;76;654.59029339
6062325;2;3;2;90;2;;2;;2;;2;;2;;2;;2;;2;;2;;2;;76;12;76;654.59029339
6062326;1;1;1;90;2;;1;21;2;;1;10;2;;2;;2;;2;;2;;2;;76;12;76;1181.2159277
6062326;1;2;1;90;2;;2;;2;;2;;2;;2;;2;;2;;2;;2;;76;12;76;1181.2159277
6062326;1;3;1;90;2;;1;7;2;;1;5;2;;2;;2;;2;;2;;2;;76;12;76;1181.2159277
6062329;1;1;1;90;2;;1;35;2;;2;;2;;2;;2;;2;;2;;2;;76;12;76;654.59029339
6062329;1;2;1;90;2;;1;10;2;;2;;2;;2;;2;;2;;2;;2;;76;12;76;654.59029339
6062329;1;3;1;90;2;;1;21;2;;1;12;2;;2;;2;;2;;2;;2;;76;12;76;654.59029339
6062329;1;4;1;90;2;;1;4;2;;2;;2;;2;;2;;2;;2;;2;;76;12;76;654.59029339
6062329;1;5;1;90;2;;1;20;2;;2;;2;;2;;2;;2;;2;;2;;76;12;76;654.59029339
6062330;1;1;1;90;2;;1;7;2;;2;;2;;2;;2;;2;;2;;2;;76;12;76;1389.5228698
6062330;1;2;1;90;2;;1;14;2;;2;;2;;2;;2;;2;;2;;2;;76;12;76;1389.5228698
6062331;1;1;1;90;2;;2;;2;;2;;2;;2;;2;;2;;2;;2;;76;12;76;1067.9726714
6062331;1;2;1;90;2;;1;24;2;;2;;2;;2;;2;;2;;2;;2;;76;12;76;1067.9726714
6062332;1;1;1;90;2;;1;15;2;;2;;2;;2;;2;;2;;2;;2;;76;12;76;923.99743572
6062332;1;2;1;90;2;;1;24;2;;2;;2;;2;;2;;2;;2;;2;;76;12;76;923.99743572
6062332;1;3;1;90;2;;1;5;2;;2;;2;;2;;2;;2;;2;;2;;76;12;76;923.99743572
6062333;1;1;1;90;2;;1;12;2;;2;;2;;2;;2;;2;;2;;2;;76;12;76;1651.6432057
6062333;1;2;1;90;2;;1;20;2;;1;28;2;;2;;2;;2;;2;;2;;76;12;76;1651.6432057
6062334;1;1;1;90;2;;1;20;2;;1;34;2;;2;;2;;2;;2;;2;;76;12;76;2120.4413863
6062334;1;2;1;90;2;;2;;2;;2;;2;;2;;2;;2;;2;;2;;76;12;76;2120.4413863
6062334;1;5;1;90;2;;2;;2;;2;;2;;2;;2;;2;;2;;2;;76;12;76;2120.4413863
6062335;1;1;1;90;2;;1;21;2;;2;;2;;2;;2;;2;;2;;2;;76;12;76;1112.7749265
6062335;1;2;1;90;2;;1;7;2;;2;;2;;2;;2;;2;;2;;2;;76;12;76;1112.7749265
6062336;1;1;1;90;2;;1;15;2;;2;;2;;2;;2;;2;;2;;2;;76;12;76;1017.5898122
6062337;1;1;1;90;2;;1;28;2;;2;;2;;2;;2;;2;;2;;2;;76;12;76;1181.1288865
6062337;1;2;1;90;2;;1;2;2;;2;;2;;2;;2;;2;;2;;2;;76;12;76;1181.1288865
6062337;1;3;1;90;2;;2;;2;;2;;2;;2;;2;;2;;2;;2;;76;12;76;1181.1288865
6062337;1;4;1;90;2;;1;2;2;;2;;2;;2;;2;;2;;2;;2;;76;12;76;1181.1288865
6062342;1;1;1;90;2;;1;5;2;;2;;2;;2;;2;;2;;2;;2;;76;12;76;1233.559311
6062342;1;2;1;90;2;;1;2;2;;2;;2;;2;;2;;2;;2;;2;;76;12;76;1233.559311
6062342;1;3;1;90;2;;2;;2;;2;;2;;2;;2;;2;;2;;2;;76;12;76;1233.559311
6062343;1;1;1;90;2;;1;3;2;;1;20;2;;2;;2;;2;;2;;2;;76;12;76;1743.8870002
6062343;1;2;1;90;2;;1;28;2;;1;40;2;;2;;2;;2;;2;;2;;76;12;76;1743.8870002
6062344;1;1;1;90;2;;1;7;2;;2;;2;;2;;2;;2;;2;;2;;76;12;76;1440.6047124
6062344;1;2;1;90;2;;2;;2;;2;;2;;2;;2;;2;;2;;2;;76;12;76;1440.6047124
6062344;1;3;1;90;2;;2;;2;;2;;2;;2;;2;;2;;2;;2;;76;12;76;1440.6047124
6062345;1;1;1;90;2;;1;10;2;;2;;2;;2;;2;;2;;2;;2;;76;12;76;1629.3822032
6062345;1;2;1;90;2;;1;20;2;;1;98;2;;2;;2;;2;;2;;2;;76;12;76;1629.3822032
6062346;1;1;1;90;2;;1;9;2;;2;;2;;2;;2;;2;;2;;2;;76;12;76;1425.2781216
6062346;1;2;1;90;2;;1;15;2;;2;;2;;2;;2;;2;;2;;2;;76;12;76;1425.2781216
6062346;1;3;1;90;2;;1;6;2;;2;;2;;2;;2;;2;;2;;2;;76;12;76;1425.2781216
6062352;1;1;1;90;2;;1;7;2;;2;;2;;2;;2;;2;;2;;2;;76;12;76;1119.054514
6062352;1;2;1;90;2;;1;18;1;9;2;;2;;2;;2;;2;;2;;1;5;76;12;76;1119.054514
6062352;1;3;1;90;2;;1;6;2;;2;;2;;2;;2;;2;;2;;2;;76;12;76;1119.054514
6062353;1;1;1;90;2;;1;2;2;;2;;2;;2;;2;;2;;2;;2;;76;12;76;1537.1384087
6062353;1;2;1;90;2;;1;4;2;;2;;2;;2;;2;;2;;2;;2;;76;12;76;1537.1384087
6062354;1;1;1;90;2;;1;28;2;;2;;2;;2;;2;;2;;2;;2;;76;12;76;1026.8107195
6062354;1;2;1;90;2;;2;;2;;2;;2;;2;;2;;2;;2;;2;;76;12;76;1026.8107195
6062354;1;3;1;90;2;;2;;2;;2;;2;;2;;2;;2;;2;;2;;76;12;76;1026.8107195
6062355;1;1;1;90;2;;1;2;2;;2;;2;;2;;2;;2;;2;;2;;76;12;76;1588.9042371
6062355;1;2;1;90;2;;1;22;2;;2;;2;;2;;2;;2;;2;;2;;76;12;76;1588.9042371
6062355;1;3;1;90;2;;2;;2;;2;;2;;2;;2;;2;;2;;2;;76;12;76;1588.9042371
6062355;1;4;1;90;2;;2;;1;7;2;;2;;2;;2;;2;;2;;2;;76;12;76;1588.9042371
6062355;1;5;1;90;2;;2;;2;;2;;2;;2;;2;;2;;2;;2;;76;12;76;1588.9042371
6062356;1;1;1;90;2;;1;16;2;;2;;2;;2;;2;;2;;2;;2;;76;12;76;1422.3368018
6062356;1;2;1;90;2;;1;15;2;;2;;2;;2;;2;;2;;2;;2;;76;12;76;1422.3368018
6062359;1;1;1;90;2;;1;10;2;;1;15;2;;2;;2;;2;;2;;2;;76;12;76;1620.4222412
6062359;1;2;1;90;2;;1;12;2;;1;20;2;;2;;2;;2;;2;;2;;76;12;76;1620.4222412
6062360;1;1;1;90;2;;1;2;2;;1;5;2;;2;;2;;2;;2;;2;;76;12;76;1620.4222412
6062360;1;2;1;90;2;;1;18;2;;2;;2;;2;;2;;2;;2;;2;;76;12;76;1620.4222412
6062361;1;1;1;90;2;;2;;2;;2;;2;;2;;2;;2;;2;;2;;76;12;76;1119.054514
6062361;1;2;1;90;2;;1;15;2;;2;;2;;2;;2;;2;;2;;2;;76;12;76;1119.054514
6062361;1;3;1;90;2;;1;16;2;;2;;2;;2;;2;;2;;2;;2;;76;12;76;1119.054514
6062362;1;1;1;90;2;;2;;2;;2;;2;;2;;2;;2;;2;;2;;76;12;76;776.38189687
6062362;1;2;1;90;2;;2;;2;;2;;2;;2;;2;;2;;2;;2;;76;12;76;776.38189687
6062362;1;3;1;90;2;;1;14;2;;2;;2;;2;;2;;2;;2;;2;;76;12;76;776.38189687
6062363;1;1;1;90;2;;1;14;2;;2;;2;;2;;2;;2;;2;;2;;76;12;76;1017.5898122
6062364;1;1;1;90;2;;1;7;2;;2;;2;;2;;2;;2;;2;;2;;76;12;76;1330.0930073
6062364;1;2;1;90;2;;2;;2;;2;;2;;2;;2;;2;;2;;2;;76;12;76;1330.0930073
6062365;1;1;1;90;2;;1;10;2;;2;;2;;2;;2;;2;;2;;2;;76;12;76;1256.7501622
6062366;1;1;1;90;2;;1;24;2;;1;12;2;;2;;2;;2;;2;;2;;76;12;76;1097.9320953
6062366;1;2;1;90;2;;1;10;2;;1;5;2;;2;;2;;2;;2;;2;;76;12;76;1097.9320953
6062366;1;3;1;90;2;;1;15;2;;1;20;2;;2;;2;;2;;2;;2;;76;12;76;1097.9320953
6062367;1;1;1;90;2;;2;;2;;2;;2;;2;;2;;2;;2;;2;;76;12;76;1830.1121525
6062367;1;2;1;90;2;;1;7;2;;1;7;2;;2;;2;;2;;2;;2;;76;12;76;1830.1121525
6062367;1;3;1;90;2;;2;;2;;2;;2;;2;;2;;2;;2;;2;;76;12;76;1830.1121525
6062368;1;1;1;90;2;;2;;2;;1;20;2;;2;;2;;2;;2;;2;;76;12;76;2025.256272
6062368;1;2;1;90;2;;1;30;2;;1;15;2;;2;;2;;2;;2;;2;;76;12;76;2025.256272
6062369;1;1;1;90;2;;1;18;2;;2;;2;;2;;2;;2;;2;;2;;76;12;76;1120.403096
6062370;1;1;1;90;2;;1;15;2;;2;;2;;2;;2;;2;;2;;2;;76;12;76;1310.7733246
6062370;1;2;1;90;2;;1;6;2;;2;;2;;2;;2;;2;;2;;2;;76;12;76;1310.7733246
6062370;1;3;1;90;2;;1;7;2;;2;;2;;2;;2;;2;;2;;2;;76;12;76;1310.7733246
6062371;1;1;1;90;2;;1;14;1;14;2;;2;;2;;2;;2;;2;;2;;76;12;76;1139.9669345
6062371;1;2;1;90;2;;1;7;2;;2;;2;;2;;2;;2;;2;;2;;76;12;76;1139.9669345
6062371;1;3;1;90;2;;1;2;2;;2;;2;;2;;2;;2;;2;;2;;76;12;76;1139.9669345
6062371;1;4;1;90;2;;1;1;2;;2;;2;;2;;2;;2;;2;;2;;76;12;76;1139.9669345
6062371;1;5;1;90;2;;1;14;2;;2;;2;;2;;2;;2;;2;;2;;76;12;76;1139.9669345
6062372;1;1;1;90;2;;1;6;1;12;2;;2;;2;;2;;2;;2;;2;;76;12;76;1017.5898122
6062373;1;1;1;90;2;;1;2;2;;2;;2;;2;;2;;2;;2;;2;;76;12;76;1119.054514
6062373;1;2;1;90;2;;1;32;2;;2;;2;;2;;2;;2;;2;;2;;76;12;76;1119.054514
6062373;1;3;1;90;2;;1;14;2;;2;;2;;2;;2;;2;;2;;2;;76;12;76;1119.054514
6062374;1;1;1;90;2;;1;2;2;;2;;2;;2;;2;;2;;2;;2;;76;12;76;868.62569141
6062374;1;2;1;90;2;;1;27;2;;2;;2;;2;;2;;2;;2;;2;;76;12;76;868.62569141
6062374;1;3;1;90;2;;1;3;2;;2;;2;;2;;2;;2;;2;;2;;76;12;76;868.62569141
6062376;1;1;1;90;2;;1;7;2;;2;;2;;2;;2;;2;;2;;2;;76;12;76;1256.7501622
6062377;1;1;1;90;2;;1;60;2;;2;;2;;2;;2;;2;;2;;2;;76;12;76;1215.5882103
6062377;1;2;1;90;2;;1;8;2;;2;;2;;2;;2;;2;;2;;2;;76;12;76;1215.5882103
6062378;1;1;1;90;2;;1;14;2;;2;;2;;2;;2;;2;;2;;2;;76;12;76;1227.2797235
6062378;1;2;1;90;2;;1;24;2;;2;;2;;2;;2;;2;;2;;2;;76;12;76;1227.2797235
6062383;1;1;1;90;2;;2;;2;;2;;2;;2;;2;;2;;2;;2;;76;12;76;1067.9726714
6062383;1;2;1;90;2;;1;7;2;;2;;2;;2;;2;;2;;2;;2;;76;12;76;1067.9726714
6062384;1;1;1;90;2;;2;;2;;2;;2;;2;;2;;2;;2;;2;;76;12;76;965.15938767
6062384;1;2;1;90;2;;2;;2;;2;;2;;2;;2;;2;;2;;2;;76;12;76;965.15938767
6062385;1;1;1;90;2;;2;;1;4;2;;2;;2;;2;;2;;2;;2;;76;12;76;1067.9726714
6062385;1;2;1;90;2;;1;30;2;;1;28;2;;2;;2;;2;;2;;2;;76;12;76;1067.9726714
6062386;1;1;1;90;2;;2;;2;;2;;2;;2;;2;;2;;2;;2;;76;12;76;965.15938767
6062386;1;2;1;90;2;;1;21;2;;2;;2;;2;;2;;2;;2;;2;;76;12;76;965.15938767
6062387;1;1;1;90;2;;1;5;2;;2;;2;;2;;2;;2;;2;;2;;76;12;76;1120.403096
6062388;1;1;1;90;2;;1;2;2;;1;14;2;;2;;2;;2;;2;;2;;76;12;76;1404.3657011
6062389;1;1;1;90;2;;1;28;2;;1;14;2;;2;;1;4;2;;2;;2;;76;12;76;1555.1095094
6062389;1;2;1;90;2;;1;2;2;;2;;2;;2;;2;;2;;2;;2;;76;12;76;1555.1095094
6062389;1;4;1;90;2;;1;7;2;;2;;2;;2;;2;;2;;2;;2;;76;12;76;1555.1095094
6062390;1;1;1;90;2;;2;;2;;2;;2;;2;;2;;2;;2;;2;;76;12;76;916.36926625
6062390;1;2;1;90;2;;1;18;2;;2;;1;20;2;;2;;2;;2;;2;;76;12;76;916.36926625
6062390;1;3;1;90;2;;1;6;2;;2;;2;;2;;2;;2;;2;;2;;76;12;76;916.36926625
6062390;1;4;1;90;2;;2;;2;;2;;1;10;2;;2;;2;;2;;2;;76;12;76;916.36926625
6062391;1;1;1;90;2;;1;4;2;;2;;2;;2;;2;;2;;2;;2;;76;12;76;1425.2781216
6062391;1;2;1;90;2;;1;16;2;;2;;2;;2;;2;;2;;2;;2;;76;12;76;1425.2781216
6062391;1;3;1;90;2;;1;10;2;;2;;2;;2;;2;;2;;2;;2;;76;12;76;1425.2781216
6062393;1;1;1;90;2;;1;2;2;;1;15;2;;2;;2;;2;;2;;2;;76;12;76;1441.9532944
6062394;1;1;1;90;2;;1;3;2;;1;1;2;;2;;1;1;2;;2;;2;;76;12;76;1120.403096
6062396;1;1;1;90;2;;2;;2;;2;;2;;2;;2;;2;;2;;2;;76;12;76;1404.3657011
6062397;1;1;1;90;2;;1;18;2;;2;;2;;2;;2;;2;;2;;2;;76;12;76;931.62560519
6062397;1;2;1;90;2;;1;9;2;;2;;2;;2;;2;;2;;2;;2;;76;12;76;931.62560519
6062398;1;1;1;90;2;;1;12;2;;2;;2;;2;;2;;2;;2;;2;;76;12;76;1425.2781216
6062398;1;2;1;90;2;;2;;2;;2;;2;;2;;2;;2;;2;;2;;76;12;76;1425.2781216
6062398;1;3;1;90;2;;1;14;2;;2;;2;;2;;2;;2;;2;;2;;76;12;76;1425.2781216
6062401;1;1;1;90;2;;1;20;2;;2;;2;;2;;2;;2;;2;;2;;76;12;76;1425.2781216
6062401;1;2;1;90;2;;1;10;2;;2;;2;;2;;2;;2;;2;;2;;76;12;76;1425.2781216
6062401;1;3;1;90;2;;1;8;2;;2;;2;;2;;2;;2;;2;;2;;76;12;76;1425.2781216
6062630;1;1;1;90;2;;1;3;2;;1;2;2;;2;;2;;2;;2;;2;;05;12;05;1354.3373826
6062630;1;3;1;90;2;;1;5;1;2;1;2;2;;2;;2;;2;;2;;2;;05;12;05;1354.3373826
6062632;1;1;1;90;2;;1;2;2;;2;;2;;2;;2;;2;;2;;2;;08;12;08;601.96385799
6062632;1;2;1;90;2;;1;21;2;;1;20;2;;2;;2;;2;;2;;2;;08;12;08;601.96385799
6062632;1;3;1;90;2;;1;3;2;;2;;2;;2;;2;;2;;2;;2;;08;12;08;601.96385799
6062632;1;4;1;90;2;;1;2;2;;2;;2;;2;;2;;2;;2;;2;;08;12;08;601.96385799
6062633;1;1;1;90;2;;1;21;2;;1;24;2;;2;;2;;2;;2;;2;;08;12;08;572.54153645
6062633;1;2;1;90;2;;1;2;2;;2;;2;;2;;2;;2;;2;;2;;08;12;08;572.54153645
6062634;1;1;1;90;2;;1;21;2;;2;;1;21;2;;2;;2;;2;;2;;13;12;13;420.30084205
6062634;1;2;1;90;2;;2;;2;;2;;2;;2;;2;;2;;2;;2;;13;12;13;420.30084205
6062635;1;1;1;90;2;;1;6;2;;2;;2;;2;;2;;2;;2;;2;;13;12;13;429.57669592
6062635;1;2;1;90;2;;1;24;2;;1;20;2;;2;;2;;2;;2;;2;;13;12;13;429.57669592
6062635;1;3;1;90;2;;1;8;2;;2;;2;;2;;2;;2;;2;;2;;13;12;13;429.57669592
6062744;1;1;1;90;2;;1;2;2;;2;;2;;2;;2;;2;;2;;2;;50;12;50;364.09156698
6062744;1;2;1;90;2;;1;4;2;;2;;2;;2;;2;;2;;2;;2;;50;12;50;364.09156698
6062746;1;1;1;90;2;;1;35;2;;2;;2;;1;6;2;;2;;2;;2;;73;12;73;212.61579781
6062747;1;1;1;90;2;;1;21;2;;2;;1;8;2;;2;;2;;2;;2;;73;12;73;529.4029848
6062747;1;2;1;90;2;;1;10;2;;2;;2;;2;;2;;2;;2;;2;;73;12;73;529.4029848
6062747;1;3;1;90;2;;1;14;2;;2;;2;;2;;2;;2;;2;;2;;73;12;73;529.4029848
6062748;1;1;1;90;2;;1;21;2;;2;;2;;2;;2;;2;;2;;2;;73;12;73;441.97221562
6062748;1;2;1;90;2;;1;12;2;;2;;2;;2;;2;;2;;2;;2;;73;12;73;441.97221562
6062751;1;1;1;90;2;;1;3;2;;1;1;2;;2;;2;;2;;2;;2;;76;12;76;1558.0508292
6062751;1;2;1;90;2;;1;40;2;;1;18;2;;2;;2;;2;;2;;2;;76;12;76;1558.0508292
6062751;1;3;1;90;2;;1;15;2;;1;14;2;;2;;2;;2;;2;;2;;76;12;76;1558.0508292
6062751;1;5;1;90;2;;1;2;2;;2;;2;;2;;2;;2;;2;;2;;76;12;76;1558.0508292
6062752;1;1;1;90;2;;1;4;2;;2;;2;;2;;2;;2;;2;;2;;76;12;76;965.15938767
6062752;1;2;1;90;2;;1;15;2;;2;;2;;2;;2;;2;;2;;2;;76;12;76;965.15938767
6062753;1;1;1;90;2;;1;30;2;;1;28;2;;2;;2;;2;;2;;2;;76;12;76;673.56861309
6062753;1;2;1;90;2;;1;8;2;;2;;2;;2;;2;;2;;2;;2;;76;12;76;673.56861309
6062753;1;3;1;90;2;;2;;2;;2;;2;;2;;2;;2;;2;;2;;76;12;76;673.56861309
6062756;1;1;1;90;2;;1;7;2;;2;;2;;2;;2;;2;;2;;2;;76;12;76;965.15938767
6062756;1;2;1;90;2;;1;21;2;;2;;2;;2;;2;;2;;2;;2;;76;12;76;965.15938767
6062760;1;1;1;90;2;;1;14;2;;2;;2;;2;;2;;2;;2;;2;;76;12;76;1120.403096
6062877;1;1;1;90;2;;1;2;2;;2;;2;;2;;2;;2;;2;;2;;11;12;11;4244.9004562
6062877;1;2;1;90;2;;1;15;2;;2;;2;;2;;2;;2;;2;;2;;11;12;11;4244.9004562
6062877;1;3;1;90;2;;1;2;2;;2;;2;;2;;2;;2;;2;;2;;11;12;11;4244.9004562
6062878;1;1;1;90;2;;1;2;2;;2;;2;;2;;2;;2;;2;;2;;11;12;11;4578.5423286
6062878;1;2;1;90;2;;1;24;2;;2;;2;;2;;2;;2;;2;;2;;11;12;11;4578.5423286
6062884;1;1;1;90;2;;1;2;2;;2;;2;;2;;2;;2;;2;;2;;11;12;11;4116.2848477
6062884;1;2;1;90;2;;1;10;2;;2;;2;;2;;2;;2;;2;;2;;11;12;11;4116.2848477
6062884;1;3;1;90;2;;1;1;2;;2;;2;;2;;2;;2;;2;;2;;11;12;11;4116.2848477
6062885;1;1;1;90;2;;1;10;2;;1;14;2;;2;;2;;2;;2;;2;;11;12;11;4090.0598287
6062885;1;2;1;90;2;;1;5;2;;2;;2;;2;;2;;2;;2;;2;;11;12;11;4090.0598287
6062885;1;3;1;90;2;;1;10;2;;2;;2;;2;;2;;2;;2;;2;;11;12;11;4090.0598287
6062885;1;5;1;90;2;;1;30;2;;1;10;2;;2;;2;;2;;2;;2;;11;12;11;4090.0598287
6062886;1;1;1;90;2;;1;10;2;;2;;2;;2;;2;;2;;2;;2;;11;12;11;4452.8707902
6062886;1;3;1;90;2;;2;;2;;2;;2;;2;;2;;2;;2;;2;;11;12;11;4452.8707902
6062888;1;1;1;90;2;;1;6;2;;2;;2;;2;;2;;2;;2;;2;;11;12;11;3996.4455073
6062889;1;1;1;90;2;;1;7;2;;2;;2;;2;;2;;2;;2;;2;;11;12;11;2008.3554247
6062889;1;2;1;90;2;;1;35;2;;2;;2;;2;;2;;2;;2;;2;;11;12;11;2008.3554247
6062889;1;3;1;90;2;;1;15;2;;2;;2;;2;;2;;2;;2;;2;;11;12;11;2008.3554247
6062889;1;4;1;90;2;;1;10;2;;2;;2;;2;;2;;2;;2;;2;;11;12;11;2008.3554247
6062889;1;5;1;90;2;;1;7;2;;2;;2;;2;;2;;2;;2;;2;;11;12;11;2008.3554247
6062889;1;6;1;90;2;;1;40;2;;2;;2;;2;;2;;2;;2;;2;;11;12;11;2008.3554247
6062892;1;1;1;90;2;;1;5;2;;2;;2;;2;;2;;2;;2;;2;;11;12;11;4590.0602606
6062892;1;2;1;90;2;;1;12;2;;2;;2;;2;;2;;2;;2;;2;;11;12;11;4590.0602606
6062892;1;3;1;90;2;;1;4;2;;2;;2;;2;;2;;2;;2;;2;;11;12;11;4590.0602606
6062894;1;1;1;90;2;;1;20;2;;1;20;2;;2;;2;;2;;2;;2;;13;12;13;469.17634697
6062894;1;3;1;90;2;;1;10;2;;2;;2;;2;;2;;2;;2;;2;;13;12;13;469.17634697
6062955;1;1;1;90;2;;1;28;2;;2;;2;;2;;2;;2;;2;;2;;76;12;76;1537.1384087
6062955;1;2;1;90;2;;1;12;2;;2;;2;;2;;2;;2;;2;;2;;76;12;76;1537.1384087
6062956;1;1;1;90;2;;1;48;2;;1;10;2;;2;;2;;2;;2;;2;;76;12;76;732.91972901
6062956;1;2;1;90;2;;1;7;2;;2;;2;;2;;2;;2;;2;;2;;76;12;76;732.91972901
6062956;1;3;1;90;2;;2;;2;;2;;2;;2;;2;;2;;2;;2;;76;12;76;732.91972901
6062956;1;4;1;90;2;;1;5;2;;2;;2;;2;;2;;2;;2;;2;;76;12;76;732.91972901
6062956;1;5;1;90;2;;1;10;2;;2;;2;;2;;2;;2;;2;;2;;76;12;76;732.91972901
6062956;1;6;1;90;2;;1;10;2;;2;;2;;2;;2;;2;;2;;2;;76;12;76;732.91972901
6062956;1;7;1;90;2;;1;10;2;;2;;2;;2;;2;;2;;2;;2;;76;12;76;732.91972901
6062958;1;1;1;90;2;;1;8;2;;2;;2;;2;;2;;2;;2;;2;;76;12;76;1634.9680329
6062958;1;2;1;90;2;;1;21;2;;2;;2;;2;;2;;2;;2;;2;;76;12;76;1634.9680329
6062958;1;3;1;90;2;;1;3;2;;2;;2;;2;;2;;2;;2;;2;;76;12;76;1634.9680329
6062958;1;4;1;90;2;;1;3;2;;2;;2;;2;;2;;2;;2;;2;;76;12;76;1634.9680329
6062959;1;1;1;90;2;;1;28;2;;2;;2;;2;;2;;2;;2;;2;;76;12;76;828.81232141
6062959;1;2;1;90;2;;1;4;2;;2;;2;;2;;2;;2;;2;;2;;76;12;76;828.81232141
6062991;1;1;1;90;2;;1;10;2;;1;5;2;;2;;2;;2;;2;;2;;11;12;11;5904.0772398
6062991;1;2;1;90;2;;1;15;2;;1;15;2;;2;;2;;2;;2;;2;;11;12;11;5904.0772398
6062992;1;1;1;90;2;;2;;2;;1;5;2;;2;;2;;2;;2;;2;;23;12;23;257.67438673
6062992;1;2;1;90;2;;1;20;2;;1;16;2;;2;;2;;2;;2;;2;;23;12;23;257.67438673
6062993;1;1;1;90;2;;1;22;2;;1;14;2;;2;;2;;2;;2;;2;;23;12;23;208.38836768
6062993;1;2;1;90;2;;2;;2;;1;7;2;;2;;2;;2;;2;;2;;23;12;23;208.38836768
6062993;1;3;1;90;2;;2;;2;;2;;2;;2;;2;;2;;2;;2;;23;12;23;208.38836768
6062994;1;1;1;90;2;;1;7;2;;2;;2;;2;;2;;2;;2;;2;;23;12;23;266.78332659
6062994;1;2;1;90;2;;1;34;2;;2;;2;;2;;2;;2;;2;;2;;23;12;23;266.78332659
6062995;1;1;1;90;2;;2;;2;;2;;2;;2;;2;;2;;2;;2;;23;12;23;167.23836939
6062995;1;2;1;90;2;;1;34;2;;2;;2;;2;;2;;2;;2;;2;;23;12;23;167.23836939
6062995;1;3;1;90;2;;1;5;2;;2;;2;;2;;2;;2;;2;;2;;23;12;23;167.23836939
6062995;1;4;1;90;2;;1;7;2;;2;;2;;2;;2;;2;;2;;2;;23;12;23;167.23836939
6062995;1;5;1;90;2;;1;3;2;;2;;2;;2;;2;;2;;2;;2;;23;12;23;167.23836939
6062995;1;6;1;90;2;;2;;2;;2;;2;;2;;2;;2;;2;;2;;23;12;23;167.23836939
